method,missed_branch,covered_branch,total_branch
org.jfree.data.statistics.HistogramType.<init>,0,0,0
org.jfree.chart.axis.LogAxis.refreshTicksHorizontal,13,5,18
org.jfree.chart.renderer.category.AbstractCategoryItemRenderer.addItemEntity,3,3,6
org.jfree.data.xml.PieDatasetHandler.startElement,6,0,6
org.jfree.data.function.NormalDistributionFunction2D.equals,2,4,6
org.jfree.chart.renderer.xy.XYSplineRenderer.getFillType,0,0,0
org.jfree.chart.plot.dial.AbstractDialLayer.<init>,0,0,0
org.jfree.chart.renderer.category.BarRenderer.setMaximumBarWidth,0,0,0
org.jfree.chart.event.ChartProgressEvent.setChart,0,0,0
org.jfree.chart.annotations.XYPointerAnnotation.setTipRadius,0,0,0
org.jfree.data.gantt.TaskSeriesCollection.getEndValue,1,7,8
org.jfree.chart.renderer.category.AbstractCategoryItemRenderer.updateCrosshairValues,2,2,4
org.jfree.chart.axis.LogarithmicAxis.valueToJava2D,4,2,6
org.jfree.chart.renderer.xy.XYErrorRenderer.drawItem,22,0,22
org.jfree.data.general.Series.clone,0,0,0
org.jfree.chart.block.RectangleConstraint.toUnconstrainedWidth,1,1,2
org.jfree.chart.plot.ThermometerPlot.draw,32,0,32
org.jfree.chart.StandardChartTheme.getDrawingSupplier,1,1,2
org.jfree.chart.StandardChartTheme.applyToAbstractRenderer,2,2,4
org.jfree.chart.date.SpreadsheetDate.equals,2,2,4
org.jfree.data.time.ohlc.OHLCSeries.getPeriod,0,0,0
org.jfree.chart.date.SerialDate.createInstance,0,0,0
org.jfree.chart.plot.CombinedRangeXYPlot.handleClick,4,0,4
org.jfree.chart.MouseWheelHandler.setZoomFactor,0,0,0
org.jfree.chart.plot.WaferMapPlot.getLegendItems,0,0,0
org.jfree.data.general.DatasetUtils.findMinimumRangeValue,17,9,26
org.jfree.chart.block.LabelBlock.setURLText,0,0,0
org.jfree.chart.plot.dial.StandardDialScale.getStartAngle,0,0,0
org.jfree.chart.axis.ValueAxis.setRangeWithMargins,0,0,0
org.jfree.data.ComparableObjectSeries.updateByIndex,0,0,0
org.jfree.chart.plot.Marker.getLabelOffsetType,0,0,0
org.jfree.data.time.DynamicTimeSeriesCollection.getOldestTime,0,0,0
org.jfree.chart.ui.FontChooserPanel.getSelectedName,0,0,0
org.jfree.chart.labels.IntervalCategoryToolTipGenerator.<init>,0,0,0
org.jfree.chart.labels.BoxAndWhiskerXYToolTipGenerator.equals,2,2,4
org.jfree.chart.encoders.SunJPEGEncoderAdapter.setEncodingAlpha,0,0,0
org.jfree.chart.renderer.category.BarRenderer.setDrawBarOutline,0,0,0
org.jfree.chart.ui.PaintSample.setPaint,0,0,0
org.jfree.data.time.TimePeriodValues.<init>,0,0,0
org.jfree.chart.plot.XYPlot.getIndexOf,1,3,4
org.jfree.chart.plot.SeriesRenderingOrder.<clinit>,0,0,0
org.jfree.chart.renderer.category.CategoryStepRenderer.drawLine,4,0,4
org.jfree.data.resources.DataPackageResources_fr.<init>,0,0,0
org.jfree.data.resources.DataPackageResources_ru.<clinit>,0,0,0
org.jfree.data.time.TimePeriodValue.setValue,0,0,0
org.jfree.data.xy.XYItemKey.getItemIndex,0,0,0
org.jfree.chart.title.LegendItemBlockContainer.getURLText,0,0,0
org.jfree.chart.renderer.xy.XYStepAreaRenderer.setShapesVisible,0,0,0
org.jfree.data.general.DatasetUtils.sampleFunction2D,0,0,0
org.jfree.chart.plot.CategoryPlot.zoom,2,0,2
org.jfree.chart.encoders.EncoderUtil.<init>,0,0,0
org.jfree.chart.axis.StandardTickUnitSource.<init>,0,0,0
org.jfree.data.time.TimeSeriesTableModel.isCellEditable,6,0,6
org.jfree.chart.renderer.xy.CyclicXYItemRenderer$OverwriteDataSet.removeChangeListener,0,0,0
org.jfree.data.category.DefaultIntervalCategoryDataset.getRowKeys,1,1,2
org.jfree.data.general.AbstractDataset.hasListener,0,0,0
org.jfree.chart.ChartRenderingInfo.clone,2,2,4
org.jfree.chart.renderer.category.GanttRenderer.setStartPercent,0,0,0
org.jfree.chart.renderer.xy.CyclicXYItemRenderer$OverwriteDataSet.addChangeListener,0,0,0
org.jfree.chart.plot.dial.DialPointer$Pointer.<init>,0,0,0
org.jfree.chart.labels.IntervalXYItemLabelGenerator.generateLabel,0,0,0
org.jfree.data.xml.PieDatasetHandler.endElement,2,0,2
org.jfree.chart.plot.CombinedDomainXYPlot.getPlotType,0,0,0
org.jfree.chart.title.LegendGraphic.setLineVisible,0,0,0
org.jfree.data.xy.XYBarDataset.getX,0,0,0
org.jfree.chart.editor.DefaultPolarPlotEditor.createPlotTabs,0,0,0
org.jfree.chart.labels.StandardXYItemLabelGenerator.<init>,0,0,0
org.jfree.chart.axis.DateAxis.java2DToValue,1,5,6
org.jfree.data.xy.XYDatasetTableModel.<init>,0,0,0
org.jfree.data.xml.ItemHandler.<init>,0,0,0
org.jfree.chart.plot.dial.StandardDialScale.getMinorTickCount,0,0,0
org.jfree.chart.plot.ValueMarker.<init>,0,0,0
org.jfree.data.time.TimePeriodValues.delete,0,2,2
org.jfree.chart.renderer.xy.VectorRenderer.<init>,0,0,0
org.jfree.data.time.RegularTimePeriod.getEnd,0,0,0
org.jfree.chart.renderer.OutlierList.setMultiple,0,0,0
org.jfree.chart.plot.CategoryPlot.setFixedRangeAxisSpace,0,2,2
org.jfree.chart.text.TextBox.getInteriorGap,0,0,0
org.jfree.chart.annotations.CategoryLineAnnotation.equals,2,14,16
org.jfree.chart.ChartPanel.setZoomAroundAnchor,0,0,0
org.jfree.chart.plot.dial.DialPointer.setRadius,0,0,0
org.jfree.data.xy.XYBarDataset.getY,0,0,0
org.jfree.chart.ui.HorizontalAlignment.<init>,0,0,0
org.jfree.chart.axis.DateAxis$DefaultTimeline.containsDomainValue,0,0,0
org.jfree.chart.renderer.xy.AbstractXYItemRenderer.annotationChanged,0,0,0
org.jfree.chart.renderer.category.GroupedStackedBarRenderer.equals,2,4,6
org.jfree.chart.renderer.xy.XYBoxAndWhiskerRenderer.drawVerticalItem,31,15,46
org.jfree.chart.ui.RectangleInsets.calculateTopInset,1,1,2
org.jfree.chart.plot.MultiplePiePlot.getPieChart,0,0,0
org.jfree.chart.axis.Axis.setMinorTickMarkInsideLength,0,0,0
org.jfree.chart.servlet.ServletUtilities.setTempFilePrefix,0,0,0
org.jfree.data.time.TimeSeriesDataItem.clone,0,0,0
org.jfree.data.time.Week.evaluateAsYear,0,0,0
org.jfree.chart.entity.PieSectionEntity.getSectionKey,0,0,0
org.jfree.chart.renderer.RendererState.getInfo,0,0,0
org.jfree.chart.renderer.xy.XYBlockRenderer.updateOffsets,13,5,18
org.jfree.chart.entity.XYItemEntity.setSeriesIndex,0,0,0
org.jfree.chart.axis.PeriodAxis.getMinorTickMarkInsideLength,0,0,0
org.jfree.chart.block.LabelBlock.readObject,0,0,0
org.jfree.chart.plot.dial.ArcDialFrame.draw,0,0,0
org.jfree.data.xy.XYSeries.update,0,2,2
org.jfree.chart.event.OverlayChangeEvent.<init>,0,0,0
org.jfree.chart.plot.dial.StandardDialScale.clone,0,0,0
org.jfree.chart.ui.RectangleEdge.toString,0,0,0
org.jfree.chart.plot.CrosshairState.getAnchorX,0,0,0
org.jfree.chart.axis.CategoryAxis.removeCategoryLabelURL,2,0,2
org.jfree.chart.plot.CrosshairState.getAnchorY,0,0,0
org.jfree.chart.text.TextBox.getShadowXOffset,0,0,0
org.jfree.chart.plot.PiePlot.getSimpleLabelOffset,0,0,0
org.jfree.chart.ChartPanel.createSVGGraphics2D,0,0,0
org.jfree.chart.axis.SymbolAxis.getGridBandAlternatePaint,0,0,0
org.jfree.data.xy.DefaultOHLCDataset.getVolume,0,0,0
org.jfree.chart.renderer.xy.StandardXYItemRenderer.getImageHotspot,0,0,0
org.jfree.chart.axis.CategoryAxis.getLowerMargin,0,0,0
org.jfree.chart.annotations.XYPointerAnnotation.setArrowPaint,0,0,0
org.jfree.chart.plot.XYPlot.setRangeGridlineStroke,0,0,0
org.jfree.data.time.ohlc.OHLCSeriesCollection.getSeriesCount,0,0,0
org.jfree.chart.plot.XYPlot.getFixedRangeAxisSpace,0,0,0
org.jfree.chart.text.TextUtils.getUseFontMetricsGetStringBounds,0,0,0
org.jfree.chart.needle.WindNeedle.drawNeedle,4,0,4
org.jfree.chart.plot.PolarPlot.getFixedLegendItems,0,0,0
org.jfree.chart.axis.DateAxis.setRange,3,3,6
org.jfree.chart.plot.CategoryPlot.setDatasetRenderingOrder,0,0,0
org.jfree.chart.axis.NumberAxis.<init>,0,0,0
org.jfree.chart.renderer.xy.XYErrorRenderer.setDrawXError,1,1,2
org.jfree.chart.annotations.TextAnnotation.getText,0,0,0
org.jfree.chart.plot.SpiderWebPlot.getBaseSeriesPaint,0,0,0
org.jfree.chart.ui.HorizontalAlignment.<clinit>,0,0,0
org.jfree.chart.renderer.AbstractRenderer.getDefaultOutlinePaint,0,0,0
org.jfree.data.gantt.SlidingGanttCategoryDataset.getFirstCategoryIndex,0,0,0
org.jfree.chart.plot.Plot.getBackgroundAlpha,0,0,0
org.jfree.chart.entity.AxisEntity.equals,12,0,12
org.jfree.data.time.FixedMillisecond.peg,0,0,0
org.jfree.chart.annotations.XYDataImageAnnotation.writeObject,0,0,0
org.jfree.chart.axis.LogAxis.calculateValueNoINF,2,2,4
org.jfree.data.category.SlidingCategoryDataset.getColumnKey,0,0,0
org.jfree.chart.ChartPanel.setZoomInFactor,0,0,0
org.jfree.data.xy.XYBarDataset.getStartXValue,0,0,0
org.jfree.chart.plot.FastScatterPlot.setDomainPannable,0,0,0
org.jfree.chart.util.RelativeDateFormat.parse,0,0,0
org.jfree.chart.renderer.category.MinMaxCategoryRenderer$2.paintIcon,2,2,4
org.jfree.chart.renderer.xy.StandardXYItemRenderer$State.setLastPointGood,0,0,0
org.jfree.chart.plot.dial.DialPointer.<init>,0,0,0
org.jfree.data.xy.MatrixSeries.getItemColumn,0,0,0
org.jfree.chart.ui.TextAnchor.isVerticalCenter,1,5,6
org.jfree.chart.imagemap.DynamicDriveToolTipTagFragmentGenerator.<init>,0,0,0
org.jfree.chart.plot.CombinedRangeCategoryPlot.getLegendItems,2,4,6
org.jfree.chart.renderer.category.BoxAndWhiskerRenderer.readObject,0,0,0
org.jfree.chart.editor.DefaultChartEditorFactory.createEditor,0,0,0
org.jfree.data.general.AbstractSeriesDataset.seriesChanged,0,0,0
org.jfree.chart.util.LogFormat.setExponentFormat,0,0,0
org.jfree.chart.ChartPanel.getPopupMenu,0,0,0
org.jfree.chart.title.Title.setPosition,1,1,2
org.jfree.data.general.DefaultPieDataset.sortByValues,0,0,0
org.jfree.chart.renderer.category.CategoryItemRendererState.getVisibleSeriesCount,1,1,2
org.jfree.data.gantt.TaskSeries.<init>,0,0,0
org.jfree.chart.renderer.xy.XYSplineRenderer.equals,2,8,10
org.jfree.data.xy.XYIntervalSeriesCollection.addSeries,0,0,0
org.jfree.data.xy.DefaultWindDataset.getWindDirection,0,0,0
org.jfree.chart.ChartFactory.createPieChart,88,4,92
org.jfree.chart.plot.PiePlot.getLegendItemShape,0,0,0
org.jfree.chart.renderer.RendererState.<init>,0,0,0
org.jfree.chart.editor.DefaultLogAxisEditor.actionPerformed,2,0,2
org.jfree.chart.plot.XYPlot.setDomainGridlinePaint,0,0,0
org.jfree.chart.labels.BubbleXYItemLabelGenerator.getZFormat,0,0,0
org.jfree.chart.plot.XYPlot.findRangeAxisIndex,0,4,4
org.jfree.chart.axis.TickUnit.hashCode,1,1,2
org.jfree.chart.axis.CategoryAnchor.equals,1,5,6
org.jfree.chart.renderer.category.BarRenderer.isDrawBarOutline,0,0,0
org.jfree.chart.plot.dial.DialTextAnnotation.setAngle,0,0,0
org.jfree.chart.renderer.xy.XYBubbleRenderer.equals,2,4,6
org.jfree.chart.axis.NumberAxis.java2DToValue,1,5,6
org.jfree.data.gantt.SlidingGanttCategoryDataset.<init>,0,0,0
org.jfree.chart.renderer.RendererState.getElementHinting,0,0,0
org.jfree.data.category.CategoryToPieDataset.getItemCount,1,5,6
org.jfree.chart.title.TextTitle.getTextAlignment,0,0,0
org.jfree.chart.plot.CombinedDomainXYPlot.isRangePannable,4,0,4
org.jfree.chart.title.LegendTitle.<init>,0,0,0
org.jfree.chart.renderer.category.AbstractCategoryItemRenderer.getDefaultItemLabelGenerator,0,0,0
org.jfree.chart.block.RectangleConstraint.getHeight,0,0,0
org.jfree.chart.plot.PolarPlot.setRadiusGridlinePaint,0,0,0
org.jfree.chart.entity.XYAnnotationEntity.setRendererIndex,0,0,0
org.jfree.chart.renderer.AreaRendererEndType.equals,1,5,6
org.jfree.data.xy.DefaultXYDataset.getXValue,0,0,0
org.jfree.chart.renderer.category.BoxAndWhiskerRenderer.setWhiskerWidth,6,0,6
org.jfree.chart.plot.XYPlot.getDomainMinorGridlineStroke,0,0,0
org.jfree.data.xy.DefaultTableXYDataset.getIntervalWidth,0,0,0
org.jfree.chart.renderer.category.CategoryItemRendererState.getSeriesRunningTotal,0,0,0
org.jfree.chart.renderer.AbstractRenderer.writeObject,0,0,0
org.jfree.chart.renderer.category.MinMaxCategoryRenderer.getMaxIcon,0,0,0
org.jfree.chart.axis.PeriodAxisLabelInfo.writeObject,0,0,0
org.jfree.chart.panel.CrosshairOverlay.paintOverlay,12,0,12
org.jfree.chart.plot.PieLabelDistributor.isOverlap,0,4,4
org.jfree.data.statistics.SimpleHistogramDataset.getStartXValue,0,0,0
org.jfree.data.time.TimeTableXYDataset.getXValue,6,0,6
org.jfree.chart.renderer.xy.HighLowRenderer.setOpenTickPaint,0,0,0
org.jfree.chart.labels.AbstractXYItemLabelGenerator.getYFormat,0,0,0
org.jfree.data.statistics.HistogramDataset.getEndY,0,0,0
org.jfree.chart.entity.XYItemEntity.setDataset,0,0,0
org.jfree.data.statistics.HistogramDataset.getEndX,0,0,0
org.jfree.data.xy.XIntervalSeriesCollection.getX,0,0,0
org.jfree.data.xy.XIntervalSeriesCollection.getY,0,0,0
org.jfree.chart.labels.CustomXYToolTipGenerator.equals,9,9,18
org.jfree.chart.axis.LogAxis.setTickUnit,2,2,4
org.jfree.chart.plot.Plot.getRectX,4,0,4
org.jfree.chart.plot.dial.DialTextAnnotation.getPaint,0,0,0
org.jfree.chart.plot.Plot.getRectY,4,0,4
org.jfree.data.xy.MatrixSeries.getRowCount,0,0,0
org.jfree.chart.renderer.AbstractRenderer.setDefaultLegendShape,0,0,0
org.jfree.chart.plot.FastScatterPlot.getRangeAxis,0,0,0
org.jfree.chart.axis.NumberAxis.setNumberFormatOverride,0,0,0
org.jfree.data.xy.XYDataItem.getXValue,0,0,0
org.jfree.chart.plot.Marker.getLabelTextAnchor,0,0,0
org.jfree.chart.renderer.xy.CyclicXYItemRenderer$OverwriteDataSet.getSeriesCount,0,0,0
org.jfree.chart.annotations.XYTextAnnotation.<clinit>,0,0,0
org.jfree.chart.block.AbstractBlock.<init>,0,0,0
org.jfree.chart.block.GridArrangement.clear,0,0,0
org.jfree.chart.LegendItem.getLabelPaint,0,0,0
org.jfree.chart.plot.dial.DialPlot.addPointer,0,0,0
org.jfree.chart.plot.dial.DialPointer.getRadius,0,0,0
org.jfree.chart.plot.dial.DialPointer.clone,0,0,0
org.jfree.chart.title.LegendGraphic.setLine,0,0,0
org.jfree.data.xy.VectorSeries.getXValue,0,0,0
org.jfree.chart.title.LegendTitle.setLegendItemGraphicEdge,0,0,0
org.jfree.chart.axis.ValueAxis.readObject,0,0,0
org.jfree.chart.plot.SpiderWebPlot.setBaseSeriesOutlinePaint,0,0,0
org.jfree.data.time.ohlc.OHLC.getLow,0,0,0
org.jfree.chart.labels.StandardXYToolTipGenerator.clone,0,0,0
org.jfree.chart.plot.dial.DialPlot.getPointerIndex,0,0,0
org.jfree.chart.plot.MeterPlot.getDrawBorder,0,0,0
org.jfree.chart.axis.CategoryAxis.clearCategoryLabelURLs,0,0,0
org.jfree.chart.axis.Tick.getAngle,0,0,0
org.jfree.chart.title.PaintScaleLegend.draw,28,0,28
org.jfree.chart.plot.FastScatterPlot.getOrientation,0,0,0
org.jfree.data.time.Week.getYearValue,0,0,0
org.jfree.chart.ui.TextAnchor.isBottom,4,2,6
org.jfree.chart.renderer.category.BarRenderer.getNegativeItemLabelPositionFallback,0,0,0
org.jfree.chart.ChartFactory.getChartTheme,0,0,0
org.jfree.chart.plot.FastScatterPlot.render,1,3,4
org.jfree.chart.JFreeChart.setElementHinting,0,0,0
org.jfree.chart.labels.StandardXYZToolTipGenerator.getZFormat,0,0,0
org.jfree.data.xy.MatrixSeriesCollection.removeSeries,6,0,6
org.jfree.chart.plot.CombinedDomainXYPlot.getLegendItems,2,4,6
org.jfree.chart.plot.PiePlot.setShadowYOffset,0,0,0
org.jfree.chart.plot.MeterInterval.getBackgroundPaint,0,0,0
org.jfree.chart.plot.CategoryPlot.getDomainAxisIndex,0,4,4
org.jfree.data.time.ohlc.OHLCSeriesCollection.getItemCount,0,0,0
org.jfree.chart.axis.AxisLocation.hashCode,0,0,0
org.jfree.chart.editor.DefaultNumberAxisEditor.<init>,0,0,0
org.jfree.data.time.Day.compareTo,3,1,4
org.jfree.chart.entity.JFreeChartEntity.writeObject,0,0,0
org.jfree.chart.axis.ExtendedCategoryAxis.writeObject,0,0,0
org.jfree.data.xy.XYCoordinate.<init>,0,0,0
org.jfree.chart.plot.XYPlot.removeRangeMarker,6,2,8
org.jfree.chart.axis.TickUnit.<init>,0,0,0
org.jfree.chart.axis.PeriodAxisLabelInfo.readObject,0,0,0
org.jfree.chart.axis.ValueAxis.clone,0,0,0
org.jfree.data.xy.MatrixSeriesCollection.getSeries,4,0,4
org.jfree.data.time.DynamicTimeSeriesCollection.setTimeBase,4,0,4
org.jfree.chart.ui.TextAnchor.isHorizontalCenter,2,8,10
org.jfree.chart.entity.PieSectionEntity.toString,0,0,0
org.jfree.chart.editor.DefaultChartEditor.actionPerformed,2,0,2
org.jfree.chart.entity.ChartEntity.getToolTipText,0,0,0
org.jfree.chart.axis.ValueAxis.setLowerMargin,1,1,2
org.jfree.chart.plot.Plot.getNoDataMessageFont,0,0,0
org.jfree.chart.axis.CategoryAxis.setMaximumCategoryLabelLines,0,0,0
org.jfree.chart.plot.CombinedDomainXYPlot.panRangeAxes,10,0,10
org.jfree.data.general.DefaultPieDataset.equals,6,10,16
org.jfree.data.gantt.XYTaskDataset.getStartX,0,0,0
org.jfree.data.gantt.XYTaskDataset.getStartY,0,0,0
org.jfree.chart.util.ShapeList.setShape,0,0,0
org.jfree.data.general.WaferMapDataset.getChipSpace,0,0,0
org.jfree.data.xy.AbstractXYDataset.getDomainOrder,0,0,0
org.jfree.chart.urls.StandardCategoryURLGenerator.generateURL,2,2,4
org.jfree.chart.LegendItem.setLinePaint,0,0,0
org.jfree.data.gantt.TaskSeries.getItemCount,0,0,0
org.jfree.data.time.Month.<init>,4,4,8
org.jfree.data.time.TimeSeriesTableModel.seriesChanged,0,0,0
org.jfree.chart.HashUtils.<init>,0,0,0
org.jfree.data.ComparableObjectItem.clone,0,0,0
org.jfree.data.DefaultKeyedValue.toString,0,0,0
org.jfree.chart.renderer.xy.AbstractXYItemRenderer.setLegendItemLabelGenerator,0,0,0
org.jfree.data.jdbc.JDBCXYDataset.close,0,0,0
org.jfree.chart.util.ShapeList.getShape,0,0,0
org.jfree.chart.renderer.AbstractRenderer.setSeriesItemLabelFont,1,1,2
org.jfree.chart.util.DefaultShadowGenerator.calculateOffsetY,0,0,0
org.jfree.chart.renderer.category.AbstractCategoryItemRenderer.getDrawingSupplier,1,1,2
org.jfree.chart.util.DefaultShadowGenerator.calculateOffsetX,0,0,0
org.jfree.chart.plot.Plot.fetchElementHintingFlag,1,3,4
org.jfree.data.time.Quarter.peg,0,0,0
org.jfree.data.ComparableObjectSeries.indexOf,0,6,6
org.jfree.chart.title.LegendTitle.setLegendItemGraphicPadding,0,0,0
org.jfree.chart.plot.ThermometerPlot.getFollowDataInSubranges,0,0,0
org.jfree.data.Range.min,1,3,4
org.jfree.chart.annotations.XYPolygonAnnotation.getOutlinePaint,0,0,0
org.jfree.data.xml.CategorySeriesHandler.startElement,4,0,4
org.jfree.chart.plot.dial.DialTextAnnotation.setPaint,0,0,0
org.jfree.chart.labels.StandardCategorySeriesLabelGenerator.clone,0,0,0
org.jfree.chart.renderer.xy.XYBoxAndWhiskerRenderer.equals,3,11,14
org.jfree.chart.urls.CustomXYURLGenerator.getListCount,0,0,0
org.jfree.chart.renderer.xy.ClusteredXYBarRenderer.clone,0,0,0
org.jfree.data.statistics.HistogramDataset.getX,0,0,0
org.jfree.chart.plot.PlotRenderingInfo.clone,3,3,6
org.jfree.chart.plot.PlotRenderingInfo.getDataArea,0,0,0
org.jfree.chart.servlet.ServletUtilities.saveChartAsJPEG,4,0,4
org.jfree.data.time.TimeSeriesDataItem.<init>,0,0,0
org.jfree.chart.axis.MonthDateFormat.<init>,1,3,4
org.jfree.data.statistics.HistogramDataset.getY,5,1,6
org.jfree.data.general.Series.removeChangeListener,0,0,0
org.jfree.data.xml.CategoryDatasetHandler.<init>,0,0,0
org.jfree.data.statistics.DefaultBoxAndWhiskerXYDataset.getItem,0,0,0
org.jfree.chart.renderer.xy.XYLineAndShapeRenderer.getUseFillPaint,0,0,0
org.jfree.data.time.DynamicTimeSeriesCollection.<init>,10,0,10
org.jfree.chart.plot.CombinedDomainXYPlot.calculateAxisSpace,10,10,20
org.jfree.chart.plot.PolarPlot.getOrientation,0,0,0
org.jfree.chart.editor.DefaultPlotEditor.getBackgroundPaint,0,0,0
org.jfree.chart.labels.MultipleXYSeriesLabelGenerator.clearSeriesLabels,0,0,0
org.jfree.chart.axis.NumberTickUnit.equals,1,7,8
org.jfree.chart.renderer.xy.CandlestickRenderer.setAutoWidthMethod,1,1,2
org.jfree.chart.plot.PolarPlot.readObject,3,9,12
org.jfree.data.time.TimePeriodValues.getMaxEndIndex,0,0,0
org.jfree.chart.annotations.CategoryPointerAnnotation.setTipRadius,0,0,0
org.jfree.chart.plot.Crosshair.getLabelXOffset,0,0,0
org.jfree.chart.imagemap.ImageMapUtils.writeImageMap,2,0,2
org.jfree.chart.annotations.CategoryPointerAnnotation.draw,2,0,2
org.jfree.chart.renderer.AbstractRenderer.getItemVisible,0,0,0
org.jfree.chart.axis.PeriodAxis.setLast,0,0,0
org.jfree.chart.renderer.xy.StackedXYAreaRenderer$StackedXYAreaRendererState.getCurrentSeriesPoints,0,0,0
org.jfree.chart.date.SerialDate.stringToMonthCode,3,7,10
org.jfree.data.gantt.XYTaskDataset.getItemEndValue,0,0,0
org.jfree.chart.plot.dial.DialPlot.getViewY,0,0,0
org.jfree.chart.plot.MeterInterval.getOutlineStroke,0,0,0
org.jfree.chart.StandardChartTheme.getSubtitlePaint,0,0,0
org.jfree.chart.plot.dial.DialPlot.getViewX,0,0,0
org.jfree.chart.plot.PlotOrientation.equals,1,5,6
org.jfree.chart.axis.CyclicNumberAxis$CycleBoundTick.<init>,0,0,0
org.jfree.chart.plot.dial.StandardDialScale.getLowerBound,0,0,0
org.jfree.data.DataUtils.getCumulativePercentages,8,0,8
org.jfree.chart.ui.LengthAdjustmentType.equals,1,5,6
org.jfree.data.time.TimePeriodValue.toString,0,0,0
org.jfree.chart.ChartHints$Key.isCompatibleValue,13,0,13
org.jfree.data.time.ohlc.OHLCSeriesCollection.equals,1,5,6
org.jfree.chart.renderer.category.LevelRenderer.calculateSeriesWidth,2,0,2
org.jfree.chart.plot.CategoryPlot.drawRangeLine,4,0,4
org.jfree.chart.renderer.AbstractRenderer.lookupLegendShape,1,3,4
org.jfree.chart.renderer.DefaultPolarItemRenderer.setLegendLine,0,0,0
org.jfree.chart.StrokeMap.clone,0,0,0
org.jfree.chart.annotations.CategoryLineAnnotation.getValue1,0,0,0
org.jfree.chart.plot.Marker.getLabelPaint,0,0,0
org.jfree.data.KeyedObjects2D.getObject,2,10,12
org.jfree.chart.axis.Axis.isMinorTickMarksVisible,0,0,0
org.jfree.chart.annotations.CategoryLineAnnotation.getValue2,0,0,0
org.jfree.chart.renderer.xy.HighLowRenderer.getTickLength,0,0,0
org.jfree.chart.util.ShapeUtils.createUpTriangle,0,0,0
org.jfree.chart.renderer.DefaultPolarItemRenderer.setLegendItemToolTipGenerator,0,0,0
org.jfree.chart.renderer.category.BoxAndWhiskerRenderer.setFillBox,0,0,0
org.jfree.chart.axis.Axis.setMinorTickMarkOutsideLength,0,0,0
org.jfree.data.statistics.DefaultBoxAndWhiskerCategoryDataset.getItem,0,0,0
org.jfree.chart.axis.DateAxis.setDateFormatOverride,0,0,0
org.jfree.chart.axis.ValueAxis.setLeftArrow,0,0,0
org.jfree.chart.plot.dial.StandardDialScale.setExtent,0,0,0
org.jfree.chart.renderer.AbstractRenderer.<init>,0,0,0
org.jfree.chart.renderer.category.AbstractCategoryItemRenderer.setLegendItemURLGenerator,0,0,0
org.jfree.chart.renderer.xy.XYLineAndShapeRenderer.setUseFillPaint,0,0,0
org.jfree.chart.renderer.category.MinMaxCategoryRenderer.writeObject,0,0,0
org.jfree.chart.plot.dial.DialPointer$Pointer.writeObject,0,0,0
org.jfree.chart.title.LegendTitle.setLegendItemGraphicAnchor,0,0,0
org.jfree.chart.renderer.xy.XYErrorRenderer.findRangeBounds,0,0,0
org.jfree.chart.title.Title.addChangeListener,0,0,0
org.jfree.data.general.DefaultKeyedValues2DDataset.<init>,0,0,0
org.jfree.data.time.TimeSeries.getTimePeriodClass,0,0,0
org.jfree.chart.renderer.OutlierList.getItemCount,0,0,0
org.jfree.chart.renderer.AbstractRenderer.getSeriesOutlinePaint,0,0,0
org.jfree.data.KeyedObjects.insertValue,8,0,8
org.jfree.chart.annotations.CategoryLineAnnotation.setValue2,0,0,0
org.jfree.chart.renderer.xy.XYLineAndShapeRenderer.setDefaultShapesVisible,0,0,0
org.jfree.chart.annotations.CategoryLineAnnotation.setValue1,0,0,0
org.jfree.chart.entity.JFreeChartEntity.equals,12,0,12
org.jfree.data.xy.XIntervalSeriesCollection.getSeriesKey,0,0,0
org.jfree.chart.renderer.AbstractRenderer.lookupLegendTextFont,1,1,2
org.jfree.chart.annotations.TextAnnotation.getRotationAngle,0,0,0
org.jfree.chart.plot.CategoryPlot.setCrosshairDatasetIndex,0,2,2
org.jfree.chart.renderer.xy.XYLineAndShapeRenderer.getDefaultShapesFilled,0,0,0
org.jfree.chart.annotations.XYDataImageAnnotation.draw,8,0,8
org.jfree.chart.needle.MeterNeedle.<clinit>,0,0,0
org.jfree.data.gantt.SlidingGanttCategoryDataset.getColumnIndex,4,0,4
org.jfree.chart.ChartPanel.mouseExited,2,0,2
org.jfree.data.category.DefaultIntervalCategoryDataset.clone,0,2,2
org.jfree.data.general.DatasetChangeEvent.getDataset,0,0,0
org.jfree.data.xy.VectorSeriesCollection.getXValue,0,0,0
org.jfree.chart.axis.PeriodAxis.clone,0,0,0
org.jfree.chart.axis.DateAxis.estimateMaximumTickLabelHeight,4,0,4
org.jfree.chart.plot.CombinedRangeXYPlot.clone,1,3,4
org.jfree.chart.ChartPanel.writeObject,0,0,0
org.jfree.chart.renderer.category.BoxAndWhiskerRenderer.drawVerticalItem,24,30,54
org.jfree.data.xy.DefaultTableXYDataset.prune,0,4,4
org.jfree.data.statistics.DefaultBoxAndWhiskerXYDataset.getMaxRegularValue,1,1,2
org.jfree.chart.ui.ApplicationFrame.windowClosed,0,0,0
org.jfree.data.statistics.DefaultStatisticalCategoryDataset.getRangeUpperBound,0,4,4
org.jfree.chart.plot.RingPlot.equals,1,25,26
org.jfree.data.xy.XYIntervalSeriesCollection.removeAllSeries,2,0,2
org.jfree.chart.plot.ThermometerPlot.setValuePaint,1,1,2
org.jfree.chart.plot.CrosshairState.setCrosshairDistance,0,0,0
org.jfree.chart.renderer.category.IntervalBarRenderer.<init>,0,0,0
org.jfree.chart.util.BooleanList.equals,1,1,2
org.jfree.chart.plot.RingPlot.initialise,0,0,0
org.jfree.chart.plot.FastScatterPlot.isDomainPannable,0,0,0
org.jfree.data.statistics.SimpleHistogramDataset.getEndYValue,0,0,0
org.jfree.chart.plot.CategoryPlot.setRangeCrosshairVisible,1,1,2
org.jfree.chart.ChartFactory.createAreaChart,2,2,4
org.jfree.data.xy.XIntervalSeriesCollection.removeAllSeries,2,0,2
org.jfree.chart.StandardChartTheme.createJFreeTheme,0,0,0
org.jfree.data.general.DatasetUtils.findMaximumRangeValue,17,9,26
org.jfree.chart.ui.RectangleAnchor.<clinit>,0,0,0
org.jfree.chart.plot.PolarPlot.setMargin,0,0,0
org.jfree.data.DefaultKeyedValues2D.removeRow,0,2,2
org.jfree.chart.urls.TimeSeriesURLGenerator.getDateFormat,0,0,0
org.jfree.data.general.HeatMapUtils.extractRowFromHeatMapDataset,2,0,2
org.jfree.chart.renderer.xy.AbstractXYItemRenderer.removeAnnotation,0,0,0
org.jfree.chart.util.AttrStringUtils.isHalfAscent,6,0,6
org.jfree.chart.needle.PinNeedle.clone,0,0,0
org.jfree.chart.axis.ValueAxis.setAutoTickUnitSelection,1,3,4
org.jfree.chart.plot.PolarPlot.isRadiusMinorGridlinesVisible,0,0,0
org.jfree.chart.title.LegendGraphic.getLinePaint,0,0,0
org.jfree.chart.renderer.category.CategoryItemRendererState.setBarWidth,0,0,0
org.jfree.data.gantt.XYTaskDataset.getEndY,0,0,0
org.jfree.chart.plot.PolarPlot.getMargin,0,0,0
org.jfree.chart.util.SerialUtils.readAttributedString,1,5,6
org.jfree.data.gantt.XYTaskDataset.getEndX,0,0,0
org.jfree.chart.annotations.XYImageAnnotation.readObject,0,0,0
org.jfree.chart.renderer.GrayPaintScale.<init>,3,3,6
org.jfree.data.KeyedObjects.getIndex,0,4,4
org.jfree.chart.ui.RectangleEdge.isTopOrBottom,0,4,4
org.jfree.data.json.impl.JSONArray.toString,0,0,0
org.jfree.data.general.DatasetUtils.iterateToFindRangeBounds,22,104,126
org.jfree.data.time.DynamicTimeSeriesCollection.getDomainUpperBound,0,0,0
org.jfree.data.gantt.XYTaskDataset.datasetChanged,0,0,0
org.jfree.chart.plot.XYPlot.configureDomainAxes,0,4,4
org.jfree.chart.renderer.AbstractRenderer.setDefaultSeriesVisibleInLegend,1,1,2
org.jfree.data.function.LineFunction2D.getIntercept,0,0,0
org.jfree.chart.plot.dial.DialPointer$Pointer.readObject,0,0,0
org.jfree.chart.renderer.category.StackedAreaRenderer.drawItem,32,0,32
org.jfree.data.KeyedObjects2D.getRowKey,0,0,0
org.jfree.chart.renderer.xy.XYShapeRenderer.getGuideLineStroke,0,0,0
org.jfree.data.xy.DefaultHighLowDataset.getLowValue,2,0,2
org.jfree.data.time.TimeSeries.equals,4,14,18
org.jfree.chart.renderer.LookupPaintScale.getUpperBound,0,0,0
org.jfree.chart.renderer.category.WaterfallBarRenderer.setPositiveBarPaint,0,0,0
org.jfree.chart.plot.dial.StandardDialScale.getExtent,0,0,0
org.jfree.chart.ChartPanel.getPointInRectangle,0,0,0
org.jfree.chart.plot.IntervalMarker.setStartValue,0,0,0
org.jfree.chart.axis.DateAxis.setMinimumDate,0,2,2
org.jfree.chart.plot.MeterInterval.equals,6,8,14
org.jfree.chart.axis.DateAxis.selectAutoTickUnit,3,1,4
org.jfree.chart.renderer.AbstractRenderer.setDefaultNegativeItemLabelPosition,1,1,2
org.jfree.data.time.Day.getSerialDate,0,0,0
org.jfree.data.xy.CategoryTableXYDataset.setAutoWidth,0,0,0
org.jfree.chart.renderer.AbstractRenderer.getSeriesVisible,0,0,0
org.jfree.chart.plot.dial.StandardDialScale.getMajorTickIncrement,0,0,0
org.jfree.chart.renderer.xy.StandardXYBarPainter.createShadow,16,0,16
org.jfree.data.time.TimePeriodValuesCollection.getSeriesCount,0,0,0
org.jfree.chart.plot.PlotRenderingInfo.equals,2,8,10
org.jfree.chart.plot.PieLabelRecord.getUpperY,0,0,0
org.jfree.chart.plot.CategoryPlot.isRangeGridlinesVisible,0,0,0
org.jfree.data.xy.XYIntervalSeries.getYLowValue,0,0,0
org.jfree.chart.ui.TextAnchor.isHalfAscent,3,3,6
org.jfree.data.xy.DefaultIntervalXYDataset.getStartXValue,0,0,0
org.jfree.chart.event.PlotChangeEvent.getPlot,0,0,0
org.jfree.chart.plot.CategoryPlot.setOrientation,0,0,0
org.jfree.chart.event.ChartProgressEvent.getType,0,0,0
org.jfree.chart.LegendItem.characterIteratorToString,1,3,4
org.jfree.chart.axis.CategoryAxis.getCategoryLabelToolTip,0,0,0
org.jfree.chart.axis.CyclicNumberAxis.setBoundMappedToLastCycle,0,0,0
org.jfree.chart.entity.CategoryItemEntity.setDataset,0,0,0
org.jfree.chart.renderer.category.LayeredBarRenderer.setSeriesBarWidth,0,0,0
org.jfree.chart.JFreeChart.<clinit>,0,0,0
org.jfree.data.statistics.DefaultBoxAndWhiskerXYDataset.getQ1Value,1,1,2
org.jfree.data.function.NormalDistributionFunction2D.getStandardDeviation,0,0,0
org.jfree.chart.axis.QuarterDateFormat.equals,2,6,8
org.jfree.chart.renderer.AbstractRenderer.setSeriesPaint,0,2,2
org.jfree.data.statistics.DefaultBoxAndWhiskerCategoryDataset.getRowKeys,0,0,0
org.jfree.chart.resources.JFreeChartResources.<clinit>,0,0,0
org.jfree.chart.renderer.AbstractRenderer.getSeriesOutlineStroke,0,0,0
org.jfree.chart.axis.CategoryAxis.getMaximumCategoryLabelWidthRatio,0,0,0
org.jfree.chart.renderer.xy.StandardXYItemRenderer.setPlotDiscontinuous,1,1,2
org.jfree.chart.plot.MeterPlot.valueToAngle,0,0,0
org.jfree.chart.plot.SpiderWebPlot.getSeriesPaint,2,4,6
org.jfree.chart.plot.Plot.getParent,0,0,0
org.jfree.chart.urls.StandardXYURLGenerator.generateURL,4,0,4
org.jfree.chart.renderer.xy.XYStepAreaRenderer.drawItem,37,27,64
org.jfree.chart.util.RelativeDateFormat.clone,0,0,0
org.jfree.data.xy.Vector.<init>,0,0,0
org.jfree.chart.renderer.xy.DeviationRenderer.getPassCount,0,0,0
org.jfree.data.time.TimePeriodValuesCollection.equals,1,7,8
org.jfree.data.xy.VectorSeriesCollection.removeSeries,0,2,2
org.jfree.data.time.Millisecond.previous,4,0,4
org.jfree.chart.labels.BubbleXYItemLabelGenerator.equals,2,8,10
org.jfree.chart.block.ColumnArrangement.arrangeFF,0,0,0
org.jfree.data.time.TimeSeriesCollection.getDomainLowerBound,2,0,2
org.jfree.chart.ui.PaintSample.getPaint,0,0,0
org.jfree.data.time.TimeTableXYDataset.remove,2,0,2
org.jfree.chart.event.ChartProgressEvent.getChart,0,0,0
org.jfree.data.gantt.TaskSeriesCollection.getPercentComplete,2,4,6
org.jfree.chart.renderer.category.StatisticalBarRenderer.setErrorIndicatorPaint,0,0,0
org.jfree.chart.event.ChartChangeEventType.equals,6,0,6
org.jfree.chart.entity.CategoryItemEntity.toString,0,0,0
org.jfree.chart.plot.PlotRenderingInfo.addSubplotInfo,0,0,0
org.jfree.data.xy.YIntervalDataItem.getX,0,0,0
org.jfree.data.xy.VectorDataItem.getVector,0,0,0
org.jfree.chart.annotations.XYTitleAnnotation.setMaxWidth,0,0,0
org.jfree.data.xy.DefaultIntervalXYDataset.addSeries,7,11,18
org.jfree.chart.renderer.category.ScatterRenderer.readObject,0,0,0
org.jfree.data.statistics.BoxAndWhiskerItem.getOutliers,0,2,2
org.jfree.data.DefaultKeyedValues2D.getColumnKeys,0,0,0
org.jfree.data.xml.ValueHandler.clearCurrentText,0,0,0
org.jfree.data.statistics.DefaultBoxAndWhiskerXYDataset.getRangeLowerBound,1,1,2
org.jfree.chart.plot.CategoryPlot.setDomainGridlinesVisible,1,1,2
org.jfree.data.xy.DefaultWindDataset.getItemCount,4,0,4
org.jfree.chart.plot.CategoryPlot.setRangeAxis,1,7,8
org.jfree.chart.renderer.xy.XYLineAndShapeRenderer$State.isLastPointGood,0,0,0
org.jfree.chart.axis.LogAxis.setBaseSymbol,0,0,0
org.jfree.chart.JFreeChart.writeObject,0,0,0
org.jfree.data.xy.IntervalXYDelegate.getFixedIntervalWidth,0,0,0
org.jfree.data.gantt.TaskSeriesCollection.getRowKey,0,0,0
org.jfree.chart.axis.Axis.getTickMarkOutsideLength,0,0,0
org.jfree.data.category.DefaultCategoryDataset.getColumnKeys,0,0,0
org.jfree.chart.urls.StandardCategoryURLGenerator.<init>,0,0,0
org.jfree.chart.axis.DateAxis$DefaultTimeline.toTimelineValue,0,0,0
org.jfree.data.xy.MatrixSeriesCollection.getSeriesCount,0,0,0
org.jfree.chart.StandardChartTheme.getShadowPaint,0,0,0
org.jfree.chart.ChartFactory.<init>,0,0,0
org.jfree.data.time.Millisecond.next,1,3,4
org.jfree.chart.ChartPanel.getScreenDataArea,3,1,4
org.jfree.chart.LegendItemCollection.<init>,0,0,0
org.jfree.chart.axis.SymbolAxis.refreshTicksVertical,20,0,20
org.jfree.chart.renderer.category.WaterfallBarRenderer.<init>,0,0,0
org.jfree.data.xy.VectorDataItem.getXValue,0,0,0
org.jfree.chart.axis.CyclicNumberAxis.reserveSpace,10,0,10
org.jfree.chart.axis.ModuloAxis.mapValueToFixedRange,1,1,2
org.jfree.data.statistics.HistogramBin.getCount,0,0,0
org.jfree.chart.renderer.xy.XYBarRenderer.getShadowYOffset,0,0,0
org.jfree.chart.plot.PiePlot.getMaximumLabelWidth,0,0,0
org.jfree.chart.labels.AbstractPieItemLabelGenerator.getNumberFormat,0,0,0
org.jfree.chart.plot.MeterPlot.getUnits,0,0,0
org.jfree.chart.labels.StandardPieToolTipGenerator.generateToolTip,0,0,0
org.jfree.chart.ChartFactory.createXYBarChart,3,5,8
org.jfree.chart.ChartTransferable.<init>,0,0,0
org.jfree.data.time.Year.hashCode,0,0,0
org.jfree.chart.renderer.xy.CandlestickRenderer.setVolumePaint,0,0,0
org.jfree.chart.ui.StrokeSample.getStroke,0,0,0
org.jfree.chart.labels.BoxAndWhiskerToolTipGenerator.<init>,0,0,0
org.jfree.chart.plot.XYPlot.getRangeAxis,0,4,4
org.jfree.data.xy.XIntervalSeries.getXLowValue,0,0,0
org.jfree.chart.axis.SubCategoryAxis.<init>,0,0,0
org.jfree.chart.plot.MeterPlot.addInterval,0,0,0
org.jfree.chart.annotations.XYImageAnnotation.draw,8,0,8
org.jfree.chart.renderer.xy.AbstractXYItemRenderer.getDrawingSupplier,1,1,2
org.jfree.data.xy.XYIntervalSeriesCollection.removeSeries,2,4,6
org.jfree.chart.labels.AbstractPieItemLabelGenerator.hashCode,0,0,0
org.jfree.chart.renderer.xy.StackedXYAreaRenderer$StackedXYAreaRendererState.getLine,0,0,0
org.jfree.chart.event.ChartChangeEventType.<init>,0,0,0
org.jfree.chart.axis.CategoryAxis.reserveSpace,8,10,18
org.jfree.data.xy.DefaultHighLowDataset.getItemCount,0,0,0
org.jfree.chart.plot.DatasetRenderingOrder.readResolve,2,2,4
org.jfree.data.time.Second.getMinute,0,0,0
org.jfree.chart.editor.ChartEditorManager.getChartEditorFactory,0,0,0
org.jfree.chart.renderer.xy.StandardXYItemRenderer.getBaseShapesFilled,0,0,0
org.jfree.chart.axis.AxisCollection.add,3,5,8
org.jfree.chart.annotations.XYShapeAnnotation.readObject,0,0,0
org.jfree.chart.labels.AbstractPieItemLabelGenerator.createItemArray,0,6,6
org.jfree.data.time.Quarter.equals,4,4,8
org.jfree.chart.renderer.Outlier.getRadius,0,0,0
org.jfree.chart.renderer.xy.StandardXYBarPainter.equals,1,3,4
org.jfree.data.xy.XYSeries.minIgnoreNaN,0,4,4
org.jfree.chart.renderer.xy.YIntervalRenderer.findRangeBounds,0,0,0
org.jfree.chart.labels.IntervalCategoryItemLabelGenerator.createItemArray,10,0,10
org.jfree.chart.ChartFactory.createCandlestickChart,0,0,0
org.jfree.chart.editor.DefaultLogAxisEditor.createTickUnitPanel,2,0,2
org.jfree.chart.LegendItem.readObject,0,0,0
org.jfree.data.statistics.DefaultMultiValueCategoryDataset.getColumnKeys,0,0,0
org.jfree.chart.plot.CategoryPlot.getDrawSharedDomainAxis,0,0,0
org.jfree.chart.renderer.xy.XYShapeRenderer.writeObject,0,0,0
org.jfree.chart.renderer.xy.XYAreaRenderer2.getLegendArea,0,0,0
org.jfree.chart.axis.Axis.setTickMarkPaint,0,0,0
org.jfree.chart.block.AbstractBlock.readObject,0,0,0
org.jfree.chart.editor.DefaultPolarPlotEditor.<init>,0,0,0
org.jfree.chart.renderer.xy.XYLineAndShapeRenderer.readObject,0,0,0
org.jfree.chart.axis.PeriodAxis.setMinorTickMarkOutsideLength,0,0,0
org.jfree.chart.plot.CombinedDomainXYPlot.getSubplots,0,0,0
org.jfree.chart.plot.MeterPlot.getMeterAngle,0,0,0
org.jfree.chart.plot.dial.StandardDialScale.getTickLabelsVisible,0,0,0
org.jfree.chart.labels.IntervalXYToolTipGenerator.createItemArray,28,0,28
org.jfree.chart.imagemap.OverLIBToolTipTagFragmentGenerator.<init>,0,0,0
org.jfree.chart.labels.BubbleXYItemLabelGenerator.<init>,0,0,0
org.jfree.chart.renderer.xy.AbstractXYItemRenderer.fillRangeGridBand,4,0,4
org.jfree.data.statistics.DefaultBoxAndWhiskerCategoryDataset.getQ1Value,2,2,4
org.jfree.chart.renderer.category.StatisticalLineAndShapeRenderer.<init>,0,0,0
org.jfree.chart.renderer.category.ScatterRenderer.getItemShapeFilled,0,0,0
org.jfree.chart.renderer.xy.XYStepAreaRenderer.isShapesFilled,0,0,0
org.jfree.chart.plot.dial.DialBackground.getGradientPaintTransformer,0,0,0
org.jfree.chart.LegendItemCollection.equals,1,5,6
org.jfree.data.KeyedObjects2D.clone,0,2,2
org.jfree.chart.util.PaintList.hashCode,0,0,0
org.jfree.chart.block.ColumnArrangement.arrangeNF,8,0,8
org.jfree.chart.renderer.xy.XYStepAreaRenderer.getRangeBase,0,0,0
org.jfree.chart.renderer.category.GradientBarPainter.paintBarShadow,2,2,4
org.jfree.data.xy.DefaultIntervalXYDataset.hashCode,0,0,0
org.jfree.data.statistics.HistogramDataset.getTotal,0,0,0
org.jfree.chart.block.ColumnArrangement.arrangeNN,14,0,14
org.jfree.data.xy.YIntervalSeries.add,0,0,0
org.jfree.chart.labels.SymbolicXYItemLabelGenerator.clone,0,0,0
org.jfree.data.statistics.HistogramDataset.getBinWidth,0,0,0
org.jfree.chart.StandardChartTheme.getAxisOffset,0,0,0
org.jfree.chart.axis.LogAxis.setBase,1,1,2
org.jfree.chart.block.LineBorder.readObject,0,0,0
org.jfree.data.KeyToGroupMap.clone,3,5,8
org.jfree.chart.ui.LCBLayout.removeLayoutComponent,0,0,0
org.jfree.chart.plot.CategoryPlot.findRangeAxisIndex,0,4,4
org.jfree.data.ComparableObjectSeries.clear,0,2,2
org.jfree.chart.StandardChartTheme.setRangeGridlinePaint,0,0,0
org.jfree.data.time.TimeTableXYDataset.getDomainUpperBound,2,0,2
org.jfree.chart.util.PaintAlpha.<init>,0,0,0
org.jfree.data.xy.DefaultIntervalXYDataset.getEndY,0,0,0
org.jfree.data.xy.DefaultIntervalXYDataset.getEndX,0,0,0
org.jfree.chart.plot.PolarPlot.getPlotType,0,0,0
org.jfree.chart.plot.SpiderWebPlot.setMaxValue,0,0,0
org.jfree.data.xy.NormalizedMatrixSeries.setScaleFactor,0,0,0
org.jfree.chart.axis.ValueAxis.setRange,1,5,6
org.jfree.data.xy.DefaultTableXYDataset.canPrune,0,4,4
org.jfree.data.xy.XYSeriesCollection.getDomainLowerBound,7,1,8
org.jfree.chart.labels.StandardXYZToolTipGenerator.equals,2,8,10
org.jfree.chart.entity.CategoryLabelEntity.equals,2,4,6
org.jfree.chart.entity.PieSectionEntity.<init>,0,0,0
org.jfree.chart.axis.ValueAxis.getAutoTickIndex,0,0,0
org.jfree.chart.plot.FastScatterPlot.draw,2,2,4
org.jfree.chart.ChartPanel.createPopupMenu,12,12,24
org.jfree.chart.axis.NumberTickUnitSource.equals,5,7,12
org.jfree.chart.ui.StandardGradientPaintTransformer.getType,0,0,0
org.jfree.chart.plot.CategoryPlot.drawDomainMarkers,6,2,8
org.jfree.chart.StandardChartTheme.setLegendItemPaint,0,0,0
org.jfree.chart.annotations.XYTextAnnotation.getFont,0,0,0
org.jfree.chart.panel.CrosshairOverlay.propertyChange,0,0,0
org.jfree.data.statistics.DefaultBoxAndWhiskerXYDataset.setFaroutCoefficient,2,0,2
org.jfree.chart.util.RelativeDateFormat.setPositivePrefix,0,0,0
org.jfree.chart.util.StrokeList.readObject,3,1,4
org.jfree.chart.axis.DateTickUnit.hashCode,0,0,0
org.jfree.chart.renderer.category.StackedBarRenderer.calculateBarWidth,10,0,10
org.jfree.chart.labels.StandardXYZToolTipGenerator.<init>,0,0,0
org.jfree.chart.axis.CyclicNumberAxis.getCycleBound,0,0,0
org.jfree.chart.axis.DateAxis.hashCode,0,0,0
org.jfree.data.xy.XYSeries.indexOf,0,6,6
org.jfree.chart.ui.RectangleInsets.<clinit>,0,0,0
org.jfree.chart.renderer.xy.YIntervalRenderer.setAdditionalItemLabelGenerator,0,0,0
org.jfree.chart.renderer.AbstractRenderer.getDefaultPositiveItemLabelPosition,0,0,0
org.jfree.data.Range.max,0,4,4
org.jfree.chart.ui.Size2D.<init>,0,0,0
org.jfree.data.json.impl.JSONObject.toJSONString,8,0,8
org.jfree.data.time.Hour.getYear,0,0,0
org.jfree.chart.plot.dial.ArcDialFrame.getInnerRadius,0,0,0
org.jfree.chart.editor.DefaultChartEditor.getBackgroundPaint,0,0,0
org.jfree.data.xy.DefaultXYDataset.indexOf,0,0,0
org.jfree.chart.plot.dial.StandardDialFrame.setStroke,0,0,0
org.jfree.chart.ChartRenderingInfo.writeObject,0,0,0
org.jfree.chart.block.ColumnArrangement.arrangeRF,2,0,2
org.jfree.chart.renderer.category.CategoryStepRenderer.<init>,0,0,0
org.jfree.chart.axis.PeriodAxisLabelInfo.getDateFormat,0,0,0
org.jfree.data.gantt.SlidingGanttCategoryDataset.getColumnKey,0,0,0
org.jfree.chart.renderer.OutlierListCollection.<init>,0,0,0
org.jfree.chart.block.ColumnArrangement.arrangeRR,2,0,2
org.jfree.chart.plot.PolarAxisLocation.equals,2,4,6
org.jfree.chart.plot.XYPlot.getRangeMinorGridlinePaint,0,0,0
org.jfree.data.json.impl.JSONValue.toJSONString,26,0,26
org.jfree.chart.axis.Axis.getTickLabelPaint,0,0,0
org.jfree.chart.block.LabelBlock.equals,1,15,16
org.jfree.chart.util.ShapeUtils.<clinit>,0,0,0
org.jfree.chart.plot.CategoryPlot.isRangePannable,0,0,0
org.jfree.chart.title.ImageTitle.<init>,2,0,2
org.jfree.chart.renderer.xy.XYLineAndShapeRenderer.setSeriesShapesFilled,0,0,0
org.jfree.chart.renderer.AbstractRenderer.lookupSeriesStroke,3,5,8
org.jfree.chart.plot.Marker.getStroke,0,0,0
org.jfree.chart.StrokeMap.<init>,0,0,0
org.jfree.data.time.Week.toString,0,0,0
org.jfree.data.time.TimeSeries.updateBoundsForRemovedItem,3,5,8
org.jfree.chart.axis.NumberAxis.selectVerticalAutoTickUnit,2,2,4
org.jfree.chart.plot.XYPlot.datasetChanged,0,2,2
org.jfree.chart.util.LineUtils.clipLine,18,22,40
org.jfree.chart.plot.XYPlot.drawDomainMarkers,1,9,10
org.jfree.chart.util.DefaultShadowGenerator.getShadowSize,0,0,0
org.jfree.chart.renderer.AreaRendererEndType.readResolve,4,2,6
org.jfree.chart.renderer.AbstractRenderer.getSeriesShape,0,0,0
org.jfree.chart.plot.MeterInterval.writeObject,0,0,0
org.jfree.chart.plot.dial.StandardDialRange.setBounds,2,0,2
org.jfree.data.general.DatasetUtils.findMaximumStackedRangeValue,1,9,10
org.jfree.data.category.DefaultCategoryDataset.setValue,0,0,0
org.jfree.chart.plot.XYPlot.getSeriesRenderingOrder,0,0,0
org.jfree.data.xy.DefaultXYZDataset.<init>,0,0,0
org.jfree.chart.axis.NumberTickUnitSource.getTickLabelFormat,5,9,14
org.jfree.chart.editor.DefaultLogAxisEditor.toggleAutoTick,2,0,2
org.jfree.chart.plot.MultiplePiePlot.getLegendItemShape,0,0,0
org.jfree.data.KeyedObjects.getItemCount,0,0,0
org.jfree.chart.plot.ThermometerPlot.getThermometerPaint,0,0,0
org.jfree.chart.axis.LogAxis.getSmallestValue,0,0,0
org.jfree.chart.plot.Plot.writeObject,0,0,0
org.jfree.chart.plot.CategoryPlot.setFixedLegendItems,0,0,0
org.jfree.chart.plot.CategoryPlot.getRangeCrosshairPaint,0,0,0
org.jfree.chart.plot.DatasetRenderingOrder.<clinit>,0,0,0
org.jfree.chart.title.Title.setVerticalAlignment,1,1,2
org.jfree.chart.plot.dial.DialTextAnnotation.draw,0,0,0
org.jfree.chart.axis.DateAxis.autoAdjustRange,2,8,10
org.jfree.chart.labels.ItemLabelAnchor.<clinit>,0,0,0
org.jfree.chart.plot.XYPlot.getDomainCrosshairValue,0,0,0
org.jfree.chart.plot.XYPlot.setDomainTickBandPaint,0,0,0
org.jfree.chart.renderer.category.LineAndShapeRenderer.getPassCount,0,0,0
org.jfree.chart.plot.DefaultDrawingSupplier.<clinit>,0,0,0
org.jfree.chart.plot.dial.DialPlot.removePointer,2,0,2
org.jfree.chart.plot.PiePlot.getSectionOutlineStroke,0,0,0
org.jfree.chart.block.BlockContainer.getBlocks,0,0,0
org.jfree.chart.plot.CompassPlot.getRosePaint,0,0,0
org.jfree.chart.renderer.AbstractRenderer.setLegendTextFont,0,0,0
org.jfree.chart.StandardChartTheme.applyToPolarPlot,2,0,2
org.jfree.chart.renderer.AbstractRenderer.getSeriesCreateEntities,0,0,0
org.jfree.chart.plot.dial.DialTextAnnotation.getFont,0,0,0
org.jfree.chart.axis.PeriodAxis.setRange,0,0,0
org.jfree.chart.plot.DefaultDrawingSupplier.<init>,0,0,0
org.jfree.data.KeyedValues2DItemKey.hashCode,0,0,0
org.jfree.chart.axis.CategoryLabelPosition.getAngle,0,0,0
org.jfree.chart.plot.XYPlot.<init>,0,8,8
org.jfree.chart.entity.StandardEntityCollection.equals,2,2,4
org.jfree.chart.axis.ValueAxis.setVerticalTickLabels,1,1,2
org.jfree.chart.plot.CategoryPlot.clearRangeAxes,4,0,4
org.jfree.chart.plot.XYPlot.isRangeMinorGridlinesVisible,0,0,0
org.jfree.chart.text.G2TextMeasurer.<init>,0,0,0
org.jfree.chart.util.HexNumberFormat.setNumberOfDigits,0,0,0
org.jfree.chart.axis.NumberAxis.getMarkerBand,0,0,0
org.jfree.chart.urls.CustomPieURLGenerator.equals,4,10,14
org.jfree.data.xy.XIntervalDataItem.getXLowValue,1,1,2
org.jfree.chart.plot.PiePlot.clearSectionOutlinePaints,2,0,2
org.jfree.chart.axis.Axis.getTickLabelInsets,0,0,0
org.jfree.chart.renderer.category.StandardBarPainter.<init>,0,0,0
org.jfree.data.xml.CategoryDatasetHandler.endElement,2,0,2
org.jfree.data.time.Quarter.<init>,2,6,8
org.jfree.chart.entity.StandardEntityCollection.addAll,0,0,0
org.jfree.chart.plot.XYPlot.setRangeZeroBaselinePaint,0,0,0
org.jfree.chart.renderer.category.AbstractCategoryItemRenderer.addEntity,10,0,10
org.jfree.chart.axis.PeriodAxis.getTimeZone,0,0,0
org.jfree.chart.plot.XYPlot.setDomainZeroBaselinePaint,0,0,0
org.jfree.chart.plot.dial.DialValueIndicator.setTextAnchor,0,0,0
org.jfree.chart.renderer.AbstractRenderer.equals,3,77,80
org.jfree.chart.PaintMap.containsKey,0,0,0
org.jfree.chart.plot.PiePlot3D.setDepthFactor,0,0,0
org.jfree.chart.needle.WindNeedle.equals,4,4,8
org.jfree.data.time.Month.equals,3,5,8
org.jfree.chart.renderer.AbstractRenderer.setSeriesFillPaint,0,2,2
org.jfree.chart.block.LabelBlock.getContentAlignmentPoint,0,0,0
org.jfree.chart.LegendItemCollection.iterator,0,0,0
org.jfree.chart.renderer.xy.XYBoxAndWhiskerRenderer.<init>,0,0,0
org.jfree.chart.renderer.AbstractRenderer.getDefaultLegendTextFont,0,0,0
org.jfree.data.gantt.TaskSeriesCollection.remove,2,4,6
org.jfree.chart.plot.CategoryPlot.setShadowGenerator,0,0,0
org.jfree.chart.entity.PlotEntity.equals,12,0,12
org.jfree.chart.entity.ChartEntity.clone,0,0,0
org.jfree.chart.renderer.xy.XYDifferenceRenderer.drawItemPass1,30,0,30
org.jfree.chart.title.LegendGraphic.getShapeAnchor,0,0,0
org.jfree.chart.renderer.xy.XYDifferenceRenderer.drawItemPass0,132,0,132
org.jfree.chart.renderer.xy.XYItemRendererState.startSeriesPass,0,0,0
org.jfree.chart.plot.XYPlot.getDomainAxisIndex,0,4,4
org.jfree.chart.axis.CategoryLabelPositions.replaceRightPosition,0,0,0
org.jfree.chart.renderer.xy.XYBoxAndWhiskerRenderer.drawHorizontalItem,24,0,24
org.jfree.chart.labels.AbstractCategoryItemLabelGenerator.clone,2,2,4
org.jfree.data.xml.ItemHandler.getKey,0,0,0
org.jfree.chart.renderer.xy.YIntervalRenderer.equals,2,4,6
org.jfree.chart.plot.MultiplePiePlot.writeObject,0,0,0
org.jfree.chart.plot.XYPlot.drawVerticalLine,4,0,4
org.jfree.chart.plot.FastScatterPlot.isRangeZoomable,0,0,0
org.jfree.chart.JFreeChart.setID,0,0,0
org.jfree.chart.plot.MeterPlot.setTickLabelFormat,0,0,0
org.jfree.chart.renderer.xy.XYDotRenderer.clone,0,0,0
org.jfree.data.time.Minute.previous,2,2,4
org.jfree.chart.editor.DefaultAxisEditor.getInstance,6,0,6
org.jfree.data.time.TimeSeries.add,4,12,16
org.jfree.chart.plot.dial.DialValueIndicator.getValueAnchor,0,0,0
org.jfree.chart.plot.dial.DialCap.getRadius,0,0,0
org.jfree.chart.axis.DateAxis.dateToJava2D,0,0,0
org.jfree.data.general.DefaultHeatMapDataset.equals,2,16,18
org.jfree.chart.plot.XYPlot.getDomainGridlineStroke,0,0,0
org.jfree.chart.renderer.xy.XYDifferenceRenderer.getRoundXCoordinates,0,0,0
org.jfree.chart.renderer.AbstractRenderer.getItemPaint,0,0,0
org.jfree.data.time.ohlc.OHLCSeriesCollection.getHighValue,0,0,0
org.jfree.chart.needle.PinNeedle.<init>,0,0,0
org.jfree.data.time.TimePeriodValuesCollection.getDomainUpperBound,2,0,2
org.jfree.data.xy.DefaultTableXYDataset.clone,0,2,2
org.jfree.chart.renderer.DefaultPolarItemRenderer.getUseFillPaint,0,0,0
org.jfree.chart.annotations.XYTextAnnotation.getBackgroundPaint,0,0,0
org.jfree.data.gantt.XYTaskDataset.<init>,0,0,0
org.jfree.chart.axis.DateAxis.setLocale,0,0,0
org.jfree.data.statistics.DefaultBoxAndWhiskerXYDataset.equals,4,6,10
org.jfree.data.DefaultKeyedValues.sortByValues,0,4,4
org.jfree.chart.plot.ThermometerPlot.zoomRangeAxes,0,0,0
org.jfree.chart.plot.PiePlot.setLabelLinkMargin,0,0,0
org.jfree.chart.plot.XYPlot.isDomainGridlinesVisible,0,0,0
org.jfree.chart.urls.StandardXYZURLGenerator.generateURL,0,0,0
org.jfree.data.statistics.BoxAndWhiskerCalculator.calculateBoxAndWhiskerStatistics,12,10,22
org.jfree.chart.axis.Axis.getLabelFont,0,0,0
org.jfree.chart.axis.DateTick.equals,2,4,6
org.jfree.chart.axis.AxisLabelLocation.hashCode,0,0,0
org.jfree.chart.LegendItem.clone,2,2,4
org.jfree.data.gantt.XYTaskDataset.setSeriesWidth,1,1,2
org.jfree.chart.labels.StandardPieToolTipGenerator.clone,0,0,0
org.jfree.chart.ui.RectangleEdge.readResolve,3,5,8
org.jfree.chart.plot.ThermometerPlot.getUseSubrangePaint,0,0,0
org.jfree.chart.needle.MeterNeedle.getSize,0,0,0
org.jfree.chart.editor.DefaultValueAxisEditor.getAutoTickUnitSelectionCheckBox,0,0,0
org.jfree.chart.renderer.xy.XYDifferenceRenderer.readObject,0,0,0
org.jfree.chart.axis.ModuloAxis.<init>,0,0,0
org.jfree.chart.renderer.category.BoxAndWhiskerRenderer.isMeanVisible,0,0,0
org.jfree.data.xy.XYSeriesCollection.indexOf,0,0,0
org.jfree.chart.plot.CategoryPlot.getDomainAxisForDataset,0,2,2
org.jfree.chart.LegendItemCollection.clone,0,0,0
org.jfree.chart.entity.XYAnnotationEntity.<init>,0,0,0
org.jfree.data.json.impl.JSONObject.writeJSONString,6,0,6
org.jfree.chart.renderer.category.BoxAndWhiskerRenderer.setMaximumBarWidth,0,0,0
org.jfree.data.general.AbstractDataset.setNotify,2,0,2
org.jfree.chart.needle.PointerNeedle.drawNeedle,10,0,10
org.jfree.chart.axis.ValueAxis.findMaximumTickLabelWidth,6,8,14
org.jfree.chart.renderer.xy.XYShapeRenderer.setUseOutlinePaint,0,0,0
org.jfree.chart.renderer.xy.XYLineAndShapeRenderer.setSeriesShapesVisible,0,0,0
org.jfree.data.gantt.TaskSeriesCollection.getColumnCount,0,0,0
org.jfree.chart.renderer.category.AbstractCategoryItemRenderer.getDefaultItemURLGenerator,0,0,0
org.jfree.chart.plot.ThermometerPlot.setSubrangeInfo,4,0,4
org.jfree.chart.labels.CustomXYToolTipGenerator.getToolTipCount,1,1,2
org.jfree.chart.renderer.category.ScatterRenderer.<init>,0,0,0
org.jfree.chart.plot.MultiplePiePlot.getAggregatedItemsKey,0,0,0
org.jfree.chart.event.PlotChangeEvent.<init>,0,0,0
org.jfree.data.category.DefaultIntervalCategoryDataset.getColumnCount,0,0,0
org.jfree.data.general.DefaultHeatMapDataset.getXSampleCount,0,0,0
org.jfree.chart.plot.CategoryCrosshairState.updateCrosshairPoint,5,1,6
org.jfree.chart.plot.dial.DialPointer$Pointer.setFillPaint,0,0,0
org.jfree.chart.plot.dial.DialPlot.getLayerIndex,0,0,0
org.jfree.chart.axis.CategoryLabelPositions.createUpRotationLabelPositions,0,0,0
org.jfree.chart.plot.CategoryPlot.isRangeCrosshairLockedOnData,0,0,0
org.jfree.chart.plot.dial.DialPlot.getPointerForDataset,4,0,4
org.jfree.chart.annotations.AbstractAnnotation.<init>,0,0,0
org.jfree.chart.axis.ValueAxis.centerRange,0,0,0
org.jfree.chart.util.RelativeDateFormat.setDaySuffix,0,0,0
org.jfree.chart.renderer.category.StatisticalLineAndShapeRenderer.getErrorIndicatorPaint,0,0,0
org.jfree.chart.renderer.xy.XYStepRenderer.setStepPoint,2,2,4
org.jfree.data.statistics.SimpleHistogramDataset.addObservation,4,6,10
org.jfree.chart.util.ArrayUtils.equal,2,10,12
org.jfree.chart.axis.Axis.labelAnchorV,4,2,6
org.jfree.chart.plot.MultiplePiePlot.getDataExtractOrder,0,0,0
org.jfree.chart.block.BlockContainer.clone,0,0,0
org.jfree.chart.plot.ThermometerPlot.setValueLocation,2,2,4
org.jfree.chart.editor.DefaultValueAxisEditor.setAxisProperties,2,0,2
org.jfree.chart.axis.Axis.labelAnchorH,4,2,6
org.jfree.data.xy.DefaultIntervalXYDataset.getSeriesKey,0,4,4
org.jfree.chart.JFreeChart.setBackgroundImage,6,0,6
org.jfree.data.time.ohlc.OHLCSeriesCollection.getSeriesKey,0,0,0
org.jfree.chart.util.RelativeDateFormat.setSecondFormatter,0,0,0
org.jfree.chart.plot.XYPlot.setRenderer,1,5,6
org.jfree.chart.renderer.DefaultPolarItemRenderer.drawAngularGridLines,6,0,6
org.jfree.data.DefaultKeyedValues.getKeys,0,0,0
org.jfree.chart.annotations.CategoryLineAnnotation.getPaint,0,0,0
org.jfree.chart.plot.dial.AbstractDialLayer.clone,0,0,0
org.jfree.chart.axis.AxisSpace.getTop,0,0,0
org.jfree.chart.entity.XYItemEntity.toString,0,0,0
org.jfree.data.xy.XYSeries.getMinX,0,0,0
org.jfree.chart.renderer.xy.YIntervalRenderer.drawItem,14,0,14
org.jfree.data.KeyedValueComparatorType.equals,6,0,6
org.jfree.data.xy.XYSeries.getMinY,0,0,0
org.jfree.data.statistics.DefaultBoxAndWhiskerXYDataset.getMedianValue,1,1,2
org.jfree.data.statistics.DefaultBoxAndWhiskerXYDataset.getY,0,0,0
org.jfree.data.statistics.DefaultBoxAndWhiskerXYDataset.getX,0,0,0
org.jfree.chart.plot.CategoryPlot.setRangeAxes,2,0,2
org.jfree.chart.renderer.xy.CandlestickRenderer.getUpPaint,0,0,0
org.jfree.chart.text.TextFragment.getText,0,0,0
org.jfree.chart.plot.DefaultDrawingSupplier.getNextShape,0,0,0
org.jfree.chart.JFreeChart.isBorderVisible,0,0,0
org.jfree.chart.plot.dial.DialTextAnnotation.setRadius,1,1,2
org.jfree.chart.renderer.xy.XYErrorRenderer.getCapLength,0,0,0
org.jfree.chart.plot.CategoryPlot.mapDatasetToRangeAxis,0,0,0
org.jfree.data.general.DefaultHeatMapDataset.getZValue,0,0,0
org.jfree.data.category.CategoryToPieDataset.getKeys,5,1,6
org.jfree.chart.plot.AbstractPieLabelDistributor.<init>,0,0,0
org.jfree.chart.title.CompositeTitle.writeObject,0,0,0
org.jfree.data.time.TimeSeriesCollection.getXValue,0,0,0
org.jfree.chart.title.LegendTitle.getItemPaint,0,0,0
org.jfree.chart.renderer.xy.XYErrorRenderer.getDrawYError,0,0,0
org.jfree.data.category.DefaultIntervalCategoryDataset.getStartValue,6,6,12
org.jfree.chart.plot.ThermometerPlot.getRangeAxis,0,0,0
org.jfree.chart.renderer.AbstractRenderer.clone,18,18,36
org.jfree.chart.labels.ItemLabelAnchor.toString,0,0,0
org.jfree.chart.renderer.AreaRendererEndType.<init>,0,0,0
org.jfree.data.time.TimeSeries.setDomainDescription,0,0,0
org.jfree.chart.plot.dial.StandardDialScale.hashCode,0,0,0
org.jfree.chart.ChartPanel.addChartMouseListener,0,0,0
org.jfree.chart.plot.DefaultDrawingSupplier.clone,0,0,0
org.jfree.chart.renderer.xy.YIntervalRenderer.<init>,0,0,0
org.jfree.chart.labels.HighLowItemLabelGenerator.generateLabel,0,0,0
org.jfree.chart.annotations.XYPointerAnnotation.getAngle,0,0,0
org.jfree.chart.plot.dial.DialPlot.setDataset,4,0,4
org.jfree.chart.renderer.xy.XYBoxAndWhiskerRenderer.drawMultipleEllipse,0,0,0
org.jfree.chart.event.RendererChangeEvent.getSeriesVisibilityChanged,0,0,0
org.jfree.data.xy.DefaultTableXYDataset.getIntervalPositionFactor,0,0,0
org.jfree.chart.entity.CategoryLabelEntity.getKey,0,0,0
org.jfree.data.xy.XIntervalDataItem.getX,0,0,0
org.jfree.chart.plot.CategoryPlot.getAnnotations,0,0,0
org.jfree.chart.encoders.ImageEncoderFactory.newInstance,2,0,2
org.jfree.chart.ChartMouseEvent.getChart,0,0,0
org.jfree.chart.util.BooleanList.<init>,0,0,0
org.jfree.chart.renderer.AbstractRenderer.getPositiveItemLabelPosition,0,0,0
org.jfree.chart.plot.MeterInterval.getLabel,0,0,0
org.jfree.chart.plot.XYPlot.integerise,0,0,0
org.jfree.chart.plot.XYPlot.setRangeAxisLocation,2,4,6
org.jfree.chart.axis.PeriodAxisLabelInfo.getPeriodClass,0,0,0
org.jfree.chart.plot.RingPlot.getCenterTextFont,0,0,0
org.jfree.chart.ChartPanel.createChartPrintJob,4,0,4
org.jfree.chart.plot.dial.DialPointer.getDatasetIndex,0,0,0
org.jfree.data.ComparableObjectSeries.equals,2,12,14
org.jfree.data.time.Month.getFirstMillisecond,0,0,0
org.jfree.data.xy.YIntervalDataItem.getYLowValue,1,1,2
org.jfree.chart.renderer.xy.DeviationRenderer.getAlpha,0,0,0
org.jfree.chart.plot.Plot.setForegroundAlpha,1,1,2
org.jfree.chart.plot.Plot.axisChanged,0,0,0
org.jfree.chart.plot.CategoryPlot.getAnchorValue,0,0,0
org.jfree.chart.plot.WaferMapPlot.<init>,4,0,4
org.jfree.chart.ChartPanel.mousePressed,22,0,22
org.jfree.data.general.Series.hashCode,1,1,2
org.jfree.chart.util.HMSNumberFormat.format,0,0,0
org.jfree.chart.plot.dial.ArcDialFrame.setStroke,0,0,0
org.jfree.chart.entity.AxisEntity.<init>,0,0,0
org.jfree.chart.renderer.xy.AbstractXYItemRenderer.getAnnotations,0,0,0
org.jfree.chart.axis.CategoryLabelPositions.<init>,0,0,0
org.jfree.chart.renderer.AbstractRenderer.getDataBoundsIncludesVisibleSeriesOnly,0,0,0
org.jfree.chart.renderer.xy.XYAreaRenderer.readObject,0,0,0
org.jfree.chart.StrokeMap.put,0,0,0
org.jfree.data.xy.CategoryTableXYDataset.clone,0,0,0
org.jfree.chart.renderer.AbstractRenderer.setSeriesNegativeItemLabelPosition,1,1,2
org.jfree.chart.annotations.XYPointerAnnotation.equals,2,18,20
org.jfree.chart.annotations.CategoryLineAnnotation.hashCode,0,0,0
org.jfree.chart.editor.DefaultValueAxisEditor.attemptGridPaintSelection,2,0,2
org.jfree.data.DefaultKeyedValue.getValue,0,0,0
org.jfree.data.function.PowerFunction2D.getValue,0,0,0
org.jfree.chart.plot.PolarPlot.getAxisLocation,2,0,2
org.jfree.chart.plot.Crosshair.setLabelFont,0,0,0
org.jfree.chart.ui.LCBLayout.<init>,0,0,0
org.jfree.chart.renderer.xy.HighLowRenderer.setDrawOpenTicks,0,0,0
org.jfree.chart.block.BlockResult.setEntityCollection,0,0,0
org.jfree.data.time.ohlc.OHLCSeriesCollection.getVolumeValue,0,0,0
org.jfree.chart.plot.CategoryPlot.mapDatasetToRangeAxes,0,0,0
org.jfree.chart.plot.PlotRenderingInfo.readObject,0,0,0
org.jfree.chart.renderer.category.BarRenderer.getBase,0,0,0
org.jfree.chart.ui.RectangleAnchor.<init>,0,0,0
org.jfree.chart.LegendItem.setSeriesKey,0,0,0
org.jfree.chart.plot.PiePlot.setToolTipGenerator,0,0,0
org.jfree.data.general.DefaultValueDataset.equals,4,0,4
org.jfree.chart.StandardChartTheme.setPlotBackgroundPaint,0,0,0
org.jfree.data.resources.DataPackageResources.<init>,0,0,0
org.jfree.data.DefaultKeyedValues2D.getValue,1,9,10
org.jfree.chart.renderer.category.GanttRenderer.getIncompletePaint,0,0,0
org.jfree.data.statistics.DefaultStatisticalCategoryDataset.getRowKeys,0,0,0
org.jfree.chart.plot.dial.ArcDialFrame.getStroke,0,0,0
org.jfree.chart.renderer.AbstractRenderer.isSeriesVisible,0,2,2
org.jfree.data.Range.getCentralValue,0,0,0
org.jfree.data.time.Second.getLastMillisecond,0,0,0
org.jfree.chart.StandardChartTheme.setExtraLargeFont,0,0,0
org.jfree.chart.plot.dial.AbstractDialLayer.setVisible,0,0,0
org.jfree.chart.ChartPanel.setMinimumDrawWidth,0,0,0
org.jfree.chart.ui.ApplicationFrame.windowDeactivated,0,0,0
org.jfree.data.json.impl.JSONArray.toJSONString,8,0,8
org.jfree.chart.JFreeChart.draw,15,27,42
org.jfree.chart.plot.dial.ArcDialFrame.writeObject,0,0,0
org.jfree.chart.ui.RectangleInsets.calculateRightInset,1,1,2
org.jfree.chart.renderer.category.ScatterRenderer.getUseSeriesOffset,0,0,0
org.jfree.chart.StandardChartTheme.getRegularFont,0,0,0
org.jfree.chart.renderer.xy.AbstractXYItemRenderer.clone,5,9,14
org.jfree.chart.util.PaintList.setPaint,0,0,0
org.jfree.data.statistics.SimpleHistogramBin.getUpperBound,0,0,0
org.jfree.chart.plot.PiePlot.setURLGenerator,0,0,0
org.jfree.chart.labels.SymbolicXYItemLabelGenerator.generateToolTip,6,0,6
org.jfree.chart.ui.Size2D.setWidth,0,0,0
org.jfree.data.statistics.HistogramBin.incrementCount,0,0,0
org.jfree.data.xml.CategorySeriesHandler.endElement,4,0,4
org.jfree.data.time.FixedMillisecond.getMiddleMillisecond,0,0,0
org.jfree.data.category.SlidingCategoryDataset.getMaximumCategoryCount,0,0,0
org.jfree.chart.renderer.xy.XYLineAndShapeRenderer.getPassCount,0,0,0
org.jfree.chart.plot.CategoryPlot.setRangePannable,0,0,0
org.jfree.chart.renderer.xy.XYBarRenderer.setDrawBarOutline,0,0,0
org.jfree.chart.text.TextBox.setShadowPaint,0,0,0
org.jfree.chart.title.TextTitle.setPaint,0,2,2
org.jfree.chart.renderer.xy.XYBoxAndWhiskerRenderer.drawLowFarOut,0,0,0
org.jfree.data.statistics.SimpleHistogramDataset.getStartX,0,0,0
org.jfree.chart.util.ArrayUtils.clone,4,0,4
org.jfree.data.statistics.SimpleHistogramDataset.getStartY,0,0,0
org.jfree.chart.plot.dial.StandardDialFrame.setForegroundPaint,0,0,0
org.jfree.chart.axis.Axis.readObject,0,0,0
org.jfree.chart.JFreeChart.addChangeListener,0,0,0
org.jfree.data.category.CategoryToPieDataset.getValue,5,9,14
org.jfree.chart.plot.WaferMapPlot.getWaferEdge,6,0,6
org.jfree.chart.axis.StandardTickUnitSource.equals,1,1,2
org.jfree.chart.plot.CombinedRangeXYPlot.getPlotType,0,0,0
org.jfree.chart.plot.CompassPlot.setLabelFont,0,0,0
org.jfree.chart.plot.XYPlot.indexOf,0,4,4
org.jfree.data.general.DefaultHeatMapDataset.getMinimumXValue,0,0,0
org.jfree.chart.ui.VerticalAlignment.hashCode,0,0,0
org.jfree.chart.entity.PlotEntity.<init>,0,0,0
org.jfree.chart.plot.WaferMapPlot.getDataset,0,0,0
org.jfree.data.xy.XYSeriesCollection.getDomainOrder,0,4,4
org.jfree.chart.block.LabelBlock.getPaint,0,0,0
org.jfree.data.xy.XYSeries.updateByIndex,1,9,10
org.jfree.data.xy.XYSeriesCollection.setIntervalWidth,1,1,2
org.jfree.data.xy.VectorDataItem.getVectorY,2,0,2
org.jfree.data.xy.VectorDataItem.getVectorX,1,1,2
org.jfree.chart.renderer.xy.XYAreaRenderer.writeObject,0,0,0
org.jfree.chart.ChartFactory.createStackedAreaChart,2,2,4
org.jfree.data.time.ohlc.OHLCSeriesCollection.getSeries,1,3,4
org.jfree.chart.plot.CompassPlot.getRevolutionDistance,0,0,0
org.jfree.chart.editor.DefaultPlotEditor.attemptOutlineStrokeSelection,2,0,2
org.jfree.chart.JFreeChart.addSubtitle,0,4,4
org.jfree.chart.plot.WaferMapPlot.drawChipGrid,14,0,14
org.jfree.chart.axis.LogAxis.createTickLabel,2,2,4
org.jfree.chart.plot.SpiderWebPlot.setInteriorGap,3,3,6
org.jfree.chart.plot.CategoryPlot.isRangeZoomable,0,0,0
org.jfree.chart.renderer.xy.XYErrorRenderer.getErrorPaint,0,0,0
org.jfree.data.statistics.DefaultStatisticalCategoryDataset.getColumnCount,0,0,0
org.jfree.chart.ChartPanel.displayPopupMenu,36,0,36
org.jfree.chart.block.BlockContainer.isEmpty,0,0,0
org.jfree.chart.axis.SubCategoryAxis.getSubLabelFont,0,0,0
org.jfree.chart.renderer.xy.XYDifferenceRenderer.getLegendItem,6,6,12
org.jfree.chart.plot.dial.DialValueIndicator.setFont,0,0,0
org.jfree.data.xy.XYDatasetTableModel.getValueAt,4,0,4
org.jfree.chart.renderer.category.BoxAndWhiskerRenderer.getItemMargin,0,0,0
org.jfree.data.statistics.DefaultMultiValueCategoryDataset.add,2,16,18
org.jfree.chart.editor.DefaultAxisEditor.<init>,0,0,0
org.jfree.data.xy.YIntervalSeriesCollection.getSeriesKey,0,0,0
org.jfree.chart.title.TextTitle.getMaximumLinesToDisplay,0,0,0
org.jfree.data.KeyedValuesItemKey.toString,0,0,0
org.jfree.chart.axis.LogAxis.selectVerticalAutoTickUnit,8,0,8
org.jfree.chart.JFreeChart.getSubtitles,0,0,0
org.jfree.chart.labels.AbstractCategoryItemLabelGenerator.getDateFormat,0,0,0
org.jfree.chart.renderer.category.ScatterRenderer.findRangeBounds,0,0,0
org.jfree.chart.plot.ThermometerPlot.setSubrangePaint,3,3,6
org.jfree.chart.plot.SpiderWebPlot.clone,0,0,0
org.jfree.chart.annotations.AbstractXYAnnotation.getURL,0,0,0
org.jfree.data.DefaultKeyedValues2D.getColumnIndex,0,0,0
org.jfree.chart.plot.RingPlot.getCenterText,0,0,0
org.jfree.data.gantt.SlidingGanttCategoryDataset.getPercentComplete,4,0,4
org.jfree.chart.ui.GradientPaintTransformType.<clinit>,0,0,0
org.jfree.chart.annotations.TextAnnotation.getRotationAnchor,0,0,0
org.jfree.chart.renderer.category.WaterfallBarRenderer.readObject,0,0,0
org.jfree.chart.plot.XYPlot.setRenderers,2,0,2
org.jfree.chart.renderer.category.ScatterRenderer.getBaseShapesFilled,0,0,0
org.jfree.chart.ui.RectangleAnchor.toString,0,0,0
org.jfree.chart.plot.Plot.getBackgroundPaint,0,0,0
org.jfree.chart.plot.dial.ArcDialFrame.clone,0,0,0
org.jfree.chart.util.ShapeList.<init>,0,0,0
org.jfree.chart.annotations.CategoryTextAnnotation.setCategory,0,0,0
org.jfree.chart.title.ShortTextTitle.<init>,0,0,0
org.jfree.chart.plot.PiePlot.setShadowXOffset,0,0,0
org.jfree.chart.renderer.category.LineAndShapeRenderer.getItemShapeVisible,1,1,2
org.jfree.data.statistics.SimpleHistogramBin.<init>,1,1,2
org.jfree.chart.labels.AbstractXYItemLabelGenerator.getXDateFormat,0,0,0
org.jfree.chart.ui.LCBLayout.addLayoutComponent,0,0,0
org.jfree.chart.axis.AxisState.setMax,0,0,0
org.jfree.chart.annotations.XYPolygonAnnotation.hashCode,1,1,2
org.jfree.chart.renderer.xy.XYBoxAndWhiskerRenderer.getBoxWidth,0,0,0
org.jfree.chart.axis.Axis.getPlot,0,0,0
org.jfree.data.xy.DefaultOHLCDataset.getLowValue,1,1,2
org.jfree.chart.axis.NumberAxis.equals,0,14,14
org.jfree.chart.plot.PieLabelRecord.getLowerY,0,0,0
org.jfree.chart.urls.CustomPieURLGenerator.getURL,2,2,4
org.jfree.data.time.TimeSeriesCollection.indexOf,0,0,0
org.jfree.chart.ChartPanel.getInitialDelay,0,0,0
org.jfree.chart.plot.dial.DialValueIndicator.writeObject,0,0,0
org.jfree.data.general.Series.removeVetoableChangeListener,0,0,0
org.jfree.chart.axis.LogarithmicAxis.getStrictValuesFlag,0,0,0
org.jfree.chart.labels.CustomXYToolTipGenerator.<init>,0,0,0
org.jfree.data.xy.YIntervalSeries.getYLowValue,0,0,0
org.jfree.chart.plot.dial.AbstractDialLayer.hashCode,0,0,0
org.jfree.data.xy.DefaultTableXYDataset.seriesChanged,0,2,2
org.jfree.data.statistics.DefaultStatisticalCategoryDataset.getValue,0,0,0
org.jfree.chart.ChartPanel.setHorizontalAxisTrace,0,0,0
org.jfree.data.xy.XYSeriesCollection.getDomainBounds,0,10,10
org.jfree.data.time.TimeSeriesCollection.getSeriesCount,0,0,0
org.jfree.chart.title.PaintScaleLegend.getAxisOffset,0,0,0
org.jfree.chart.util.AbstractObjectList.get,1,3,4
org.jfree.chart.renderer.xy.XYBarRenderer.setShadowXOffset,0,0,0
org.jfree.data.time.FixedMillisecond.getTime,0,0,0
org.jfree.data.time.SimpleTimePeriod.hashCode,0,0,0
org.jfree.chart.axis.CategoryAxis.drawCategoryLabels,10,16,26
org.jfree.chart.LegendItem.setSeriesIndex,0,0,0
org.jfree.chart.labels.StandardPieSectionLabelGenerator.equals,1,5,6
org.jfree.chart.plot.SpiderWebPlot.getLegendItems,5,5,10
org.jfree.chart.plot.PiePlot.setDefaultSectionOutlineStroke,0,0,0
org.jfree.chart.servlet.ChartDeleter.valueUnbound,4,0,4
org.jfree.data.xy.CategoryTableXYDataset.getDomainUpperBound,0,0,0
org.jfree.chart.plot.PiePlotState.getLinkArea,0,0,0
org.jfree.data.general.DatasetUtils.iterateToFindDomainBounds,4,18,22
org.jfree.data.general.DefaultHeatMapDataset.<init>,10,12,22
org.jfree.chart.renderer.xy.XYBarRenderer.getDefaultShadowsVisible,0,0,0
org.jfree.chart.plot.RingPlot.getOuterSeparatorExtension,0,0,0
org.jfree.chart.renderer.xy.AbstractXYItemRenderer.findDomainBounds,1,7,8
org.jfree.chart.renderer.category.ScatterRenderer.writeObject,0,0,0
org.jfree.chart.renderer.category.StackedBarRenderer.equals,2,4,6
org.jfree.chart.labels.StandardXYItemLabelGenerator.generateLabel,0,0,0
org.jfree.chart.plot.CombinedDomainXYPlot.clone,1,3,4
org.jfree.chart.labels.BoxAndWhiskerToolTipGenerator.equals,2,2,4
org.jfree.chart.renderer.xy.XYLineAndShapeRenderer.getSeriesShapesVisible,0,0,0
org.jfree.chart.renderer.category.BarRenderer.getItemMargin,0,0,0
org.jfree.chart.plot.dial.DialCap.readObject,0,0,0
org.jfree.chart.annotations.CategoryPointerAnnotation.setArrowPaint,0,0,0
org.jfree.chart.entity.ChartEntity.readObject,0,0,0
org.jfree.data.time.FixedMillisecond.next,2,0,2
org.jfree.chart.ChartPanel.setChart,1,7,8
org.jfree.chart.ChartPanel.getChart,0,0,0
org.jfree.data.time.Quarter.compareTo,6,0,6
org.jfree.chart.renderer.xy.XYShapeRenderer.drawItem,26,0,26
org.jfree.chart.annotations.XYTextAnnotation.clone,0,0,0
org.jfree.chart.renderer.LookupPaintScale.clone,0,0,0
org.jfree.chart.renderer.xy.XYDotRenderer.writeObject,0,0,0
org.jfree.data.xy.DefaultOHLCDataset.sortDataByDate,0,0,0
org.jfree.chart.ui.TextAnchor.<clinit>,0,0,0
org.jfree.chart.plot.PolarPlot.writeObject,0,0,0
org.jfree.data.statistics.DefaultBoxAndWhiskerCategoryDataset.getMaxOutlier,3,1,4
org.jfree.data.xy.YIntervalDataItem.getYValue,1,1,2
org.jfree.chart.util.ShapeUtils.drawRotatedShape,0,0,0
org.jfree.data.general.Series.<init>,0,0,0
org.jfree.chart.plot.dial.DialTextAnnotation.readObject,0,0,0
org.jfree.data.xy.MatrixSeries.zeroAll,0,4,4
org.jfree.chart.plot.Plot.setInsets,1,3,4
org.jfree.chart.plot.SeriesRenderingOrder.<init>,0,0,0
org.jfree.chart.labels.AbstractXYItemLabelGenerator.getNullYString,0,0,0
org.jfree.chart.plot.SeriesRenderingOrder.toString,0,0,0
org.jfree.chart.renderer.category.GradientBarPainter.paintBar,13,7,20
org.jfree.data.statistics.DefaultBoxAndWhiskerCategoryDataset.clear,0,0,0
org.jfree.data.xy.XYIntervalSeriesCollection.getYValue,0,0,0
org.jfree.chart.LegendItem.getShape,0,0,0
org.jfree.chart.plot.XYPlot.setRangeMinorGridlineStroke,0,0,0
org.jfree.chart.plot.CategoryPlot.render,13,13,26
org.jfree.chart.urls.CustomXYURLGenerator.generateURL,0,0,0
org.jfree.chart.JFreeChart.getRenderingHints,0,0,0
org.jfree.chart.util.ExportUtils.writeAsSVG,2,0,2
org.jfree.chart.text.TextUtils.isUseDrawRotatedStringWorkaround,0,0,0
org.jfree.chart.plot.ThermometerPlot.getDataset,0,0,0
org.jfree.chart.axis.LogAxis.hashCode,1,1,2
org.jfree.data.time.TimeSeries.getMaximumItemAge,0,0,0
org.jfree.data.xy.IntervalXYDelegate.getDomainUpperBound,1,1,2
org.jfree.data.xy.XYSeries.remove,0,0,0
org.jfree.chart.plot.dial.DialBackground.readObject,0,0,0
org.jfree.data.general.DefaultPieDataset.getKey,0,0,0
org.jfree.data.time.Day.getMonth,0,0,0
org.jfree.chart.plot.XYPlot.setDomainPannable,0,0,0
org.jfree.chart.plot.CategoryPlot.draw,31,39,70
org.jfree.chart.renderer.DefaultPolarItemRenderer.setSeriesToolTipGenerator,0,0,0
org.jfree.chart.plot.MeterPlot.getDialOutlinePaint,0,0,0
org.jfree.chart.plot.Marker.setAlpha,2,2,4
org.jfree.data.xy.OHLCDataItem.getVolume,0,0,0
org.jfree.data.statistics.DefaultBoxAndWhiskerCategoryDataset.getColumnKeys,0,0,0
org.jfree.chart.renderer.category.AbstractCategoryItemRenderer.setSeriesItemURLGenerator,1,1,2
org.jfree.chart.entity.StandardEntityCollection.<init>,0,0,0
org.jfree.data.gantt.TaskSeriesCollection.getSeriesKey,0,0,0
org.jfree.chart.plot.PolarPlot.setRadiusGridlineStroke,0,0,0
org.jfree.chart.renderer.OutlierListCollection.add,8,0,8
org.jfree.chart.title.TextTitle.hashCode,4,4,8
org.jfree.chart.plot.CombinedDomainCategoryPlot.getDataRange,0,0,0
org.jfree.chart.renderer.category.StatisticalLineAndShapeRenderer.getErrorIndicatorStroke,0,0,0
org.jfree.chart.axis.SymbolAxis.selectAutoTickUnit,0,0,0
org.jfree.chart.labels.StandardCategoryItemLabelGenerator.generateLabel,0,0,0
org.jfree.chart.renderer.xy.StackedXYAreaRenderer.getShapePaint,0,0,0
org.jfree.chart.plot.dial.DialCap.getFillPaint,0,0,0
org.jfree.chart.renderer.AbstractRenderer.setDefaultItemLabelPaint,1,1,2
org.jfree.chart.util.ShapeUtils.createDiagonalCross,0,0,0
org.jfree.chart.title.Title.<clinit>,0,0,0
org.jfree.chart.plot.RingPlot.setSectionDepth,0,0,0
org.jfree.chart.editor.DefaultPolarPlotEditor.validateAngleOffset,0,0,0
org.jfree.chart.renderer.category.GanttRenderer.getStartPercent,0,0,0
org.jfree.data.KeyedValues2DItemKey.<init>,0,0,0
org.jfree.data.time.Week.findSeparator,6,0,6
org.jfree.chart.title.PaintScaleLegend.setAxisLocation,0,0,0
org.jfree.chart.plot.XYPlot.getRangeTickBandPaint,0,0,0
org.jfree.chart.HashUtils.hashCode,21,13,34
org.jfree.chart.renderer.AbstractRenderer.getSeriesItemLabelPaint,0,0,0
org.jfree.data.statistics.HistogramType.equals,4,4,8
org.jfree.data.statistics.DefaultBoxAndWhiskerXYDataset.getOutliers,1,1,2
org.jfree.data.xy.YInterval.getYLow,0,0,0
org.jfree.chart.axis.PeriodAxisLabelInfo.getDrawDividers,0,0,0
org.jfree.chart.plot.FastScatterPlot.getPaint,0,0,0
org.jfree.data.time.Year.getYear,0,0,0
org.jfree.chart.plot.PiePlot.getIgnoreNullValues,0,0,0
org.jfree.data.time.Millisecond.getLastMillisecond,0,0,0
org.jfree.chart.annotations.TextAnnotation.writeObject,0,0,0
org.jfree.chart.LegendItem.setLine,0,0,0
org.jfree.chart.axis.ValueAxis.getRange,0,0,0
org.jfree.chart.StandardChartTheme.setChartBackgroundPaint,0,0,0
org.jfree.data.DataUtils.createNumberArray2D,0,2,2
org.jfree.chart.block.RectangleConstraint.getWidth,0,0,0
org.jfree.chart.plot.XYPlot.getFixedDomainAxisSpace,0,0,0
org.jfree.chart.ui.RectangleInsets.createInsetRectangle,6,0,6
org.jfree.chart.axis.CategoryAxis.calculateCategoryGapSize,4,6,10
org.jfree.chart.labels.MultipleXYSeriesLabelGenerator.addSeriesLabel,0,2,2
org.jfree.data.statistics.HistogramDataset.addSeries,1,13,14
org.jfree.chart.plot.CombinedDomainXYPlot.add,2,2,4
org.jfree.chart.urls.StandardPieURLGenerator.generateURL,2,2,4
org.jfree.data.xy.XIntervalSeriesCollection.getEndXValue,0,0,0
org.jfree.chart.axis.CategoryLabelPositions.replaceLeftPosition,0,0,0
org.jfree.chart.title.LegendGraphic.isShapeFilled,0,0,0
org.jfree.chart.renderer.xy.XYDifferenceRenderer.isEitherSeriesDegenerate,8,0,8
org.jfree.chart.renderer.category.LineAndShapeRenderer.getSeriesLinesVisible,0,0,0
org.jfree.chart.axis.LogAxis.resizeRange2,2,0,2
org.jfree.data.time.Month.toString,0,0,0
org.jfree.data.general.Series.getDescription,0,0,0
org.jfree.data.statistics.SimpleHistogramDataset.getEndX,0,0,0
org.jfree.data.statistics.SimpleHistogramDataset.getEndY,0,0,0
org.jfree.chart.editor.DefaultPlotEditor.attemptOrientationSelection,2,0,2
org.jfree.chart.renderer.xy.StackedXYAreaRenderer2.<init>,0,0,0
org.jfree.chart.plot.PiePlot3D.getDarkerSides,0,0,0
org.jfree.chart.renderer.xy.SamplingXYLineRenderer.<init>,0,0,0
org.jfree.data.xy.YWithXInterval.getY,0,0,0
org.jfree.chart.title.LegendTitle.setSources,0,0,0
org.jfree.chart.ui.RectangleInsets.extendHeight,0,0,0
org.jfree.chart.title.LegendGraphic.isLineVisible,0,0,0
org.jfree.chart.renderer.xy.HighLowRenderer.writeObject,0,0,0
org.jfree.data.time.Quarter.getFirstMillisecond,0,0,0
org.jfree.data.statistics.DefaultStatisticalCategoryDataset.removeRow,0,0,0
org.jfree.chart.axis.SubCategoryAxis.hashCode,0,0,0
org.jfree.data.time.TimePeriodValuesCollection.getEndX,0,0,0
org.jfree.data.time.TimePeriodValuesCollection.getEndY,0,0,0
org.jfree.data.time.TimeSeriesTableModel.getColumnName,4,0,4
org.jfree.chart.renderer.category.MinMaxCategoryRenderer.drawItem,19,5,24
org.jfree.chart.entity.XYAnnotationEntity.equals,8,0,8
org.jfree.chart.plot.dial.StandardDialScale.setTickRadius,1,1,2
org.jfree.chart.plot.dial.StandardDialScale.setTickLabelFont,0,0,0
org.jfree.data.xml.ItemHandler.startElement,4,0,4
org.jfree.data.xy.DefaultTableXYDataset.getDomainLowerBound,0,0,0
org.jfree.data.xy.XYSeriesCollection.getSeriesCount,0,0,0
org.jfree.data.statistics.DefaultBoxAndWhiskerXYDataset.getRangeBounds,0,0,0
org.jfree.chart.plot.PiePlot.getInteriorGap,0,0,0
org.jfree.chart.renderer.category.LineAndShapeRenderer.setDefaultShapesFilled,0,0,0
org.jfree.data.general.Series.fireSeriesChanged,1,1,2
org.jfree.chart.event.AxisChangeEvent.<init>,0,0,0
org.jfree.chart.renderer.AbstractRenderer.setLegendTextPaint,0,0,0
org.jfree.chart.plot.CompassPlot.setSeriesOutlinePaint,4,0,4
org.jfree.data.statistics.SimpleHistogramBin.accepts,0,10,10
org.jfree.chart.plot.MeterPlot.getDialShape,0,0,0
org.jfree.chart.plot.dial.StandardDialFrame.<init>,0,0,0
org.jfree.data.xy.XIntervalSeriesCollection.getEndX,0,0,0
org.jfree.chart.title.ShortTextTitle.draw,2,0,2
org.jfree.data.xy.XIntervalSeriesCollection.getEndY,0,0,0
org.jfree.chart.plot.dial.DialValueIndicator.setOutlinePaint,0,0,0
org.jfree.chart.editor.DefaultLogAxisEditor.setAxisProperties,2,0,2
org.jfree.chart.labels.StandardCategorySeriesLabelGenerator.<init>,0,0,0
org.jfree.chart.util.AbstractObjectList.size,0,0,0
org.jfree.chart.editor.DefaultValueAxisEditor.actionPerformed,12,0,12
org.jfree.data.KeyedValueComparatorType.<init>,0,0,0
org.jfree.data.time.Hour.getFirstMillisecond,0,0,0
org.jfree.chart.axis.Axis.getLabelEnclosure,5,7,12
org.jfree.data.DataUtils.calculateRowTotal,1,9,10
org.jfree.data.time.Hour.getDay,0,0,0
org.jfree.chart.block.AbstractBlock.setID,0,0,0
org.jfree.data.xy.DefaultHighLowDataset.getXDate,0,0,0
org.jfree.data.time.Day.hashCode,0,0,0
org.jfree.chart.plot.ThermometerPlot.getValueFont,0,0,0
org.jfree.chart.renderer.AbstractRenderer.getItemLabelAnchorOffset,0,0,0
org.jfree.chart.ui.RectangleInsets.trimWidth,0,0,0
org.jfree.chart.plot.MeterPlot.setUnits,0,0,0
org.jfree.chart.renderer.xy.AbstractXYItemRenderer.setDefaultToolTipGenerator,0,0,0
org.jfree.data.xy.XYSeries.maxIgnoreNaN,0,4,4
org.jfree.data.resources.DataPackageResources_de.<init>,0,0,0
org.jfree.chart.annotations.XYTextAnnotation.setRotationAngle,0,0,0
org.jfree.chart.renderer.xy.StandardXYItemRenderer$State.getSeriesIndex,0,0,0
org.jfree.chart.plot.MeterPlot.drawValueLabel,2,2,4
org.jfree.chart.renderer.xy.XYBoxAndWhiskerRenderer.getFillBox,0,0,0
org.jfree.data.time.TimeSeriesCollection.getDomainOrder,0,0,0
org.jfree.data.gantt.Task.<init>,0,0,0
org.jfree.chart.renderer.xy.StackedXYAreaRenderer.readObject,0,0,0
org.jfree.chart.ChartPanel.writeAsPDF,2,0,2
org.jfree.data.gantt.XYTaskDataset.getItemValue,0,0,0
org.jfree.chart.annotations.XYTextAnnotation.setTextAnchor,0,0,0
org.jfree.chart.ui.GradientPaintTransformType.<init>,0,0,0
org.jfree.data.jdbc.JDBCPieDataset.close,0,0,0
org.jfree.data.time.TimeTableXYDataset.add,2,2,4
org.jfree.chart.axis.PeriodAxis.getMinorTickMarkOutsideLength,0,0,0
org.jfree.chart.plot.XYPlot.setAxisOffset,0,0,0
org.jfree.chart.editor.DefaultTitleEditor.attemptPaintSelection,4,0,4
org.jfree.chart.date.SpreadsheetDate.<init>,8,16,24
org.jfree.chart.plot.CategoryPlot.getDomainAxis,3,1,4
org.jfree.chart.labels.StandardCategorySeriesLabelGenerator.generateLabel,0,0,0
org.jfree.data.category.DefaultCategoryDataset.getRowIndex,0,0,0
org.jfree.chart.renderer.xy.AbstractXYItemRenderer.equals,2,22,24
org.jfree.data.gantt.Task.getSubtask,0,0,0
org.jfree.data.xy.XYSeriesCollection.getRangeUpperBound,0,6,6
org.jfree.chart.block.GridArrangement.add,0,0,0
org.jfree.chart.urls.CustomXYURLGenerator.getURLCount,0,2,2
org.jfree.chart.axis.Axis.setFixedDimension,0,0,0
org.jfree.chart.plot.FastScatterPlot.setDomainGridlinePaint,0,0,0
org.jfree.data.time.DateRange.getLowerDate,0,0,0
org.jfree.chart.text.TextFragment.getBaselineOffset,0,0,0
org.jfree.chart.renderer.xy.StackedXYBarRenderer.findRangeBounds,2,2,4
org.jfree.chart.axis.Axis.notifyListeners,1,3,4
org.jfree.chart.annotations.XYPointerAnnotation.setAngle,0,0,0
org.jfree.chart.annotations.XYTextAnnotation.getRotationAngle,0,0,0
org.jfree.chart.plot.ThermometerPlot.isRangeZoomable,0,0,0
org.jfree.chart.date.SpreadsheetDate.calcSerial,0,4,4
org.jfree.data.category.DefaultIntervalCategoryDataset.getCategoryIndex,0,4,4
org.jfree.chart.util.SerialUtils.readStroke,2,4,6
org.jfree.chart.plot.ThermometerPlot.getPadding,0,0,0
org.jfree.chart.renderer.category.WaterfallBarRenderer.writeObject,0,0,0
org.jfree.chart.plot.SpiderWebPlot.calculateMaxValue,1,7,8
org.jfree.data.xy.DefaultWindDataset.getY,0,0,0
org.jfree.data.xy.DefaultWindDataset.getX,0,0,0
org.jfree.chart.renderer.xy.VectorRenderer.drawItem,12,0,12
org.jfree.chart.renderer.xy.SamplingXYLineRenderer.equals,8,0,8
org.jfree.chart.renderer.category.BoxAndWhiskerRenderer.getLegendItem,5,7,12
org.jfree.data.gantt.SlidingGanttCategoryDataset.getValue,2,0,2
org.jfree.data.time.TimePeriodValue.getValue,0,0,0
org.jfree.chart.axis.LogarithmicAxis.setRange,0,0,0
org.jfree.chart.renderer.DefaultPolarItemRenderer.setDrawOutlineWhenFilled,0,0,0
org.jfree.data.time.TimeSeriesCollection.getDomainBounds,3,9,12
org.jfree.chart.axis.ValueAxis.isInverted,0,0,0
org.jfree.chart.axis.DateAxis.configure,1,1,2
org.jfree.data.gantt.XYTaskDataset.getItemCount,0,0,0
org.jfree.chart.labels.CustomXYToolTipGenerator.getListCount,0,0,0
org.jfree.data.xy.YIntervalSeriesCollection.getSeries,1,3,4
org.jfree.chart.annotations.XYPolygonAnnotation.getPolygonCoordinates,0,0,0
org.jfree.data.io.CSV.<init>,0,0,0
org.jfree.chart.plot.dial.StandardDialFrame.equals,1,11,12
org.jfree.chart.JFreeChart.getPlot,0,0,0
org.jfree.data.statistics.MeanAndStandardDeviation.getStandardDeviationValue,1,1,2
org.jfree.chart.axis.Axis.setAxisLinePaint,0,0,0
org.jfree.data.time.Millisecond.equals,6,8,14
org.jfree.chart.labels.StandardXYToolTipGenerator.equals,1,3,4
org.jfree.chart.plot.CompassPlot.setLabelType,3,3,6
org.jfree.chart.plot.PolarPlot.getDatasetsMappedToAxis,4,4,8
org.jfree.chart.block.LengthConstraintType.<clinit>,0,0,0
org.jfree.chart.renderer.xy.XYAreaRenderer.getLegendArea,0,0,0
org.jfree.chart.needle.PlumNeedle.drawNeedle,4,0,4
org.jfree.chart.plot.Marker.getLabelAnchor,0,0,0
org.jfree.data.ComparableObjectItem.compareTo,1,1,2
org.jfree.chart.block.AbstractBlock.trimPadding,0,0,0
org.jfree.chart.renderer.xy.AbstractXYItemRenderer.getLegendItemURLGenerator,0,0,0
org.jfree.chart.plot.XYPlot.getLegendItems,5,13,18
org.jfree.chart.util.DefaultShadowGenerator.hashCode,0,0,0
org.jfree.chart.renderer.category.BarRenderer.setGradientPaintTransformer,0,0,0
org.jfree.chart.plot.SpiderWebPlot.drawLabel,1,1,2
org.jfree.chart.renderer.category.GanttRenderer.readObject,0,0,0
org.jfree.data.time.Minute.getHourValue,0,0,0
org.jfree.chart.axis.DateTickUnitType.equals,1,5,6
org.jfree.chart.axis.PeriodAxis.setMinorTickMarkPaint,0,0,0
org.jfree.chart.renderer.category.StatisticalLineAndShapeRenderer.equals,3,5,8
org.jfree.chart.editor.DefaultAxisEditor.getTickLabelFont,0,0,0
org.jfree.chart.StandardChartTheme.getTitlePaint,0,0,0
org.jfree.chart.title.LegendTitle.setWrapper,0,0,0
org.jfree.chart.plot.MeterPlot.setDataset,1,3,4
org.jfree.data.xy.XYIntervalSeriesCollection.getEndYValue,0,0,0
org.jfree.chart.renderer.category.LineAndShapeRenderer.getSeriesShapesFilled,1,1,2
org.jfree.chart.util.ArrayUtils.compareVersionArrays,12,0,12
org.jfree.chart.renderer.category.StackedAreaRenderer.getRenderAsPercentages,0,0,0
org.jfree.chart.renderer.category.BarRenderer.getShadowXOffset,0,0,0
org.jfree.chart.renderer.xy.DeviationRenderer.setAlpha,2,2,4
org.jfree.data.statistics.DefaultBoxAndWhiskerCategoryDataset.getColumnCount,0,0,0
org.jfree.data.xy.DefaultIntervalXYDataset.getEndXValue,0,0,0
org.jfree.data.KeyedValuesItemKey.<init>,0,0,0
org.jfree.chart.renderer.xy.StackedXYAreaRenderer.drawItem,44,28,72
org.jfree.chart.editor.DefaultTitleEditor.<clinit>,0,0,0
org.jfree.chart.plot.Plot.getBackgroundImageAlignment,0,0,0
org.jfree.data.general.DefaultKeyedValueDataset.getValue,1,1,2
org.jfree.chart.renderer.category.AbstractCategoryItemRenderer.getItemMiddle,0,0,0
org.jfree.chart.plot.CategoryMarker.setKey,0,0,0
org.jfree.chart.entity.StandardEntityCollection.getEntityCount,0,0,0
org.jfree.data.statistics.SimpleHistogramDataset.setAdjustForBinSize,0,0,0
org.jfree.data.xy.DefaultOHLCDataset.clone,0,0,0
org.jfree.chart.plot.PiePlot.drawPie,9,13,22
org.jfree.data.time.Minute.compareTo,6,0,6
org.jfree.chart.axis.SubCategoryAxis.equals,3,9,12
org.jfree.chart.plot.RingPlot.drawItem,44,0,44
org.jfree.chart.plot.CategoryPlot.setRangeMinorGridlineStroke,0,0,0
org.jfree.data.KeyToGroupMap.getKeyCount,0,4,4
org.jfree.chart.title.LegendGraphic.setShape,0,0,0
org.jfree.chart.plot.dial.DialTextAnnotation.setLabel,0,0,0
org.jfree.chart.renderer.category.LevelRenderer.initialise,0,0,0
org.jfree.chart.plot.XYPlot.setWeight,0,0,0
org.jfree.chart.ChartPanel.isEnforceFileExtensions,0,0,0
org.jfree.chart.renderer.xy.XYStepRenderer.drawLine,3,7,10
org.jfree.chart.StandardChartTheme.equals,4,60,64
org.jfree.data.time.Month.getSerialIndex,0,0,0
org.jfree.chart.plot.Crosshair.equals,1,33,34
org.jfree.chart.annotations.XYPointerAnnotation.setArrowWidth,0,0,0
org.jfree.chart.ChartPanel.doEditChartProperties,2,0,2
org.jfree.data.time.Month.getYearValue,0,0,0
org.jfree.chart.renderer.category.BarRenderer.setBase,0,0,0
org.jfree.chart.renderer.xy.AbstractXYItemRenderer.calculateRangeMarkerTextAnchorPoint,4,0,4
org.jfree.chart.ChartPanel.actionPerformed,32,0,32
org.jfree.data.DataUtils.equal,2,10,12
org.jfree.chart.title.TextTitle.clone,0,0,0
org.jfree.chart.plot.CategoryPlot.configureDomainAxes,0,4,4
org.jfree.data.time.FixedMillisecond.compareTo,5,3,8
org.jfree.chart.util.AttrStringUtils.isBaseline,6,0,6
org.jfree.chart.JFreeChart.getTitle,0,0,0
org.jfree.data.KeyedValuesItemKey.equals,6,0,6
org.jfree.data.time.Quarter.previous,1,3,4
org.jfree.chart.title.LegendGraphic.arrangeNN,2,2,4
org.jfree.chart.ChartPanel.getZoomInFactor,0,0,0
org.jfree.chart.text.TextFragment.calculateDimensions,0,0,0
org.jfree.chart.annotations.XYTitleAnnotation.hashCode,0,0,0
org.jfree.chart.renderer.category.StatisticalLineAndShapeRenderer.hashCode,0,0,0
org.jfree.chart.plot.dial.DialTextAnnotation.hashCode,0,0,0
org.jfree.chart.plot.Marker.<init>,2,2,4
org.jfree.chart.block.AbstractBlock.setPadding,0,0,0
org.jfree.data.time.Minute.getSerialIndex,0,0,0
org.jfree.chart.axis.QuarterDateFormat.<init>,0,0,0
org.jfree.chart.plot.SpiderWebPlot.getDirection,0,0,0
org.jfree.chart.renderer.AbstractRenderer.getDefaultShape,0,0,0
org.jfree.chart.panel.CrosshairOverlay.addRangeCrosshair,0,0,0
org.jfree.data.xy.XYDatasetTableModel.setModel,0,0,0
org.jfree.chart.LegendItem.setToolTipText,0,0,0
org.jfree.chart.util.ShapeUtils.clone,0,2,2
org.jfree.chart.renderer.LookupPaintScale.readObject,0,0,0
org.jfree.chart.renderer.xy.XYBarRenderer.getUseYInterval,0,0,0
org.jfree.chart.entity.JFreeChartEntity.toString,0,0,0
org.jfree.chart.block.LabelBlock.setPaint,0,0,0
org.jfree.chart.plot.PiePlot.getAutoPopulateSectionPaint,0,0,0
org.jfree.chart.PolarChartPanel.actionPerformed,6,0,6
org.jfree.chart.axis.ExtendedCategoryAxis.getSubLabelPaint,0,0,0
org.jfree.chart.plot.dial.StandardDialScale.getMinorTickStroke,0,0,0
org.jfree.chart.plot.CombinedRangeXYPlot.getSubplots,1,1,2
org.jfree.chart.axis.AxisLocation.equals,1,5,6
org.jfree.chart.plot.MeterPlot.setTickLabelFont,1,1,2
org.jfree.chart.renderer.xy.XYAreaRenderer.setGradientTransformer,0,0,0
org.jfree.chart.plot.dial.DialCap.getOutlineStroke,0,0,0
org.jfree.chart.util.CloneUtils.<init>,0,0,0
org.jfree.data.statistics.SimpleHistogramBin.equals,1,11,12
org.jfree.chart.urls.CustomCategoryURLGenerator.generateURL,0,0,0
org.jfree.chart.axis.PeriodAxis.getMinorTickTimePeriodClass,0,0,0
org.jfree.data.time.MovingAverage.createPointMovingAverage,8,0,8
org.jfree.chart.text.TextUtils.setUseDrawRotatedStringWorkaround,0,0,0
org.jfree.data.DataUtils.calculateColumnTotal,1,9,10
org.jfree.chart.plot.CombinedRangeCategoryPlot.<init>,0,0,0
org.jfree.chart.plot.PieLabelDistributor.distributeLabels,0,6,6
org.jfree.chart.axis.Axis.getMinorTickMarkOutsideLength,0,0,0
org.jfree.chart.axis.ValueAxis.isAutoTickUnitSelection,0,0,0
org.jfree.chart.labels.StandardXYToolTipGenerator.<init>,0,0,0
org.jfree.chart.title.TextTitle.getPaint,0,0,0
org.jfree.chart.plot.SpiderWebPlot.setLabelPaint,0,0,0
org.jfree.data.xy.YIntervalSeriesCollection.getEndY,0,0,0
org.jfree.data.xy.YIntervalSeriesCollection.getEndX,0,0,0
org.jfree.chart.ui.UIUtils.createJLabel,0,0,0
org.jfree.chart.renderer.category.MinMaxCategoryRenderer.setDrawLines,1,1,2
org.jfree.chart.renderer.category.WaterfallBarRenderer.drawItem,36,0,36
org.jfree.chart.renderer.xy.StandardXYItemRenderer.getPlotLines,0,0,0
org.jfree.chart.plot.dial.DialTextAnnotation.getAngle,0,0,0
org.jfree.chart.plot.XYPlot.isRangeZoomable,0,0,0
org.jfree.chart.LegendItem.setURLText,0,0,0
org.jfree.chart.renderer.xy.XYLineAndShapeRenderer.<init>,0,0,0
org.jfree.chart.renderer.xy.XYBarRenderer.setBase,0,0,0
org.jfree.data.time.DynamicTimeSeriesCollection.getX,4,0,4
org.jfree.data.time.DynamicTimeSeriesCollection.getY,0,0,0
org.jfree.chart.urls.CustomXYURLGenerator.addURLSeries,0,2,2
org.jfree.chart.ui.RectangleInsets.getBottom,0,0,0
org.jfree.data.xy.OHLCDataItem.getClose,0,0,0
org.jfree.data.xy.DefaultXYZDataset.equals,4,10,14
org.jfree.chart.annotations.XYPointerAnnotation.getLabelOffset,0,0,0
org.jfree.chart.block.AbstractBlock.getContentYOffset,0,0,0
org.jfree.chart.title.CompositeTitle.getBackgroundPaint,0,0,0
org.jfree.chart.plot.PiePlot.getSectionOutlinePaint,0,0,0
org.jfree.chart.plot.PieLabelDistributor.spreadEvenly,1,5,6
org.jfree.chart.plot.CombinedRangeCategoryPlot.setOrientation,2,0,2
org.jfree.chart.renderer.xy.StandardXYItemRenderer.getGapThreshold,0,0,0
org.jfree.chart.block.LabelBlock.writeObject,0,0,0
org.jfree.chart.axis.LogarithmicAxis.autoAdjustRange,49,1,50
org.jfree.chart.renderer.xy.XYLineAndShapeRenderer.getUseOutlinePaint,0,0,0
org.jfree.chart.title.ImageTitle.equals,6,0,6
org.jfree.data.category.DefaultIntervalCategoryDataset.getSeriesIndex,0,4,4
org.jfree.chart.axis.LogAxis.refreshTicks,3,1,4
org.jfree.chart.ui.RectangleEdge.opposite,8,0,8
org.jfree.data.time.Week.previous,1,3,4
org.jfree.chart.plot.PiePlot.getSectionPaint,0,0,0
org.jfree.chart.ChartPanel.saveAsSVG,16,0,16
org.jfree.data.xml.PieDatasetHandler.<init>,0,0,0
org.jfree.data.time.Millisecond.getMillisecond,0,0,0
org.jfree.data.xy.AbstractIntervalXYDataset.getEndXValue,1,1,2
org.jfree.chart.plot.dial.DialCap.clone,0,0,0
org.jfree.chart.plot.FastScatterPlot.drawDomainGridlines,1,3,4
org.jfree.data.xy.VectorSeries.getDataItem,0,0,0
org.jfree.chart.plot.SpiderWebPlot.getHeadPercent,0,0,0
org.jfree.data.DefaultKeyedValues.sortByKeys,0,4,4
org.jfree.chart.annotations.XYTitleAnnotation.getMaxHeight,0,0,0
org.jfree.chart.util.AttrStringUtils.isBottom,6,0,6
org.jfree.chart.plot.CategoryPlot.drawAxes,7,17,24
org.jfree.chart.renderer.xy.CandlestickRenderer.clone,0,0,0
org.jfree.data.KeyedObjects2D.setObject,0,4,4
org.jfree.data.time.Week.parseWeek,12,0,12
org.jfree.chart.plot.PiePlot.setDefaultSectionPaint,0,0,0
org.jfree.chart.renderer.xy.StandardXYItemRenderer.setBaseShapesVisible,1,1,2
org.jfree.data.xy.DefaultTableXYDataset.getDomainBounds,2,0,2
org.jfree.chart.text.TextUtils.drawRotatedString,10,12,22
org.jfree.chart.plot.CrosshairState.getCrosshairX,0,0,0
org.jfree.chart.block.FlowArrangement.equals,1,11,12
org.jfree.chart.plot.CrosshairState.getCrosshairY,0,0,0
org.jfree.chart.renderer.xy.XYDifferenceRenderer.equals,3,13,16
org.jfree.chart.renderer.category.StackedBarRenderer.getPassCount,0,0,0
org.jfree.chart.text.TextBlockAnchor.hashCode,0,0,0
org.jfree.chart.plot.XYPlot.getDomainMinorGridlinePaint,0,0,0
org.jfree.chart.renderer.AbstractRenderer.getDefaultStroke,0,0,0
org.jfree.chart.annotations.TextAnnotation.getTextAnchor,0,0,0
org.jfree.chart.renderer.xy.CandlestickRenderer.getAutoWidthGap,0,0,0
org.jfree.chart.util.ShapeUtils.getPointInRectangle,0,0,0
org.jfree.data.xy.XIntervalSeriesCollection.getItemCount,0,0,0
org.jfree.data.statistics.DefaultStatisticalCategoryDataset.getColumnKey,0,0,0
org.jfree.chart.plot.Plot.resolveDomainAxisLocation,18,8,26
org.jfree.chart.axis.PeriodAxis.writeObject,0,0,0
org.jfree.chart.plot.CombinedRangeCategoryPlot.equals,3,5,8
org.jfree.chart.plot.dial.StandardDialFrame.draw,0,0,0
org.jfree.chart.ui.Size2D.getWidth,0,0,0
org.jfree.chart.renderer.xy.XYShapeRenderer.setGuideLinePaint,0,0,0
org.jfree.data.xy.AbstractIntervalXYDataset.<init>,0,0,0
org.jfree.chart.plot.Marker.equals,2,28,30
org.jfree.chart.plot.dial.StandardDialFrame.getRadius,0,0,0
org.jfree.chart.plot.CategoryPlot.setDomainCrosshairRowKey,0,2,2
org.jfree.data.xy.YIntervalSeriesCollection.getSeriesCount,0,0,0
org.jfree.data.xy.VectorSeriesCollection.removeAllSeries,2,0,2
org.jfree.chart.block.ColorBlock.getPaint,0,0,0
org.jfree.chart.renderer.LookupPaintScale.getDefaultPaint,0,0,0
org.jfree.data.statistics.DefaultStatisticalCategoryDataset.getColumnKeys,0,0,0
org.jfree.data.xy.DefaultIntervalXYDataset.getItemCount,1,3,4
org.jfree.chart.plot.dial.DialPlot.getValue,4,0,4
org.jfree.chart.renderer.AbstractRenderer.getDefaultFillPaint,0,0,0
org.jfree.chart.axis.ValueAxis.calculateAnchorPoint,3,5,8
org.jfree.chart.plot.XYPlot.setRangeCrosshairValue,1,3,4
org.jfree.chart.util.AttrStringUtils.deriveRotationAnchorOffsets,16,0,16
org.jfree.chart.renderer.xy.XYBarRenderer.getPositiveItemLabelPositionFallback,0,0,0
org.jfree.data.xy.XYSeries.toArray,0,4,4
org.jfree.data.time.TimeSeries.addAndOrUpdate,1,3,4
org.jfree.data.general.DefaultPieDataset.hashCode,0,0,0
org.jfree.chart.axis.SymbolAxis.drawGridBandsVertical,10,0,10
org.jfree.chart.block.ColorBlock.writeObject,0,0,0
org.jfree.data.time.TimeSeries.getMaximumItemCount,0,0,0
org.jfree.chart.plot.Plot.drawOutline,3,3,6
org.jfree.chart.plot.CombinedDomainCategoryPlot.calculateAxisSpace,12,10,22
org.jfree.chart.ChartPanel.getZoomOutlinePaint,0,0,0
org.jfree.chart.renderer.category.StandardBarPainter.paintBar,10,0,10
org.jfree.chart.plot.CategoryPlot.panRangeAxes,8,0,8
org.jfree.chart.renderer.category.CategoryItemRendererState.setCrosshairState,0,0,0
org.jfree.chart.axis.TickUnits.getLargerTickUnit,2,0,2
org.jfree.chart.labels.SymbolicXYItemLabelGenerator.equals,2,2,4
org.jfree.chart.plot.dial.DialPlot.setBackground,0,4,4
org.jfree.chart.renderer.xy.XYShapeRenderer.getPassCount,0,0,0
org.jfree.chart.renderer.xy.XYDifferenceRenderer.setRoundXCoordinates,0,0,0
org.jfree.chart.renderer.xy.XYBlockRenderer.clone,1,1,2
org.jfree.data.xy.DefaultXYDataset.addSeries,3,7,10
org.jfree.chart.plot.dial.StandardDialScale.setMajorTickStroke,0,0,0
org.jfree.data.xy.IntervalXYDelegate.getDomainBounds,1,3,4
org.jfree.chart.axis.CategoryAxis.setCategoryLabelPositionOffset,0,0,0
org.jfree.chart.plot.CombinedRangeCategoryPlot.setGap,0,0,0
org.jfree.data.time.ohlc.OHLCSeriesCollection.getXPosition,0,0,0
org.jfree.chart.renderer.xy.AbstractXYItemRenderer.getLegendItem,6,6,12
org.jfree.chart.urls.TimeSeriesURLGenerator.getSeriesParameterName,0,0,0
org.jfree.chart.renderer.category.GroupedStackedBarRenderer.calculateBarW0,2,2,4
org.jfree.data.gantt.XYTaskDataset.setTransposed,0,0,0
org.jfree.chart.title.PaintScaleLegend.<init>,0,0,0
org.jfree.chart.ui.LengthAdjustmentType.hashCode,0,0,0
org.jfree.data.time.TimePeriodValues.getMaxMiddleIndex,0,0,0
org.jfree.chart.util.RelativeDateFormat.<init>,0,0,0
org.jfree.chart.plot.CombinedDomainXYPlot.setGap,0,0,0
org.jfree.chart.plot.PieLabelLinkStyle.<clinit>,0,0,0
org.jfree.chart.plot.CrosshairState.getDatasetIndex,0,0,0
org.jfree.chart.plot.CategoryPlot.addAnnotation,1,1,2
org.jfree.data.xy.XYSeries.createCopy,4,0,4
org.jfree.chart.renderer.xy.CyclicXYItemRenderer$OverwriteDataSet.getXValue,2,0,2
org.jfree.chart.plot.CombinedRangeXYPlot.setShadowGenerator,2,0,2
org.jfree.data.xy.AbstractIntervalXYDataset.getStartXValue,1,1,2
org.jfree.chart.renderer.AbstractRenderer.isSeriesItemLabelsVisible,1,1,2
org.jfree.chart.axis.PeriodAxis.drawTickMarks,4,0,4
org.jfree.chart.entity.StandardEntityCollection.add,0,0,0
org.jfree.chart.util.RelativeDateFormat.hashCode,0,0,0
org.jfree.chart.editor.DefaultValueAxisEditor.toggleAutoTick,0,0,0
org.jfree.chart.plot.PiePlot.getStartAngle,0,0,0
org.jfree.chart.LegendRenderingOrder.<init>,0,0,0
org.jfree.data.general.DefaultValueDataset.<init>,0,0,0
org.jfree.chart.date.SerialDate.addYears,0,0,0
org.jfree.chart.util.PaintAlpha.darker,12,0,12
org.jfree.chart.axis.QuarterDateFormat.format,2,0,2
org.jfree.chart.plot.FastScatterPlot.getDomainAxis,0,0,0
org.jfree.chart.renderer.xy.AbstractXYItemRenderer.getURLGenerator,0,0,0
org.jfree.data.time.Hour.toString,0,0,0
org.jfree.chart.entity.LegendItemEntity.clone,0,0,0
org.jfree.data.xy.XYIntervalSeries.add,0,0,0
org.jfree.data.general.AbstractDataset.getNotify,0,0,0
org.jfree.chart.plot.PiePlot.setLabelOutlinePaint,0,0,0
org.jfree.chart.util.RelativeDateFormat.setSecondSuffix,0,0,0
org.jfree.chart.ChartPanel.restoreAutoRangeBounds,2,2,4
org.jfree.chart.text.TextFragment.hashCode,3,3,6
org.jfree.chart.axis.PeriodAxis.hashCode,0,0,0
org.jfree.chart.StandardChartTheme.getGridBandAlternatePaint,0,0,0
org.jfree.data.xy.XYSeriesCollection.getIntervalWidth,0,0,0
org.jfree.chart.renderer.xy.StackedXYAreaRenderer$StackedXYAreaRendererState.setCurrentSeriesPoints,0,0,0
org.jfree.chart.renderer.xy.XYDotRenderer.getDotHeight,0,0,0
org.jfree.chart.plot.PolarAxisLocation.readResolve,1,15,16
org.jfree.chart.date.SerialDate.monthCodeToString,4,0,4
org.jfree.chart.renderer.xy.XYLineAndShapeRenderer.setDefaultShapesFilled,0,0,0
org.jfree.chart.axis.DateAxis.getLocale,0,0,0
org.jfree.chart.title.PaintScaleLegend.arrangeRR,8,0,8
org.jfree.chart.plot.PiePlot3D.isAngleAtBack,1,1,2
org.jfree.data.time.TimePeriodValuesCollection.<init>,1,1,2
org.jfree.chart.renderer.xy.StandardXYItemRenderer.setPlotLines,1,1,2
org.jfree.chart.plot.dial.DialPointer$Pointer.equals,3,7,10
org.jfree.chart.text.TextLine.getLastTextFragment,1,1,2
org.jfree.chart.plot.DialShape.toString,0,0,0
org.jfree.chart.axis.NumberTickUnit.valueToString,0,0,0
org.jfree.data.category.SlidingCategoryDataset.getColumnCount,0,2,2
org.jfree.chart.renderer.xy.XYShapeRenderer.readObject,0,0,0
org.jfree.chart.plot.Crosshair.setLabelYOffset,0,0,0
org.jfree.chart.block.BlockParams.getTranslateX,0,0,0
org.jfree.chart.block.BlockParams.getTranslateY,0,0,0
org.jfree.chart.plot.MeterPlot.setDialBackgroundPaint,0,0,0
org.jfree.chart.plot.dial.DialValueIndicator.getNumberFormat,0,0,0
org.jfree.chart.plot.RingPlot.setSeparatorPaint,0,0,0
org.jfree.data.general.Series.removePropertyChangeListener,0,0,0
org.jfree.chart.renderer.AbstractRenderer.setDefaultItemLabelFont,1,1,2
org.jfree.chart.editor.DefaultPolarPlotEditor.focusGained,0,0,0
org.jfree.chart.axis.SymbolAxis.writeObject,0,0,0
org.jfree.chart.renderer.xy.XYErrorRenderer.readObject,0,0,0
org.jfree.data.statistics.DefaultBoxAndWhiskerCategoryDataset.getRowCount,0,0,0
org.jfree.chart.axis.MarkerAxisBand.drawStringInRect,2,0,2
org.jfree.chart.axis.CyclicNumberAxis.writeObject,0,0,0
org.jfree.chart.StandardChartTheme.setLegendBackgroundPaint,0,0,0
org.jfree.data.time.FixedMillisecond.getFirstMillisecond,0,0,0
org.jfree.chart.ChartPanel.drawHorizontalAxisTrace,6,0,6
org.jfree.data.KeyedObjects.removeValue,0,2,2
org.jfree.chart.axis.CyclicNumberAxis.calculateAnchorPoint,2,0,2
org.jfree.data.time.Minute.getMinute,0,0,0
org.jfree.data.time.TimeSeries.addOrUpdate,1,19,20
org.jfree.chart.ChartPanel.doCopy,0,0,0
org.jfree.chart.axis.PeriodAxis.getMajorTickTimePeriodClass,0,0,0
org.jfree.chart.renderer.xy.XYLineAndShapeRenderer.setDefaultLinesVisible,0,0,0
org.jfree.chart.annotations.CategoryPointerAnnotation.setBaseRadius,0,0,0
org.jfree.chart.renderer.xy.XYSplineRenderer$FillType.<clinit>,0,0,0
org.jfree.data.xy.XYBarDataset.getStartY,0,0,0
org.jfree.chart.plot.dial.DialPointer$Pin.readObject,0,0,0
org.jfree.chart.block.BlockBorder.writeObject,0,0,0
org.jfree.data.xy.XYBarDataset.getStartX,2,0,2
org.jfree.chart.renderer.category.MinMaxCategoryRenderer$2.getIconWidth,0,0,0
org.jfree.data.xy.XYBarDataset.getEndYValue,0,0,0
org.jfree.chart.axis.CategoryLabelWidthType.readResolve,1,3,4
org.jfree.chart.axis.ValueAxis.getAutoRangeMinimumSize,0,0,0
org.jfree.data.xy.CategoryTableXYDataset.equals,1,5,6
org.jfree.data.time.TimePeriodValues.getDomainDescription,0,0,0
org.jfree.chart.util.Rotation.getFactor,0,0,0
org.jfree.chart.plot.MeterPlot.getTickPaint,0,0,0
org.jfree.chart.plot.CategoryPlot.setRangeGridlineStroke,0,0,0
org.jfree.chart.date.SerialDate.isLeapYear,0,6,6
org.jfree.data.time.SimpleTimePeriod.getEnd,0,0,0
org.jfree.chart.plot.PiePlot.setExplodePercent,1,1,2
org.jfree.chart.plot.WaferMapPlot.<clinit>,0,0,0
org.jfree.data.time.TimeSeries.delete,4,8,12
org.jfree.data.category.SlidingCategoryDataset.getValue,0,2,2
org.jfree.data.Range.toString,0,0,0
org.jfree.data.function.NormalDistributionFunction2D.<init>,1,1,2
org.jfree.data.xy.XYSeries.add,3,17,20
org.jfree.chart.text.TextFragment.getFont,0,0,0
org.jfree.chart.axis.ValueAxis.setAutoTickIndex,0,0,0
org.jfree.data.time.TimeSeries.getDomainDescription,0,0,0
org.jfree.chart.plot.CombinedDomainXYPlot.<init>,0,0,0
org.jfree.chart.renderer.category.LineAndShapeRenderer.getUseSeriesOffset,0,0,0
org.jfree.chart.axis.NumberAxis.hashCode,0,0,0
org.jfree.chart.plot.PiePlotState.getExplodedPieArea,0,0,0
org.jfree.chart.entity.LegendItemEntity.getSeriesKey,0,0,0
org.jfree.chart.renderer.xy.XYBoxAndWhiskerRenderer.clone,0,0,0
org.jfree.chart.StandardChartTheme.setDomainGridlinePaint,0,0,0
org.jfree.chart.plot.dial.DialValueIndicator.getDatasetIndex,0,0,0
org.jfree.chart.plot.CategoryPlot.getWeight,0,0,0
org.jfree.chart.plot.MultiplePiePlot.getPlotType,0,0,0
org.jfree.chart.plot.SpiderWebPlot.draw,4,8,12
org.jfree.chart.renderer.xy.XYBarRenderer.setDefaultBarPainter,0,0,0
org.jfree.data.KeyedObject.clone,0,2,2
org.jfree.chart.plot.XYPlot.getDomainZeroBaselineStroke,0,0,0
org.jfree.data.general.DefaultValueDataset.setValue,0,0,0
org.jfree.chart.plot.Crosshair.hashCode,0,0,0
org.jfree.chart.renderer.AbstractRenderer.getDefaultSeriesVisible,0,0,0
org.jfree.chart.axis.CategoryLabelPosition.getLabelAnchor,0,0,0
org.jfree.chart.plot.XYPlot.setDomainMinorGridlinesVisible,1,1,2
org.jfree.data.time.TimeSeriesDataItem.equals,2,6,8
org.jfree.chart.renderer.WaferMapRenderer.setPlot,0,0,0
org.jfree.chart.plot.CategoryPlot.getFixedLegendItems,0,0,0
org.jfree.data.gantt.Task.equals,1,11,12
org.jfree.chart.imagemap.StandardToolTipTagFragmentGenerator.generateToolTipFragment,0,0,0
org.jfree.data.time.Second.hashCode,0,0,0
org.jfree.data.xy.XYDatasetTableModel.isCellEditable,0,0,0
org.jfree.data.gantt.SlidingGanttCategoryDataset.getColumnKeys,2,0,2
org.jfree.data.xy.DefaultHighLowDataset.getHighValue,2,0,2
org.jfree.data.statistics.DefaultBoxAndWhiskerCategoryDataset.removeColumn,0,0,0
org.jfree.chart.plot.CategoryPlot.setDomainGridlinePaint,0,0,0
org.jfree.chart.renderer.category.BoxAndWhiskerRenderer.setUseOutlinePaintForWhiskers,2,0,2
org.jfree.chart.plot.XYPlot.annotationChanged,2,0,2
org.jfree.chart.renderer.xy.AbstractXYItemRenderer.getDefaultToolTipGenerator,0,0,0
org.jfree.chart.plot.Plot.drawBackgroundImage,1,1,2
org.jfree.chart.text.TextLine.getFirstTextFragment,2,0,2
org.jfree.chart.renderer.category.StackedBarRenderer.<init>,0,0,0
org.jfree.chart.StandardChartTheme.<init>,1,1,2
org.jfree.data.category.DefaultIntervalCategoryDataset.equals,5,7,12
org.jfree.chart.util.PaintAlpha.cloneImage,4,0,4
org.jfree.chart.editor.DefaultPlotEditor.<init>,0,0,0
org.jfree.data.time.TimePeriodValue.clone,0,0,0
org.jfree.chart.annotations.CategoryPointerAnnotation.writeObject,0,0,0
org.jfree.chart.renderer.xy.XYLineAndShapeRenderer.getDrawOutlines,0,0,0
org.jfree.chart.entity.CategoryItemEntity.getRowKey,0,0,0
org.jfree.data.xy.XYInterval.equals,2,12,14
org.jfree.chart.plot.PiePlot.drawSimpleLabels,28,0,28
org.jfree.chart.plot.XYPlot.getDomainGridlinePaint,0,0,0
org.jfree.data.time.ohlc.OHLCSeries.<init>,0,0,0
org.jfree.chart.renderer.AbstractRenderer.calculateLabelAnchorPoint,50,0,50
org.jfree.chart.renderer.xy.XYStepAreaRenderer.<init>,2,4,6
org.jfree.chart.plot.Plot.getNoDataMessagePaint,0,0,0
org.jfree.chart.JFreeChart.removeSubtitle,0,0,0
org.jfree.chart.block.BlockBorder.<init>,0,0,0
org.jfree.chart.labels.HighLowItemLabelGenerator.<init>,2,2,4
org.jfree.chart.axis.DateAxis.isHiddenValue,1,1,2
org.jfree.chart.renderer.category.AbstractCategoryItemRenderer.getItemLabelGenerator,0,0,0
org.jfree.chart.labels.BubbleXYItemLabelGenerator.createItemArray,6,0,6
org.jfree.chart.plot.PlotRenderingInfo.<init>,0,0,0
org.jfree.chart.plot.dial.DialBackground.isClippedToWindow,0,0,0
org.jfree.data.Range.shift,0,2,2
org.jfree.chart.plot.dial.DialPlot.viewToFrame,0,0,0
org.jfree.chart.renderer.xy.XYSplineRenderer.setPrecision,1,1,2
org.jfree.chart.plot.PlotState.<init>,0,0,0
org.jfree.data.time.Week.getYear,0,0,0
org.jfree.chart.encoders.ImageEncoderFactory.<init>,0,0,0
org.jfree.data.gantt.SlidingGanttCategoryDataset.getRowCount,0,0,0
org.jfree.chart.axis.ValueAxis.lengthToJava2D,0,0,0
org.jfree.data.xy.DefaultTableXYDataset.removeSeries,4,8,12
org.jfree.chart.axis.DateAxis.getMaximumDate,1,1,2
org.jfree.chart.LegendItemCollection.getItemCount,0,0,0
org.jfree.chart.ChartPanel.isRangeZoomable,0,0,0
org.jfree.chart.plot.Crosshair.addPropertyChangeListener,0,0,0
org.jfree.chart.renderer.xy.XYBarRenderer.calculateLabelAnchorPoint,50,0,50
org.jfree.chart.renderer.xy.XYDifferenceRenderer.createPolygon,18,0,18
org.jfree.data.xy.DefaultWindDataset.<init>,5,7,12
org.jfree.chart.ui.RectangleAnchor.getAnchorPoint,11,7,18
org.jfree.chart.renderer.OutlierList.isMultiple,0,0,0
org.jfree.chart.renderer.category.AbstractCategoryItemRenderer.drawDomainMarker,14,0,14
org.jfree.chart.editor.DefaultChartEditor.<clinit>,0,0,0
org.jfree.chart.plot.CompassPlot.getRoseHighlightPaint,0,0,0
org.jfree.chart.ChartPanel.getListeners,0,2,2
org.jfree.chart.renderer.category.BarRenderer.getDefaultBarPainter,0,0,0
org.jfree.data.xy.WindDataItem.getWindForce,0,0,0
org.jfree.chart.annotations.TextAnnotation.<clinit>,0,0,0
org.jfree.chart.axis.TickUnits.getCeilingTickUnit,0,2,2
org.jfree.data.time.Hour.peg,0,0,0
org.jfree.chart.axis.ValueAxis.setUpArrow,0,0,0
org.jfree.chart.plot.PolarPlot.isAngleLabelsVisible,0,0,0
org.jfree.data.DefaultKeyedValue.setValue,0,0,0
org.jfree.chart.renderer.category.BarRenderer.setBarPainter,0,0,0
org.jfree.data.xy.IntervalXYDelegate.hashCode,0,0,0
org.jfree.chart.entity.CategoryItemEntity.setColumnKey,0,0,0
org.jfree.chart.LegendItem.getOutlineStroke,0,0,0
org.jfree.chart.axis.CategoryAxis.getMaximumCategoryLabelLines,0,0,0
org.jfree.chart.JFreeChart.notifyListeners,5,5,10
org.jfree.chart.plot.dial.StandardDialScale.setTickLabelOffset,0,0,0
org.jfree.data.xy.VectorSeriesCollection.getY,0,0,0
org.jfree.data.xy.VectorSeriesCollection.getX,0,0,0
org.jfree.data.category.DefaultIntervalCategoryDataset.getRowCount,0,0,0
org.jfree.chart.plot.FastScatterPlot.setRangeGridlineStroke,0,0,0
org.jfree.data.xy.MatrixSeriesCollection.addSeries,0,0,0
org.jfree.chart.labels.StandardCategorySeriesLabelGenerator.equals,1,5,6
org.jfree.chart.plot.CompassPlot.setSeriesPaint,2,2,4
org.jfree.chart.plot.MeterPlot.<init>,0,0,0
org.jfree.data.time.ohlc.OHLCItem.getLowValue,1,1,2
org.jfree.chart.renderer.category.LevelRenderer.equals,2,6,8
org.jfree.chart.editor.DefaultNumberAxisEditor.createTickUnitPanel,2,0,2
org.jfree.data.jdbc.JDBCXYDataset.setTimeSeries,0,0,0
org.jfree.chart.plot.PiePlot.getDataset,0,0,0
org.jfree.chart.util.CloneUtils.cloneMapValues,0,4,4
org.jfree.chart.util.ObjectList.<init>,0,0,0
org.jfree.chart.date.SerialDate.<init>,0,0,0
org.jfree.chart.axis.ValueAxis.setMinorTickCount,0,0,0
org.jfree.chart.axis.ModuloAxis.transEnd,6,0,6
org.jfree.data.general.HeatMapUtils.createHeatMapImage,4,0,4
org.jfree.data.gantt.Task.setDuration,0,0,0
org.jfree.chart.labels.StandardXYSeriesLabelGenerator.hashCode,0,0,0
org.jfree.data.time.Quarter.<clinit>,0,0,0
org.jfree.data.gantt.XYTaskDataset.equals,2,8,10
org.jfree.chart.panel.CrosshairOverlay.drawHorizontalCrosshair,10,0,10
org.jfree.data.general.WaferMapDataset.setMaxChipY,0,0,0
org.jfree.chart.plot.CombinedDomainCategoryPlot.getGap,0,0,0
org.jfree.data.time.TimePeriodValuesCollection.setXPosition,0,0,0
org.jfree.data.general.WaferMapDataset.setMaxChipX,0,0,0
org.jfree.chart.plot.CategoryPlot.getDomainCrosshairRowKey,0,0,0
org.jfree.data.time.TimeSeriesDataItem.setValue,0,0,0
org.jfree.chart.plot.CategoryPlot.calculateAxisSpace,0,0,0
org.jfree.data.general.DatasetGroup.equals,3,3,6
org.jfree.data.xy.MatrixSeries.getItemRow,0,0,0
org.jfree.chart.renderer.xy.XYBarRenderer.getBase,0,0,0
org.jfree.chart.renderer.category.AbstractCategoryItemRenderer.initialise,2,4,6
org.jfree.chart.plot.SpiderWebPlot.calculateLabelLocation,0,6,6
org.jfree.chart.title.LegendTitle.getLegendItemGraphicAnchor,0,0,0
org.jfree.chart.JFreeChart.setPadding,0,0,0
org.jfree.chart.renderer.xy.XYBarRenderer.getLegendItem,7,7,14
org.jfree.chart.plot.PiePlot3D.isAngleAtFront,0,2,2
org.jfree.data.time.DynamicTimeSeriesCollection.getNewestIndex,0,0,0
org.jfree.chart.plot.CrosshairState.getCrosshairDistance,0,0,0
org.jfree.chart.renderer.xy.XYItemRendererState.<init>,0,0,0
org.jfree.chart.renderer.DefaultPolarItemRenderer.clone,5,5,10
org.jfree.chart.plot.ThermometerPlot.datasetChanged,10,0,10
org.jfree.chart.renderer.DefaultPolarItemRenderer.drawRadialGridLines,6,0,6
org.jfree.chart.date.SpreadsheetDate.getYYYY,0,0,0
org.jfree.chart.renderer.xy.StackedXYAreaRenderer2.getPassCount,0,0,0
org.jfree.data.xy.VectorSeriesCollection.addSeries,0,0,0
org.jfree.chart.plot.PiePlotState.setExplodedPieArea,0,0,0
org.jfree.chart.plot.Marker.setPaint,0,0,0
org.jfree.chart.renderer.category.AbstractCategoryItemRenderer.getToolTipGenerator,0,2,2
org.jfree.data.xml.RootHandler.getSubHandlers,0,0,0
org.jfree.chart.ui.LCBLayout.minimumLayoutSize,10,0,10
org.jfree.chart.needle.MiddlePinNeedle.<init>,0,0,0
org.jfree.chart.plot.XYPlot.drawRangeTickBands,9,1,10
org.jfree.chart.plot.FastScatterPlot.calculateYDataRange,1,9,10
org.jfree.chart.plot.PolarPlot.zoomDomainAxes,0,0,0
org.jfree.chart.util.PaintAlpha.<clinit>,0,0,0
org.jfree.chart.plot.XYPlot.setRangePannable,0,0,0
org.jfree.data.xml.KeyHandler.getCurrentText,0,0,0
org.jfree.data.xy.XYItemKey.getSeriesKey,0,0,0
org.jfree.data.DefaultKeyedValues2D.getRowIndex,0,2,2
org.jfree.chart.title.PaintScaleLegend.axisChanged,1,1,2
org.jfree.chart.plot.XYPlot.getDomainAxis,0,4,4
org.jfree.chart.ui.ApplicationFrame.<init>,0,0,0
org.jfree.chart.imagemap.ImageMapUtils.getImageMap,10,0,10
org.jfree.chart.entity.JFreeChartEntity.getChart,0,0,0
org.jfree.data.category.SlidingCategoryDataset.getRowKey,0,0,0
org.jfree.chart.renderer.category.MinMaxCategoryRenderer.setObjectIcon,0,0,0
org.jfree.data.time.ohlc.OHLCSeriesCollection.getLowValue,0,0,0
org.jfree.chart.renderer.xy.GradientXYBarPainter.paintBar,20,0,20
org.jfree.chart.plot.XYPlot.setRangeCrosshairVisible,0,2,2
org.jfree.chart.plot.PiePlot.setShadowGenerator,0,0,0
org.jfree.chart.renderer.xy.XYLineAndShapeRenderer.setDrawSeriesLineAsPath,1,1,2
org.jfree.data.ComparableObjectSeries.getMaximumItemCount,0,0,0
org.jfree.data.gantt.XYTaskDataset.getStartXValue,2,0,2
org.jfree.chart.axis.NumberAxis.estimateMaximumTickLabelWidth,2,2,4
org.jfree.chart.plot.FastScatterPlot.clone,3,3,6
org.jfree.chart.axis.CategoryAnchor.toString,0,0,0
org.jfree.chart.axis.PeriodAxisLabelInfo.getLabelFont,0,0,0
org.jfree.chart.axis.AxisState.setCursor,0,0,0
org.jfree.chart.renderer.AbstractRenderer.setSeriesCreateEntities,1,1,2
org.jfree.chart.labels.StandardXYItemLabelGenerator.clone,0,0,0
org.jfree.data.KeyedValueComparatorType.hashCode,0,0,0
org.jfree.chart.renderer.xy.StackedXYAreaRenderer2.equals,2,4,6
org.jfree.chart.plot.CategoryPlot.getCategoriesForAxis,1,5,6
org.jfree.chart.ChartPanel.zoom,4,4,8
org.jfree.chart.renderer.xy.XYLineAndShapeRenderer.getSeriesShapesFilled,0,0,0
org.jfree.chart.axis.LogAxis.equals,5,9,14
org.jfree.chart.axis.ModuloAxis.getDisplayEnd,0,0,0
org.jfree.chart.renderer.xy.XYLineAndShapeRenderer$State.<init>,0,0,0
org.jfree.data.general.DefaultKeyedValueDataset.getKey,1,1,2
org.jfree.chart.event.ChartChangeEventType.readResolve,6,0,6
org.jfree.chart.axis.Axis.createAndAddEntity,4,10,14
org.jfree.data.gantt.Task.setDescription,0,0,0
org.jfree.chart.plot.CategoryPlot.getDatasetCount,0,0,0
org.jfree.chart.urls.CustomPieURLGenerator.<init>,0,0,0
org.jfree.chart.entity.CategoryLabelEntity.hashCode,0,0,0
org.jfree.chart.title.TextTitle.setBackgroundPaint,0,0,0
org.jfree.data.xy.YIntervalDataItem.getYHighValue,1,1,2
org.jfree.chart.labels.BubbleXYItemLabelGenerator.generateLabelString,1,1,2
org.jfree.chart.plot.CombinedDomainXYPlot.remove,3,7,10
org.jfree.chart.axis.ValueAxis.drawAxisLine,27,9,36
org.jfree.chart.plot.XYPlot.drawHorizontalLine,4,0,4
org.jfree.data.statistics.SimpleHistogramDataset.clearObservations,1,1,2
org.jfree.data.general.AbstractDataset.validateObject,0,0,0
org.jfree.chart.renderer.xy.YIntervalRenderer.drawAdditionalItemLabel,2,0,2
org.jfree.chart.renderer.xy.CandlestickRenderer.getDownPaint,0,0,0
org.jfree.chart.axis.LogarithmicAxis.getAllowNegativesFlag,0,0,0
org.jfree.chart.HashUtils.hashCodeForDoubleArray,1,3,4
org.jfree.chart.renderer.xy.StackedXYAreaRenderer2.drawItem,42,0,42
org.jfree.chart.ui.UIUtils.centerFrameOnScreen,0,0,0
org.jfree.chart.editor.DefaultPlotEditor.attemptBackgroundPaintSelection,2,0,2
org.jfree.chart.JFreeChart.getAntiAlias,0,0,0
org.jfree.chart.renderer.AbstractRenderer.getSeriesItemLabelFont,0,0,0
org.jfree.chart.text.TextBlockAnchor.readResolve,7,11,18
org.jfree.chart.event.ChartChangeEventType.<clinit>,0,0,0
org.jfree.chart.needle.MeterNeedle.setSize,0,0,0
org.jfree.chart.StandardChartTheme.applyToXYPlot,14,12,26
org.jfree.chart.block.BlockParams.getGenerateEntities,0,0,0
org.jfree.chart.encoders.SunPNGEncoderAdapter.encode,0,0,0
org.jfree.chart.plot.XYPlot.setDomainAxis,1,7,8
org.jfree.chart.annotations.XYDrawableAnnotation.<init>,0,0,0
org.jfree.chart.renderer.xy.XYBarRenderer.clone,1,1,2
org.jfree.data.xy.DefaultOHLCDataset.getClose,0,0,0
org.jfree.chart.plot.CategoryMarker.getKey,0,0,0
org.jfree.chart.urls.CustomCategoryURLGenerator.getURLCount,0,2,2
org.jfree.data.xy.MatrixSeriesCollection.hashCode,2,0,2
org.jfree.data.statistics.DefaultBoxAndWhiskerCategoryDataset.getMinRegularValue,2,2,4
org.jfree.chart.title.LegendGraphic.isShapeOutlineVisible,0,0,0
org.jfree.chart.entity.PlotEntity.writeObject,0,0,0
org.jfree.chart.plot.CategoryPlot.zoomRangeAxes,12,0,12
org.jfree.data.RangeType.<init>,0,0,0
org.jfree.chart.plot.XYPlot.checkAxisIndices,3,5,8
org.jfree.chart.plot.XYPlot.addRangeMarker,4,6,10
org.jfree.data.gantt.TaskSeriesCollection.clone,0,0,0
org.jfree.chart.needle.MeterNeedle.setHighlightPaint,1,1,2
org.jfree.chart.plot.MeterPlot.getTickLabelsVisible,0,0,0
org.jfree.chart.renderer.category.WaterfallBarRenderer.getLastBarPaint,0,0,0
org.jfree.chart.renderer.DefaultPolarItemRenderer.getDrawingSupplier,1,1,2
org.jfree.data.function.PolynomialFunction2D.getOrder,0,0,0
org.jfree.data.time.TimePeriodValues.hashCode,4,0,4
org.jfree.data.xy.IntervalXYDelegate.setFixedIntervalWidth,1,1,2
org.jfree.chart.annotations.XYTextAnnotation.readObject,0,0,0
org.jfree.chart.ChartPanel.translateJava2DToScreen,0,0,0
org.jfree.chart.plot.MultiplePiePlot.setAggregatedItemsKey,0,0,0
org.jfree.chart.axis.CategoryAxis.addCategoryLabelURL,0,0,0
org.jfree.chart.labels.MultipleXYSeriesLabelGenerator.generateLabel,4,0,4
org.jfree.chart.editor.DefaultTitleEditor.setTitleProperties,4,0,4
org.jfree.data.gantt.XYTaskDataset.getYValue,2,0,2
org.jfree.chart.plot.CategoryPlot.getAxisOffset,0,0,0
org.jfree.chart.resources.JFreeChartResources.<init>,0,0,0
org.jfree.chart.renderer.xy.XYLineAndShapeRenderer.getItemLineVisible,1,1,2
org.jfree.data.function.NormalDistributionFunction2D.getValue,0,0,0
org.jfree.chart.block.BorderArrangement.arrangeFN,0,10,10
org.jfree.chart.util.ObjectList.set,0,0,0
org.jfree.chart.block.BorderArrangement.arrangeFR,2,0,2
org.jfree.chart.renderer.category.MinMaxCategoryRenderer.getGroupPaint,0,0,0
org.jfree.chart.title.PaintScaleLegend.getStripOutlineStroke,0,0,0
org.jfree.chart.plot.FastScatterPlot.getDataRange,1,3,4
org.jfree.data.DefaultKeyedValues2D.getColumnKey,0,0,0
org.jfree.chart.editor.DefaultPlotEditor.actionPerformed,12,0,12
org.jfree.chart.renderer.RendererUtils.findLiveItemsLowerBound,1,29,30
org.jfree.chart.renderer.xy.StackedXYAreaRenderer.setShapeStroke,0,0,0
org.jfree.chart.plot.PiePlot.setLabelGenerator,0,0,0
org.jfree.chart.plot.ThermometerPlot.setValueFormat,0,0,0
org.jfree.chart.block.BorderArrangement.arrangeFF,0,20,20
org.jfree.chart.plot.IntervalMarker.getGradientPaintTransformer,0,0,0
org.jfree.chart.axis.DateAxis.previousStandardDate,5,45,50
org.jfree.chart.StandardChartTheme.applyToPeriodAxis,2,0,2
org.jfree.chart.plot.XYPlot.getDomainAxisEdge,0,0,0
org.jfree.chart.plot.PiePlot.getLabelGenerator,0,0,0
org.jfree.chart.plot.PiePlot.setLabelOutlineStroke,0,0,0
org.jfree.data.time.TimeTableXYDataset.getX,0,0,0
org.jfree.data.time.TimeTableXYDataset.getY,0,0,0
org.jfree.data.gantt.TaskSeriesCollection.getColumnKey,0,0,0
org.jfree.chart.plot.PiePlot.<init>,0,2,2
org.jfree.chart.axis.PeriodAxisLabelInfo.clone,0,0,0
org.jfree.chart.axis.ValueAxis.getMinorTickCount,0,0,0
org.jfree.chart.annotations.XYLineAnnotation.writeObject,0,0,0
org.jfree.chart.plot.PiePlot3D.equals,1,7,8
org.jfree.data.statistics.BoxAndWhiskerItem.toString,0,0,0
org.jfree.chart.renderer.xy.XYLineAndShapeRenderer.setSeriesLinesVisible,0,0,0
org.jfree.chart.plot.RingPlot.getCenterTextFormatter,0,0,0
org.jfree.chart.renderer.category.MinMaxCategoryRenderer.setGroupPaint,0,0,0
org.jfree.chart.renderer.category.CategoryStepRenderer.equals,2,4,6
org.jfree.chart.renderer.xy.DeviationRenderer.findRangeBounds,0,0,0
org.jfree.chart.plot.PolarPlot.setFixedLegendItems,0,0,0
org.jfree.chart.plot.PolarPlot.drawCornerTextItems,6,0,6
org.jfree.chart.renderer.AbstractRenderer.setAutoPopulateSeriesOutlineStroke,0,0,0
org.jfree.chart.plot.PlotRenderingInfo.getSubplotCount,0,0,0
org.jfree.chart.labels.HighLowItemLabelGenerator.generateToolTip,12,0,12
org.jfree.chart.plot.PiePlot.drawItem,17,11,28
org.jfree.chart.plot.PolarPlot.render,12,0,12
org.jfree.chart.date.SerialDate.addDays,0,0,0
org.jfree.chart.annotations.AbstractXYAnnotation.setToolTipText,0,0,0
org.jfree.data.resources.DataPackageResources_ru.<init>,0,0,0
org.jfree.chart.servlet.ServletUtilities.<init>,0,0,0
org.jfree.chart.renderer.xy.XYAreaRenderer.setUseFillPaint,0,0,0
org.jfree.data.DomainOrder.hashCode,0,0,0
org.jfree.data.time.TimeTableXYDataset.getStartXValue,0,0,0
org.jfree.chart.plot.XYPlot.setDomainCrosshairVisible,1,1,2
org.jfree.chart.plot.Plot.<clinit>,0,0,0
org.jfree.chart.ChartPanel.zoomInDomain,1,1,2
org.jfree.chart.util.Args.requireNonNegative,0,2,2
org.jfree.data.time.Second.<init>,0,0,0
org.jfree.chart.plot.XYPlot.setRangeMinorGridlinesVisible,1,1,2
org.jfree.chart.axis.SymbolAxis.setGridBandPaint,0,0,0
org.jfree.chart.title.LegendGraphic.getLine,0,0,0
org.jfree.chart.plot.PolarPlot.mapDatasetToAxes,2,0,2
org.jfree.chart.plot.dial.DialPlot.getCap,0,0,0
org.jfree.chart.title.LegendTitle.getItemLabelPadding,0,0,0
org.jfree.chart.plot.MeterPlot.setValueFont,0,0,0
org.jfree.chart.renderer.category.AbstractCategoryItemRenderer.getPlot,0,0,0
org.jfree.chart.renderer.xy.AbstractXYItemRenderer.getSeriesItemLabelGenerator,0,0,0
org.jfree.chart.util.UnitType.toString,0,0,0
org.jfree.chart.plot.CategoryPlot.zoomDomainAxes,0,0,0
org.jfree.chart.block.BorderArrangement.arrangeRR,10,10,20
org.jfree.chart.renderer.xy.CandlestickRenderer.getDrawVolume,0,0,0
org.jfree.chart.renderer.xy.XYDotRenderer.equals,2,8,10
org.jfree.chart.JFreeChart.setTextAntiAlias,2,0,2
org.jfree.chart.annotations.XYLineAnnotation.draw,10,0,10
org.jfree.chart.text.TextBlockAnchor.<init>,0,0,0
org.jfree.chart.util.AttrStringUtils.isTop,6,0,6
org.jfree.chart.title.TextTitle.setToolTipText,0,0,0
org.jfree.chart.ui.TextAnchor.equals,1,5,6
org.jfree.data.gantt.XYTaskDataset.getEndYValue,2,0,2
org.jfree.chart.axis.ValueAxis.equals,2,32,34
org.jfree.chart.entity.StandardEntityCollection.clear,0,0,0
org.jfree.chart.renderer.xy.StandardXYItemRenderer.clone,0,0,0
org.jfree.chart.text.TextBox.getHeight,0,0,0
org.jfree.data.general.DatasetUtils.calculatePieDatasetTotal,1,7,8
org.jfree.chart.renderer.xy.AbstractXYItemRenderer.lineTo,0,0,0
org.jfree.data.xy.XYSeries.updateBoundsForRemovedItem,3,17,20
org.jfree.chart.renderer.xy.AbstractXYItemRenderer.beginElementGroup,0,0,0
org.jfree.chart.ChartPanel.zoomInBoth,1,1,2
org.jfree.chart.util.Rotation.toString,0,0,0
org.jfree.data.Range.combine,0,4,4
org.jfree.chart.axis.ModuloAxis.getDisplayLength,2,0,2
org.jfree.data.xy.YIntervalSeries.<init>,0,0,0
org.jfree.chart.labels.ItemLabelPosition.<init>,0,0,0
org.jfree.data.xy.XYInterval.<init>,0,0,0
org.jfree.chart.plot.PiePlot.getLabelLinkPaint,0,0,0
org.jfree.data.xy.XYSeries.clone,0,0,0
org.jfree.data.xy.CategoryTableXYDataset.getEndY,0,0,0
org.jfree.chart.renderer.xy.XYBarRenderer$XYBarRendererState.<init>,0,0,0
org.jfree.data.xy.CategoryTableXYDataset.getEndX,0,0,0
org.jfree.data.xml.ValueHandler.characters,2,0,2
org.jfree.chart.renderer.OutlierListCollection.isLowFarOut,0,0,0
org.jfree.chart.renderer.xy.CandlestickRenderer.getUseOutlinePaint,0,0,0
org.jfree.chart.renderer.xy.XYDifferenceRenderer.getShapesVisible,0,0,0
org.jfree.chart.util.PaintUtils.equal,42,20,62
org.jfree.chart.LegendItem.getLineStroke,0,0,0
org.jfree.chart.axis.DateAxis.getDateFormatOverride,0,0,0
org.jfree.chart.ChartPanel.setInitialDelay,0,0,0
org.jfree.data.xy.IntervalXYDelegate.datasetChanged,0,2,2
org.jfree.chart.editor.DefaultTitleEditor.attemptFontSelection,2,0,2
org.jfree.chart.PolarChartPanel.createPopupMenu,8,0,8
org.jfree.chart.plot.XYPlot.getDataRange,10,28,38
org.jfree.chart.plot.MeterPlot.setValuePaint,0,0,0
org.jfree.data.statistics.BoxAndWhiskerItem.equals,10,12,22
org.jfree.data.KeyedObjects2D.getColumnKey,0,0,0
org.jfree.chart.plot.XYPlot.getDomainMarkers,1,5,6
org.jfree.chart.axis.CategoryLabelPosition.hashCode,0,0,0
org.jfree.chart.title.LegendGraphic.<init>,0,0,0
org.jfree.chart.ui.RectangleEdge.isLeftOrRight,1,3,4
org.jfree.chart.renderer.category.BarRenderer.getLegendItem,6,8,14
org.jfree.chart.plot.dial.DialTextAnnotation.setFont,0,0,0
org.jfree.chart.axis.CategoryAxis.readPaintMap,1,3,4
org.jfree.chart.block.BorderArrangement.arrangeNN,0,20,20
org.jfree.data.xy.VectorSeries.getVectorXValue,0,0,0
org.jfree.chart.plot.PiePlot3D.drawSide,68,14,82
org.jfree.chart.StandardChartTheme.applyToPlot,14,8,22
org.jfree.chart.renderer.LookupPaintScale.writeObject,0,0,0
org.jfree.data.xy.IntervalXYDelegate.<init>,0,0,0
org.jfree.chart.editor.ChartEditorManager.getChartEditor,0,0,0
org.jfree.chart.renderer.AbstractRenderer.hashCode,0,0,0
org.jfree.chart.renderer.xy.AbstractXYItemRenderer.getLegendItemToolTipGenerator,0,0,0
org.jfree.chart.plot.CategoryPlot.setAxisOffset,0,0,0
org.jfree.chart.StrokeMap.containsKey,0,0,0
org.jfree.data.gantt.TaskSeriesCollection.add,0,4,4
org.jfree.data.category.DefaultCategoryDataset.incrementValue,0,2,2
org.jfree.chart.annotations.CategoryPointerAnnotation.getBaseRadius,0,0,0
org.jfree.chart.renderer.category.LayeredBarRenderer.drawHorizontalItem,44,0,44
org.jfree.chart.plot.ThermometerPlot.getPlotType,0,0,0
org.jfree.chart.plot.SpiderWebPlot.getAxisLineStroke,0,0,0
org.jfree.chart.date.SerialDate.getDescription,0,0,0
org.jfree.chart.plot.CombinedDomainXYPlot.equals,2,6,8
org.jfree.chart.plot.FastScatterPlot.setPaint,0,0,0
org.jfree.chart.plot.XYPlot.setFixedRangeAxisSpace,1,1,2
org.jfree.chart.axis.SymbolAxis.<init>,0,0,0
org.jfree.chart.plot.Plot.clone,1,1,2
org.jfree.chart.renderer.xy.XYLineAndShapeRenderer.equals,0,28,28
org.jfree.chart.annotations.XYPointerAnnotation.readObject,0,0,0
org.jfree.chart.urls.StandardCategoryURLGenerator.equals,1,9,10
org.jfree.chart.text.TextUtils.nextLineBreak,2,12,14
org.jfree.chart.editor.DefaultTitleEditor.actionPerformed,6,0,6
org.jfree.chart.renderer.category.StackedBarRenderer.findRangeBounds,1,3,4
org.jfree.chart.renderer.category.LineAndShapeRenderer.setSeriesShapesVisible,0,0,0
org.jfree.chart.title.PaintScaleLegend.equals,1,21,22
org.jfree.data.statistics.Statistics.getMovingAverage,8,0,8
org.jfree.chart.plot.CategoryPlot.getRangeMarkers,1,5,6
org.jfree.chart.axis.DateAxis.valueToJava2D,6,2,8
org.jfree.chart.plot.Crosshair.setLabelOutlinePaint,0,0,0
org.jfree.chart.util.SerialUtils.writePoint2D,2,2,4
org.jfree.chart.plot.CrosshairState.updateCrosshairPoint,7,1,8
org.jfree.chart.axis.ExtendedCategoryAxis.clone,0,0,0
org.jfree.chart.axis.NumberAxis.calculateVisibleTickCount,0,0,0
org.jfree.chart.encoders.ImageEncoderFactory.init,0,0,0
org.jfree.chart.needle.LineNeedle.equals,2,2,4
org.jfree.data.statistics.HistogramDataset.getBins,0,0,0
org.jfree.chart.StandardChartTheme.getDomainGridlinePaint,0,0,0
org.jfree.chart.date.SpreadsheetDate.compare,0,0,0
org.jfree.data.xy.AbstractXYZDataset.<init>,0,0,0
org.jfree.chart.renderer.xy.StandardXYItemRenderer.initialise,0,0,0
org.jfree.chart.plot.dial.DialPlot.getDatasetCount,0,0,0
org.jfree.chart.renderer.xy.AbstractXYItemRenderer.setSeriesToolTipGenerator,0,0,0
org.jfree.chart.renderer.xy.XYBarRenderer.isDrawBarOutline,0,0,0
org.jfree.chart.util.TableOrder.<init>,0,0,0
org.jfree.data.xy.DefaultOHLCDataset.getSeriesCount,0,0,0
org.jfree.data.general.Series.setKey,0,0,0
org.jfree.data.resources.DataPackageResources_de.<clinit>,0,0,0
org.jfree.data.xy.XYBarDataset.getYValue,0,0,0
org.jfree.chart.ui.StandardGradientPaintTransformer.transform,8,0,8
org.jfree.chart.plot.XYPlot.getDomainZeroBaselinePaint,0,0,0
org.jfree.chart.axis.PeriodAxis.setMinorTickMarkInsideLength,0,0,0
org.jfree.data.time.TimeSeries.setRangeDescription,0,0,0
org.jfree.chart.renderer.xy.XYDifferenceRenderer.writeObject,0,0,0
org.jfree.data.resources.DataPackageResources_pl.<init>,0,0,0
org.jfree.chart.annotations.AbstractXYAnnotation.getToolTipText,0,0,0
org.jfree.chart.plot.SpiderWebPlot.getAxisLabelGap,0,0,0
org.jfree.chart.plot.XYPlot.getAnnotations,0,0,0
org.jfree.chart.renderer.OutlierListCollection.isHighFarOut,0,0,0
org.jfree.chart.StandardChartTheme.applyToPiePlot,3,3,6
org.jfree.chart.title.CompositeTitle.getContainer,0,0,0
org.jfree.chart.plot.Plot.createAndAddEntity,1,5,6
org.jfree.data.xy.XYBarDataset.datasetChanged,0,0,0
org.jfree.chart.plot.SpiderWebPlot.setToolTipGenerator,0,0,0
org.jfree.chart.ChartPanel.<clinit>,0,0,0
org.jfree.chart.axis.SubCategoryAxis.drawSubCategoryLabels,20,4,24
org.jfree.chart.renderer.category.AbstractCategoryItemRenderer.setDefaultItemURLGenerator,1,1,2
org.jfree.chart.LegendItem.getFillPaint,0,0,0
org.jfree.data.xy.XYIntervalSeriesCollection.getSeriesCount,0,0,0
org.jfree.chart.annotations.XYLineAnnotation.clone,0,0,0
org.jfree.chart.renderer.AbstractRenderer.setDataBoundsIncludesVisibleSeriesOnly,0,0,0
org.jfree.data.statistics.DefaultMultiValueCategoryDataset.getRowKeys,0,0,0
org.jfree.chart.renderer.AbstractRenderer.endElementGroup,0,0,0
org.jfree.chart.axis.PeriodAxisLabelInfo.hashCode,0,0,0
org.jfree.chart.axis.SubCategoryAxis.readObject,0,0,0
org.jfree.data.time.TimeSeries.createCopy,1,21,22
org.jfree.data.xy.YIntervalSeriesCollection.getItemCount,0,0,0
org.jfree.chart.renderer.AbstractRenderer.setAutoPopulateSeriesOutlinePaint,0,0,0
org.jfree.chart.plot.dial.DialTextAnnotation.<init>,0,0,0
org.jfree.chart.entity.ChartEntity.hashCode,0,0,0
org.jfree.data.time.TimeSeriesCollection.setXPosition,0,0,0
org.jfree.chart.labels.BubbleXYItemLabelGenerator.getZDateFormat,0,0,0
org.jfree.data.statistics.SimpleHistogramDataset.equals,4,6,10
org.jfree.chart.plot.CombinedRangeCategoryPlot.getGap,0,0,0
org.jfree.chart.renderer.GrayPaintScale.getUpperBound,0,0,0
org.jfree.chart.block.ColumnArrangement.<init>,0,0,0
org.jfree.data.xy.XYBarDataset.getEndXValue,0,0,0
org.jfree.chart.plot.PiePlotState.getPieCenterY,0,0,0
org.jfree.chart.plot.PiePlotState.getPieCenterX,0,0,0
org.jfree.data.time.Day.getLastMillisecond,0,0,0
org.jfree.chart.plot.XYPlot.equals,16,96,112
org.jfree.data.time.ohlc.OHLCItem.getYValue,0,0,0
org.jfree.chart.axis.NumberAxis.createStandardTickUnits,0,0,0
org.jfree.chart.annotations.XYTextAnnotation.<init>,0,0,0
org.jfree.data.xy.XYSeriesCollection.getSeriesIndex,0,4,4
org.jfree.chart.text.TextBox.readObject,0,0,0
org.jfree.chart.util.RelativeDateFormat.setBaseMillis,0,0,0
org.jfree.chart.plot.dial.ArcDialFrame.setStartAngle,0,0,0
org.jfree.chart.labels.MultipleXYSeriesLabelGenerator.equals,3,7,10
org.jfree.chart.renderer.xy.SamplingXYLineRenderer$State.<init>,0,0,0
org.jfree.chart.date.SerialDate.setDescription,0,0,0
org.jfree.chart.plot.SpiderWebPlot.<init>,1,1,2
org.jfree.chart.renderer.xy.XYItemRendererState.getFirstItemIndex,0,0,0
org.jfree.chart.renderer.AbstractRenderer.getAutoPopulateSeriesFillPaint,0,0,0
org.jfree.chart.text.G2TextMeasurer.getStringWidth,0,0,0
org.jfree.chart.renderer.category.MinMaxCategoryRenderer$1.getIconWidth,0,0,0
org.jfree.chart.editor.DefaultAxisEditor.<clinit>,0,0,0
org.jfree.data.time.Quarter.getLastMillisecond,0,0,0
org.jfree.chart.plot.DialShape.<clinit>,0,0,0
org.jfree.chart.renderer.category.IntervalBarRenderer.findRangeBounds,0,0,0
org.jfree.data.statistics.HistogramType.hashCode,0,0,0
org.jfree.data.DefaultKeyedValues.getValue,0,2,2
org.jfree.data.category.DefaultCategoryDataset.removeValue,0,0,0
org.jfree.chart.block.LabelBlock.arrange,0,0,0
org.jfree.data.category.DefaultIntervalCategoryDataset.<init>,6,12,18
org.jfree.data.gantt.TaskSeries.get,0,4,4
org.jfree.chart.renderer.Outlier.equals,2,6,8
org.jfree.data.xy.XYDataItem.clone,0,0,0
org.jfree.chart.util.DefaultShadowGenerator.applyShadow,16,0,16
org.jfree.chart.axis.ValueAxis.getUpperMargin,0,0,0
org.jfree.chart.renderer.xy.StackedXYBarRenderer.getPassCount,0,0,0
org.jfree.chart.JFreeChart.setBackgroundImageAlpha,1,1,2
org.jfree.chart.plot.PolarPlot.mapDatasetToAxis,0,0,0
org.jfree.chart.renderer.xy.StandardXYItemRenderer.setBaseShapesFilled,0,0,0
org.jfree.data.xy.XYCoordinate.getX,0,0,0
org.jfree.data.xy.XYCoordinate.getY,0,0,0
org.jfree.data.statistics.HistogramType.readResolve,5,1,6
org.jfree.chart.plot.Marker.getAlpha,0,0,0
org.jfree.chart.renderer.AbstractRenderer.lookupSeriesPaint,1,7,8
org.jfree.data.xy.CategoryTableXYDataset.setIntervalPositionFactor,0,0,0
org.jfree.chart.event.ChartChangeEventType.hashCode,0,0,0
org.jfree.data.statistics.DefaultStatisticalCategoryDataset.getMeanValue,1,3,4
org.jfree.chart.urls.CustomPieURLGenerator.generateURL,0,0,0
org.jfree.chart.renderer.category.WaterfallBarRenderer.equals,3,11,14
org.jfree.chart.annotations.XYTitleAnnotation.getCoordinateType,0,0,0
org.jfree.chart.plot.Marker.getPaint,0,0,0
org.jfree.chart.plot.CrosshairState.getAnchor,0,0,0
org.jfree.chart.axis.ValueAxis.writeObject,0,0,0
org.jfree.chart.renderer.AbstractRenderer.setLegendShape,0,0,0
org.jfree.chart.plot.XYPlot.getDomainAxisForDataset,0,2,2
org.jfree.data.category.CategoryToPieDataset.getUnderlyingDataset,0,0,0
org.jfree.chart.ui.UIUtils.positionFrameRandomly,0,0,0
org.jfree.chart.plot.FastScatterPlot.isRangePannable,0,0,0
org.jfree.chart.event.MarkerChangeEvent.getMarker,0,0,0
org.jfree.chart.util.LineUtils.extendLine,0,0,0
org.jfree.chart.axis.PeriodAxisLabelInfo.getDividerStroke,0,0,0
org.jfree.chart.plot.Marker.setOutlinePaint,0,0,0
org.jfree.chart.plot.SpiderWebPlot.setAxisLinePaint,0,0,0
org.jfree.data.gantt.SlidingGanttCategoryDataset.getRowKeys,0,0,0
org.jfree.chart.annotations.XYLineAnnotation.readObject,0,0,0
org.jfree.chart.renderer.xy.XYDifferenceRenderer.initialise,0,0,0
org.jfree.data.KeyedObject.equals,2,6,8
org.jfree.data.time.TimePeriodValuesCollection.getItemCount,0,0,0
org.jfree.chart.axis.CyclicNumberAxis.selectVerticalAutoTickUnit,0,0,0
org.jfree.chart.renderer.xy.XYBarRenderer.setShadowYOffset,0,0,0
org.jfree.chart.renderer.RendererUtils.<init>,0,0,0
org.jfree.chart.axis.PeriodAxis.refreshTicks,0,0,0
org.jfree.data.xy.DefaultTableXYDataset.setIntervalPositionFactor,0,0,0
org.jfree.chart.block.CenterArrangement.add,0,0,0
org.jfree.chart.renderer.xy.XYStepRenderer.clone,0,0,0
org.jfree.chart.renderer.category.StatisticalBarRenderer.findRangeBounds,0,0,0
org.jfree.data.xy.Vector.getX,0,0,0
org.jfree.chart.renderer.xy.XYBarRenderer.setMargin,0,0,0
org.jfree.data.xy.Vector.getY,0,0,0
org.jfree.chart.renderer.LookupPaintScale.<init>,1,1,2
org.jfree.chart.renderer.DefaultPolarItemRenderer.getLegendItem,8,6,14
org.jfree.chart.renderer.xy.XYBoxAndWhiskerRenderer.getBoxPaint,0,0,0
org.jfree.data.xy.DefaultOHLCDataset.getOpenValue,2,0,2
org.jfree.chart.renderer.AbstractRenderer.setDefaultOutlinePaint,1,1,2
org.jfree.chart.renderer.xy.XYStepAreaRenderer.setOutline,0,0,0
org.jfree.chart.editor.DefaultAxisEditor.getTickLabelPaint,0,0,0
org.jfree.chart.plot.CategoryPlot.readObject,0,16,16
org.jfree.chart.axis.Axis.setAttributedLabel,1,1,2
org.jfree.chart.title.LegendTitle.setSortOrder,0,0,0
org.jfree.chart.plot.PiePlot.setShadowPaint,0,0,0
org.jfree.data.time.SimpleTimePeriod.compareTo,2,10,12
org.jfree.chart.renderer.category.LevelRenderer.getItemMargin,0,0,0
org.jfree.chart.axis.ValueAxis.getFixedAutoRange,0,0,0
org.jfree.chart.annotations.XYBoxAnnotation.hashCode,0,0,0
org.jfree.chart.renderer.category.LineAndShapeRenderer.equals,1,21,22
org.jfree.chart.editor.DefaultChartEditor.attemptModifyBackgroundPaint,2,0,2
org.jfree.chart.plot.PieLabelRecord.getLabel,0,0,0
org.jfree.chart.renderer.xy.XYBarRenderer.getDefaultBarPainter,0,0,0
org.jfree.chart.renderer.category.AreaRenderer.getEndType,0,0,0
org.jfree.chart.renderer.xy.ClusteredXYBarRenderer.<init>,0,0,0
org.jfree.data.xy.DefaultIntervalXYDataset.getYValue,0,0,0
org.jfree.chart.text.TextBox.getBackgroundPaint,0,0,0
org.jfree.chart.renderer.xy.AbstractXYItemRenderer.getItemLabelGenerator,2,0,2
org.jfree.chart.plot.PiePlot.getLegendLabelGenerator,0,0,0
org.jfree.chart.renderer.category.WaterfallBarRenderer.setLastBarPaint,0,0,0
org.jfree.chart.servlet.ServletUtilities.<clinit>,0,0,0
org.jfree.chart.axis.CyclicNumberAxis.setRange,2,0,2
org.jfree.data.time.TimePeriodValues.clone,0,0,0
org.jfree.chart.plot.PlotOrientation.toString,0,0,0
org.jfree.chart.renderer.category.AbstractCategoryItemRenderer.getPassCount,0,0,0
org.jfree.chart.axis.DateAxis.getTimeZone,0,0,0
org.jfree.data.xy.XYIntervalSeries.getX,0,0,0
org.jfree.chart.plot.dial.ArcDialFrame.getForegroundPaint,0,0,0
org.jfree.chart.ui.TextAnchor.isTop,1,5,6
org.jfree.chart.axis.ValueAxis.reserveSpace,5,11,16
org.jfree.chart.util.PaintUtils.stringToColor,2,0,2
org.jfree.chart.title.LegendGraphic.getFillPaint,0,0,0
org.jfree.chart.renderer.xy.GradientXYBarPainter.createShadow,16,0,16
org.jfree.data.xy.YWithXInterval.getXLow,0,0,0
org.jfree.chart.plot.Crosshair.isLabelVisible,0,0,0
org.jfree.data.statistics.DefaultMultiValueCategoryDataset.getColumnIndex,0,0,0
org.jfree.chart.plot.dial.DialPointer$Pointer.setWidthRadius,0,0,0
org.jfree.data.general.AbstractDataset.removeChangeListener,0,0,0
org.jfree.chart.block.EmptyBlock.arrange,0,0,0
org.jfree.chart.renderer.category.CategoryStepRenderer.getLegendItem,6,6,12
org.jfree.data.statistics.DefaultBoxAndWhiskerCategoryDataset.getColumnIndex,0,0,0
org.jfree.chart.renderer.xy.StandardXYItemRenderer.setLegendLine,0,0,0
org.jfree.chart.util.DefaultShadowGenerator.getShadowOpacity,0,0,0
org.jfree.data.xy.DefaultWindDataset.getSeriesKey,0,4,4
org.jfree.chart.plot.XYPlot.getRangeCrosshairPaint,0,0,0
org.jfree.chart.renderer.xy.StackedXYAreaRenderer.getShapeStroke,0,0,0
org.jfree.chart.axis.ExtendedCategoryAxis.readObject,0,0,0
org.jfree.chart.plot.XYPlot.getWeight,0,0,0
org.jfree.data.statistics.DefaultBoxAndWhiskerXYDataset.add,1,7,8
org.jfree.data.time.DynamicTimeSeriesCollection$ValueSequence.<init>,2,0,2
org.jfree.chart.renderer.category.LineAndShapeRenderer.getItemLineVisible,1,1,2
org.jfree.chart.renderer.xy.StandardXYItemRenderer.getLegendLine,0,0,0
org.jfree.chart.text.TextLine.hashCode,1,1,2
org.jfree.chart.plot.CategoryPlot.getRangeAxisEdge,0,0,0
org.jfree.chart.annotations.XYTextAnnotation.setOutlinePaint,0,0,0
org.jfree.chart.plot.XYPlot.drawRangeMarkers,1,9,10
org.jfree.data.KeyedObject.getObject,0,0,0
org.jfree.chart.needle.LongNeedle.equals,2,2,4
org.jfree.chart.labels.AbstractPieItemLabelGenerator.equals,1,9,10
org.jfree.data.time.ohlc.OHLCSeriesCollection.addSeries,0,0,0
org.jfree.chart.axis.PeriodAxis.drawTickLabels,36,0,36
org.jfree.chart.editor.DefaultPlotEditor.getOutlineStroke,0,0,0
org.jfree.data.category.DefaultCategoryDataset.getColumnKey,0,0,0
org.jfree.chart.plot.MultiplePiePlot.prefetchSectionPaints,9,5,14
org.jfree.chart.renderer.xy.XYStepAreaRenderer.setShapesFilled,0,0,0
org.jfree.data.KeyToGroupMap.getGroupCount,0,0,0
org.jfree.chart.plot.dial.DialLayerChangeEvent.getDialLayer,0,0,0
org.jfree.data.xml.RootHandler.pushSubHandler,0,0,0
org.jfree.data.statistics.DefaultMultiValueCategoryDataset.getColumnKey,0,0,0
org.jfree.chart.plot.Marker.setLabelOffset,0,0,0
org.jfree.data.category.DefaultIntervalCategoryDataset.getCategoryCount,1,3,4
org.jfree.chart.renderer.category.MinMaxCategoryRenderer.getMinIcon,0,0,0
org.jfree.chart.needle.MeterNeedle.setFillPaint,1,1,2
org.jfree.data.time.Minute.<init>,0,0,0
org.jfree.chart.renderer.xy.StackedXYAreaRenderer2.getRoundXCoordinates,0,0,0
org.jfree.data.statistics.MeanAndStandardDeviation.<init>,0,0,0
org.jfree.chart.renderer.xy.XYLineAndShapeRenderer.initialise,0,0,0
org.jfree.chart.plot.Plot.markerChanged,0,0,0
org.jfree.data.ComparableObjectSeries.remove,0,0,0
org.jfree.chart.renderer.xy.AbstractXYItemRenderer.setSeriesItemLabelGenerator,0,0,0
org.jfree.chart.plot.SpiderWebPlot.getDataExtractOrder,0,0,0
org.jfree.chart.renderer.category.LevelRenderer.getMaximumItemWidth,0,0,0
org.jfree.data.xy.XYIntervalSeriesCollection.getEndXValue,0,0,0
org.jfree.chart.renderer.category.BoxAndWhiskerRenderer.drawMultipleEllipse,0,0,0
org.jfree.chart.axis.NumberAxis.createIntegerTickUnits,0,0,0
org.jfree.data.xy.WindDataItem.getWindDirection,0,0,0
org.jfree.chart.plot.dial.StandardDialScale.setTickLabelPaint,0,0,0
org.jfree.data.gantt.XYTaskDataset.clone,0,0,0
org.jfree.data.resources.DataPackageResources_fr.getContents,0,0,0
org.jfree.chart.plot.Plot.annotationChanged,0,0,0
org.jfree.chart.ui.StrokeChooserPanel.getSelector,0,0,0
org.jfree.chart.axis.ModuloAxis.getDisplayStart,0,0,0
org.jfree.chart.plot.PolarPlot.isAngleGridlinesVisible,0,0,0
org.jfree.chart.renderer.xy.XYBubbleRenderer.drawItem,25,0,25
org.jfree.chart.util.DefaultShadowGenerator.getAngle,0,0,0
org.jfree.chart.plot.CategoryPlot.isDomainZoomable,0,0,0
org.jfree.data.gantt.Task.getDescription,0,0,0
org.jfree.chart.axis.DateAxis.refreshTicksVertical,21,11,32
org.jfree.chart.JFreeChart.getSubtitle,0,4,4
org.jfree.chart.renderer.xy.CandlestickRenderer.getMaxCandleWidthInMilliseconds,0,0,0
org.jfree.chart.title.TextTitle.getBackgroundPaint,0,0,0
org.jfree.chart.needle.PointerNeedle.clone,0,0,0
org.jfree.chart.plot.dial.DialCap.writeObject,0,0,0
org.jfree.chart.labels.IntervalXYItemLabelGenerator.createItemArray,28,0,28
org.jfree.chart.plot.MeterPlot.clearIntervals,0,0,0
org.jfree.chart.editor.DefaultValueAxisEditor.getMinimumValue,0,0,0
org.jfree.chart.ChartPanel.restoreAutoDomainBounds,2,2,4
org.jfree.chart.plot.CombinedRangeXYPlot.remove,2,6,8
org.jfree.chart.editor.DefaultValueAxisEditor.setAutoTickUnitSelectionCheckBox,0,0,0
org.jfree.chart.renderer.xy.XYBarRenderer$XYBarRendererState.getG2Base,0,0,0
org.jfree.chart.renderer.category.StatisticalLineAndShapeRenderer.drawItem,33,35,68
org.jfree.chart.plot.dial.DialBackground.draw,2,0,2
org.jfree.chart.plot.SpiderWebPlot.setSeriesOutlineStroke,0,0,0
org.jfree.chart.plot.RingPlot.setSeparatorStroke,0,0,0
org.jfree.chart.ChartPanel.setMouseZoomable,0,0,0
org.jfree.chart.needle.WindNeedle.hashCode,0,0,0
org.jfree.data.general.DatasetUtils.sampleFunction2DToSeries,2,4,6
org.jfree.chart.renderer.WaferMapRenderer.getLegendCollection,12,0,12
org.jfree.chart.axis.MarkerAxisBand.draw,2,0,2
org.jfree.data.xy.XYSeries.findBoundsByIteration,0,2,2
org.jfree.chart.JFreeChart.setBackgroundImageAlignment,1,1,2
org.jfree.data.xy.IntervalXYDelegate.getEndX,1,1,2
org.jfree.chart.plot.dial.DialValueIndicator.getTemplateValue,0,0,0
org.jfree.chart.ChartPanel.setZoomOutlinePaint,0,0,0
org.jfree.chart.renderer.LookupPaintScale$PaintItem.writeObject,0,0,0
org.jfree.chart.plot.CompassPlot.setRoseHighlightPaint,0,0,0
org.jfree.chart.plot.XYPlot.addAnnotation,1,1,2
org.jfree.chart.ui.RectangleEdge.<init>,0,0,0
org.jfree.chart.plot.CombinedDomainXYPlot.getGap,0,0,0
org.jfree.chart.block.BlockContainer.setArrangement,0,0,0
org.jfree.data.xy.DefaultXYDataset.removeSeries,2,0,2
org.jfree.chart.plot.XYPlot.clearDomainMarkers,9,11,20
org.jfree.chart.PaintMap.clear,0,0,0
org.jfree.chart.annotations.XYPointerAnnotation.getArrowWidth,0,0,0
org.jfree.chart.plot.CategoryPlot.setRangeZeroBaselineVisible,0,0,0
org.jfree.chart.labels.AbstractPieItemLabelGenerator.getPercentFormat,0,0,0
org.jfree.data.statistics.DefaultBoxAndWhiskerXYDataset.getMinRegularValue,1,1,2
org.jfree.data.KeyedObjects2D.getColumnKeys,0,0,0
org.jfree.chart.annotations.XYImageAnnotation.getX,0,0,0
org.jfree.data.category.DefaultCategoryDataset.equals,1,17,18
org.jfree.chart.annotations.XYImageAnnotation.getY,0,0,0
org.jfree.chart.annotations.XYBoxAnnotation.clone,0,0,0
org.jfree.chart.renderer.category.BarRenderer.initialise,0,0,0
org.jfree.chart.ui.ApplicationFrame.windowClosing,2,0,2
org.jfree.chart.title.LegendTitle.readObject,0,0,0
org.jfree.chart.axis.DateAxis.calculateHighestVisibleTickValue,0,0,0
org.jfree.data.DefaultKeyedValues2D.clear,0,0,0
org.jfree.chart.axis.AxisLabelLocation.readResolve,4,2,6
org.jfree.chart.ChartPanel.getScaleY,0,0,0
org.jfree.chart.ChartPanel.getScaleX,0,0,0
org.jfree.chart.plot.MultiplePiePlot.equals,1,17,18
org.jfree.chart.renderer.category.LineAndShapeRenderer.getItemMargin,0,0,0
org.jfree.chart.plot.PieLabelLinkStyle.hashCode,0,0,0
org.jfree.chart.renderer.category.BarRenderer.setNegativeItemLabelPositionFallback,0,0,0
org.jfree.chart.title.LegendGraphic.writeObject,0,0,0
org.jfree.chart.block.AbstractBlock.calculateTotalHeight,0,0,0
org.jfree.chart.renderer.category.ScatterRenderer.setSeriesShapesFilled,0,0,0
org.jfree.data.Range.equals,0,6,6
org.jfree.chart.plot.CombinedDomainXYPlot.setShadowGenerator,2,0,2
org.jfree.chart.title.PaintScaleLegend.arrange,28,0,28
org.jfree.chart.util.ShapeUtils.rotateShape,1,1,2
org.jfree.data.DefaultKeyedValues.setValue,0,2,2
org.jfree.chart.axis.TickUnits.add,1,1,2
org.jfree.chart.axis.CategoryAxis.writePaintMap,1,3,4
org.jfree.chart.axis.DateAxis.setTimeline,2,0,2
org.jfree.data.jdbc.JDBCXYDataset.getSeriesCount,0,0,0
org.jfree.data.time.TimeSeries.findValueRange,2,14,16
org.jfree.chart.ChartPanel.setZoomFillPaint,0,0,0
org.jfree.chart.renderer.xy.CandlestickRenderer.equals,2,22,24
org.jfree.chart.renderer.xy.AbstractXYItemRenderer.drawItemLabel,4,0,4
org.jfree.chart.renderer.xy.XYLineAndShapeRenderer.clone,1,1,2
org.jfree.data.time.Millisecond.compareTo,12,0,12
org.jfree.data.time.Minute.equals,3,5,8
org.jfree.chart.plot.XYPlot.clone,2,20,22
org.jfree.data.xml.CategoryDatasetHandler.startElement,6,0,6
org.jfree.chart.plot.XYPlot.setDomainZeroBaselineVisible,0,0,0
org.jfree.chart.ui.StrokeSample.getListCellRendererComponent,2,0,2
org.jfree.chart.renderer.category.LineAndShapeRenderer.setSeriesLinesVisible,0,0,0
org.jfree.chart.title.PaintScaleLegend.getStripWidth,0,0,0
org.jfree.data.RangeType.<clinit>,0,0,0
org.jfree.chart.util.SerialUtils.writePaint,2,6,8
org.jfree.chart.annotations.XYPolygonAnnotation.readObject,0,0,0
org.jfree.data.time.TimeSeriesCollection.getItemCount,0,0,0
org.jfree.chart.ChartPanel.chartProgress,0,0,0
org.jfree.chart.ChartPanel.mouseClicked,10,0,10
org.jfree.data.gantt.TaskSeriesCollection.seriesChanged,0,0,0
org.jfree.chart.plot.SpiderWebPlot.getSeriesOutlinePaint,2,2,4
org.jfree.data.Range.<init>,0,2,2
org.jfree.chart.renderer.xy.CyclicXYItemRenderer$OverwriteDataSet.getYValue,2,0,2
org.jfree.chart.ChartPanel.isOrsonPDFAvailable,1,1,2
org.jfree.data.xy.DefaultXYZDataset.getYValue,0,0,0
org.jfree.chart.plot.CombinedDomainCategoryPlot.getCategories,1,7,8
org.jfree.chart.ChartPanel.getAnchor,0,0,0
org.jfree.data.xy.XYCoordinate.toString,0,0,0
org.jfree.chart.renderer.xy.CyclicXYItemRenderer.drawItem,118,0,118
org.jfree.chart.util.BooleanList.hashCode,0,0,0
org.jfree.data.gantt.XYTaskDataset.getSeriesStartValue,0,0,0
org.jfree.chart.plot.dial.DialPlot.getViewWidth,0,0,0
org.jfree.chart.renderer.xy.XYBarRenderer.setLegendBar,0,0,0
org.jfree.data.xy.DefaultXYZDataset.removeSeries,1,1,2
org.jfree.chart.plot.Plot.setBackgroundImageAlignment,1,1,2
org.jfree.chart.renderer.xy.StandardXYItemRenderer$State.setSeriesIndex,0,0,0
org.jfree.chart.axis.DateAxis.refreshTicks,1,3,4
org.jfree.data.xy.XYBarDataset.setBarWidth,0,0,0
org.jfree.chart.axis.NumberTickUnitSource.next,2,6,8
org.jfree.chart.renderer.xy.XYLineAndShapeRenderer.getDefaultShapesVisible,0,0,0
org.jfree.data.general.DatasetUtils.createCategoryDataset,9,15,24
org.jfree.chart.axis.CyclicNumberAxis.selectHorizontalAutoTickUnit,0,0,0
org.jfree.chart.plot.CategoryPlot.isDomainCrosshairVisible,0,0,0
org.jfree.chart.axis.Axis.hasListener,0,0,0
org.jfree.chart.axis.CategoryAxis.createLabel,0,0,0
org.jfree.chart.axis.CategoryLabelPosition.getCategoryAnchor,0,0,0
org.jfree.chart.entity.PieSectionEntity.equals,2,10,12
org.jfree.chart.axis.SubCategoryAxis.writeObject,0,0,0
org.jfree.chart.ChartPanel.mouseDragged,28,0,28
org.jfree.data.DefaultKeyedValues.clone,0,0,0
org.jfree.data.xy.XIntervalSeriesCollection.getSeriesCount,0,0,0
org.jfree.chart.plot.PolarPlot.setAngleLabelPaint,0,0,0
org.jfree.chart.renderer.category.CategoryStepRenderer.createState,0,0,0
org.jfree.chart.annotations.AbstractXYAnnotation.hashCode,4,0,4
org.jfree.chart.ui.RectangleInsets.trim,0,0,0
org.jfree.chart.renderer.xy.CandlestickRenderer.setDrawVolume,1,1,2
org.jfree.data.xy.XYSeriesCollection.getStartX,0,0,0
org.jfree.chart.ui.RectangleInsets.getLeft,0,0,0
org.jfree.chart.renderer.xy.XYBarRenderer.getGradientPaintTransformer,0,0,0
org.jfree.chart.StandardChartTheme.applyToSymbolAxis,0,0,0
org.jfree.data.time.TimePeriodValues.getValue,0,0,0
org.jfree.data.KeyedValueComparator.getType,0,0,0
org.jfree.data.xy.DefaultXYDataset.getYValue,0,0,0
org.jfree.chart.plot.dial.DialPlot.getScale,2,0,2
org.jfree.chart.text.TextUtils.setDrawStringsWithFontAttributes,0,0,0
org.jfree.chart.entity.ChartEntity.toString,0,0,0
org.jfree.chart.axis.ValueAxis.isAutoRange,0,0,0
org.jfree.chart.plot.Marker.clone,0,0,0
org.jfree.data.xy.DefaultWindDataset.seriesNameListFromDataArray,0,2,2
org.jfree.data.category.SlidingCategoryDataset.getColumnIndex,0,4,4
org.jfree.chart.annotations.XYShapeAnnotation.clone,0,0,0
org.jfree.chart.plot.dial.DialPointer$Pin.setStroke,0,0,0
org.jfree.chart.plot.CategoryPlot.<clinit>,0,0,0
org.jfree.chart.plot.PiePlot.setDirection,0,0,0
org.jfree.chart.needle.LongNeedle.clone,0,0,0
org.jfree.chart.imagemap.DynamicDriveToolTipTagFragmentGenerator.generateToolTipFragment,0,0,0
org.jfree.chart.plot.ThermometerPlot.setMercuryPaint,0,0,0
org.jfree.chart.axis.Axis.setLabelInsets,2,2,4
org.jfree.chart.entity.PieSectionEntity.setSectionIndex,0,0,0
org.jfree.chart.StandardChartTheme.readObject,0,0,0
org.jfree.data.time.FixedMillisecond.getSerialIndex,0,0,0
org.jfree.chart.ChartPanel.setMouseWheelEnabled,1,7,8
org.jfree.chart.plot.XYPlot.setDomainCrosshairPaint,0,0,0
org.jfree.chart.util.HexNumberFormat.parse,0,0,0
org.jfree.data.general.DatasetUtils.findMinimumDomainValue,11,1,12
org.jfree.chart.block.AbstractBlock.equals,0,18,18
org.jfree.chart.axis.SubCategoryAxis.reserveSpace,5,3,8
org.jfree.chart.labels.AbstractXYItemLabelGenerator.getFormatString,0,0,0
org.jfree.chart.plot.Plot.setNoDataMessage,0,0,0
org.jfree.chart.labels.StandardXYZToolTipGenerator.createItemArray,6,0,6
org.jfree.chart.ui.GradientPaintTransformType.readResolve,3,5,8
org.jfree.chart.plot.PiePlot.lookupSectionOutlineStroke,4,2,6
org.jfree.data.xy.XYSeriesCollection.getDomainUpperBound,7,1,8
org.jfree.data.xy.XYSeriesCollection.getStartY,0,0,0
org.jfree.chart.JFreeChart.getPadding,0,0,0
org.jfree.chart.plot.MeterPlot.drawTick,6,14,20
org.jfree.chart.text.TextFragment.<clinit>,0,0,0
org.jfree.chart.axis.DateTick.hashCode,0,0,0
org.jfree.chart.title.PaintScaleLegend.setStripWidth,0,0,0
org.jfree.chart.ChartMouseEvent.getEntity,0,0,0
org.jfree.chart.annotations.XYDataImageAnnotation.readObject,0,0,0
org.jfree.data.json.JSONUtils.<init>,0,0,0
org.jfree.chart.plot.dial.StandardDialFrame.setRadius,1,1,2
org.jfree.chart.entity.PieSectionEntity.setPieIndex,0,0,0
org.jfree.chart.plot.dial.StandardDialScale.getMinorTickLength,0,0,0
org.jfree.chart.ui.FontDisplayField.<clinit>,0,0,0
org.jfree.chart.servlet.ChartDeleter.addChart,0,0,0
org.jfree.data.general.DatasetUtils.iterateToFindZBounds,10,0,10
org.jfree.chart.renderer.xy.HighLowRenderer.clone,0,0,0
org.jfree.chart.ChartPanel.setVerticalAxisTrace,0,0,0
org.jfree.chart.renderer.WaferMapRenderer.getDrawingSupplier,2,0,2
org.jfree.chart.renderer.category.AbstractCategoryItemRenderer.getLegendItemLabelGenerator,0,0,0
org.jfree.chart.encoders.SunJPEGEncoderAdapter.isEncodingAlpha,0,0,0
org.jfree.chart.plot.Plot.setNoDataMessagePaint,0,0,0
org.jfree.chart.renderer.xy.XYBubbleRenderer.<init>,2,2,4
org.jfree.chart.util.RelativeDateFormat.setHourFormatter,0,0,0
org.jfree.chart.plot.PolarPlot.calculateTextAnchor,32,0,32
org.jfree.chart.util.AttrStringUtils.drawRotatedString,0,0,0
org.jfree.chart.JFreeChart.setBackgroundPaint,4,2,6
org.jfree.data.statistics.DefaultBoxAndWhiskerXYDataset.getXDate,0,0,0
org.jfree.chart.plot.PiePlot.getSectionOutlinesVisible,0,0,0
org.jfree.chart.annotations.XYPointerAnnotation.setArrowLength,0,0,0
org.jfree.chart.editor.DefaultValueAxisEditor.attemptGridStrokeSelection,2,0,2
org.jfree.data.time.TimeSeries.hashCode,2,10,12
org.jfree.chart.text.TextBox.setBackgroundPaint,0,0,0
org.jfree.chart.plot.dial.DialCap.setOutlinePaint,0,0,0
org.jfree.chart.plot.CategoryCrosshairState.setRowKey,0,0,0
org.jfree.data.time.TimeTableXYDataset.getSeriesKey,0,0,0
org.jfree.data.xy.NormalizedMatrixSeries.getItem,0,0,0
org.jfree.data.xy.DefaultHighLowDataset.getVolume,0,0,0
org.jfree.data.category.SlidingCategoryDataset.getRowCount,0,0,0
org.jfree.chart.annotations.CategoryTextAnnotation.clone,0,0,0
org.jfree.chart.renderer.xy.XYBlockRenderer.findRangeBounds,1,3,4
org.jfree.chart.plot.dial.AbstractDialLayer.notifyListeners,1,3,4
org.jfree.chart.plot.SeriesRenderingOrder.equals,2,4,6
org.jfree.chart.renderer.DefaultPolarItemRenderer.getLegendItemToolTipGenerator,0,0,0
org.jfree.chart.StrokeMap.writeObject,0,2,2
org.jfree.chart.text.AttributedStringUtils.equal,4,14,18
org.jfree.chart.renderer.RendererUtils.findLiveItemsUpperBound,4,26,30
org.jfree.chart.text.TextBlock.calculateOffsets,12,18,30
org.jfree.chart.block.RectangleConstraint.toFixedWidth,0,0,0
org.jfree.data.xy.YInterval.getYHigh,0,0,0
org.jfree.data.time.TimePeriodValues.createCopy,1,3,4
org.jfree.chart.ChartFactory.createStackedXYAreaChart,2,2,4
org.jfree.chart.axis.ValueTick.getValue,0,0,0
org.jfree.chart.ChartFactory.createWindPlot,4,0,4
org.jfree.chart.renderer.category.ScatterRenderer.setUseOutlinePaint,0,0,0
org.jfree.chart.annotations.TextAnnotation.getPaint,0,0,0
org.jfree.chart.plot.PiePlot.getShadowGenerator,0,0,0
org.jfree.chart.plot.CombinedRangeXYPlot.<init>,0,0,0
org.jfree.chart.ChartHints$Key.<init>,0,0,0
org.jfree.chart.plot.CategoryPlot.getFixedRangeAxisSpace,0,0,0
org.jfree.chart.axis.DateAxis.estimateMaximumTickLabelWidth,2,2,4
org.jfree.data.time.TimePeriodValues.setDomainDescription,0,0,0
org.jfree.data.time.TimeSeriesTableModel.getRowCount,0,0,0
org.jfree.chart.axis.PeriodAxis.getLast,0,0,0
org.jfree.chart.plot.dial.ArcDialFrame.setExtent,0,0,0
org.jfree.chart.plot.PiePlot.draw,8,4,12
org.jfree.chart.encoders.EncoderUtil.encode,0,0,0
org.jfree.data.gantt.SlidingGanttCategoryDataset.getRowIndex,0,0,0
org.jfree.chart.annotations.XYDrawableAnnotation.hashCode,0,0,0
org.jfree.chart.axis.ValueAxis.<init>,0,0,0
org.jfree.chart.axis.MonthDateFormat.format,2,0,2
org.jfree.chart.labels.StandardCrosshairLabelGenerator.getLabelTemplate,0,0,0
org.jfree.data.statistics.BoxAndWhiskerItem.getQ3,0,0,0
org.jfree.chart.title.Title.getNotify,0,0,0
org.jfree.data.time.TimeSeries.setMaximumItemCount,1,3,4
org.jfree.data.xy.OHLCDataItem.<init>,0,0,0
org.jfree.chart.StandardChartTheme.getBaselinePaint,0,0,0
org.jfree.chart.axis.CyclicNumberAxis.java2DToValue,10,0,10
org.jfree.chart.axis.TickUnit.compareTo,1,5,6
org.jfree.data.statistics.BoxAndWhiskerItem.getQ1,0,0,0
org.jfree.chart.plot.CategoryPlot.drawRangeCrosshair,4,0,4
org.jfree.data.xy.DefaultXYZDataset.hashCode,0,0,0
org.jfree.data.time.Second.equals,5,7,12
org.jfree.data.statistics.DefaultStatisticalCategoryDataset.getStdDevValue,2,2,4
org.jfree.chart.plot.PolarPlot.setAngleGridlineStroke,0,0,0
org.jfree.chart.renderer.AbstractRenderer.setDefaultFillPaint,1,1,2
org.jfree.chart.plot.CategoryPlot.getRenderer,0,2,2
org.jfree.chart.plot.DialShape.<init>,0,0,0
org.jfree.chart.plot.Marker.writeObject,0,0,0
org.jfree.chart.plot.Plot.getRootPlot,2,0,2
org.jfree.chart.renderer.category.WaterfallBarRenderer.getFirstBarPaint,0,0,0
org.jfree.chart.HashUtils.hashCodeForPaint,1,3,4
org.jfree.data.time.TimePeriodValues.setRangeDescription,0,0,0
org.jfree.chart.axis.LogarithmicAxis.setExpTickLabelsFlag,0,0,0
org.jfree.chart.renderer.xy.CyclicXYItemRenderer$OverwriteDataSet.getGroup,0,0,0
org.jfree.chart.encoders.ImageEncoderFactory.setImageEncoder,0,0,0
org.jfree.chart.axis.NumberAxis.autoAdjustRange,13,19,32
org.jfree.chart.plot.dial.ArcDialFrame.getStartAngle,0,0,0
org.jfree.chart.plot.CategoryPlot.getDataRange,0,8,8
org.jfree.chart.renderer.category.BoxAndWhiskerRenderer.drawHorizontalItem,22,10,32
org.jfree.chart.editor.DefaultAxisEditor.attemptTickLabelFontSelection,2,0,2
org.jfree.chart.util.ShapeUtils.equal,48,40,88
org.jfree.chart.plot.Crosshair.writeObject,0,0,0
org.jfree.data.xy.YIntervalSeriesCollection.addSeries,0,0,0
org.jfree.chart.block.LengthConstraintType.hashCode,0,0,0
org.jfree.data.xy.DefaultTableXYDataset.isAutoPrune,0,0,0
org.jfree.chart.text.TextFragment.<init>,3,3,6
org.jfree.chart.StandardChartTheme.setBarPainter,0,0,0
org.jfree.data.time.DynamicTimeSeriesCollection.getItemCount,0,0,0
org.jfree.chart.annotations.CategoryTextAnnotation.setValue,0,0,0
org.jfree.chart.axis.CyclicNumberAxis.equals,3,15,18
org.jfree.chart.title.LegendGraphic.equals,1,29,30
org.jfree.chart.plot.dial.DialCap.setOutlineStroke,0,0,0
org.jfree.chart.annotations.XYPointerAnnotation.setLabelOffset,0,0,0
org.jfree.chart.encoders.EncoderUtil.writeBufferedImage,0,0,0
org.jfree.chart.renderer.DefaultPolarItemRenderer.setFillComposite,0,0,0
org.jfree.data.time.ohlc.OHLCItem.getCloseValue,1,1,2
org.jfree.data.xy.IntervalXYDelegate.getEndXValue,0,0,0
org.jfree.chart.title.Title.getHorizontalAlignment,0,0,0
org.jfree.chart.plot.dial.StandardDialScale.getTickRadius,0,0,0
org.jfree.data.xy.YIntervalSeriesCollection.<init>,0,0,0
org.jfree.chart.renderer.xy.XYBlockRenderer.getBlockAnchor,0,0,0
org.jfree.data.time.Week.<init>,11,5,16
org.jfree.data.xy.XYSeriesCollection.setIntervalPositionFactor,0,0,0
org.jfree.chart.plot.XYPlot.isRangeZeroBaselineVisible,0,0,0
org.jfree.data.time.RegularTimePeriod.<init>,0,0,0
org.jfree.chart.plot.CategoryPlot.setColumnRenderingOrder,0,0,0
org.jfree.chart.axis.CyclicNumberAxis.getOffset,0,0,0
org.jfree.chart.plot.CategoryPlot.getFixedDomainAxisSpace,0,0,0
org.jfree.chart.urls.CustomXYURLGenerator.equals,7,11,18
org.jfree.data.general.DatasetUtils.findMinimumStackedRangeValue,1,9,10
org.jfree.chart.renderer.xy.XYBoxAndWhiskerRenderer.drawEllipse,0,0,0
org.jfree.chart.annotations.XYDrawableAnnotation.draw,4,0,4
org.jfree.chart.renderer.category.LevelRenderer.setItemMargin,0,0,0
org.jfree.chart.axis.LogAxis.refreshTicksVertical,18,0,18
org.jfree.chart.plot.dial.DialPlot.mapDatasetToScale,0,0,0
org.jfree.chart.plot.CategoryPlot.setWeight,0,0,0
org.jfree.chart.date.SpreadsheetDate.getDayOfWeek,0,0,0
org.jfree.chart.renderer.category.AbstractCategoryItemRenderer.drawItemLabel,4,0,4
org.jfree.chart.plot.XYPlot.clearRangeAxes,4,0,4
org.jfree.data.statistics.DefaultStatisticalCategoryDataset.<init>,0,0,0
org.jfree.chart.renderer.AbstractRenderer.setAutoPopulateSeriesShape,0,0,0
org.jfree.chart.text.TextUtils.createTextBlock,12,18,30
org.jfree.data.xy.XYIntervalSeriesCollection.getStartY,0,0,0
org.jfree.chart.needle.ShipNeedle.drawNeedle,4,0,4
org.jfree.chart.plot.Plot.getOutlineStroke,0,0,0
org.jfree.data.xy.XYIntervalSeriesCollection.getStartX,0,0,0
org.jfree.chart.ui.Size2D.getHeight,0,0,0
org.jfree.data.xy.DefaultHighLowDataset.getLow,0,0,0
org.jfree.data.statistics.HistogramDataset.getMinimum,2,6,8
org.jfree.chart.renderer.AbstractRenderer.setSeriesStroke,0,2,2
org.jfree.chart.ChartPanel.setEnforceFileExtensions,0,0,0
org.jfree.chart.title.LegendGraphic.<clinit>,1,1,2
org.jfree.chart.renderer.xy.XYAreaRenderer.isOutline,0,0,0
org.jfree.chart.axis.LogAxis.selectHorizontalAutoTickUnit,4,4,8
org.jfree.chart.plot.PolarPlot.setAngleLabelsVisible,1,1,2
org.jfree.chart.annotations.XYTextAnnotation.setFont,0,0,0
org.jfree.data.RangeType.toString,0,0,0
org.jfree.chart.plot.FastScatterPlot.setRangeGridlinesVisible,1,1,2
org.jfree.chart.renderer.category.LineAndShapeRenderer.<init>,0,0,0
org.jfree.chart.axis.Axis.setAxisLineStroke,0,0,0
org.jfree.chart.plot.dial.DialTextAnnotation.getLabel,0,0,0
org.jfree.chart.ChartUtils.saveChartAsJPEG,0,0,0
org.jfree.chart.axis.ExtendedCategoryAxis.createLabel,12,0,12
org.jfree.chart.title.Title.setVisible,0,0,0
org.jfree.chart.plot.Plot.setNotify,0,2,2
org.jfree.chart.StandardChartTheme.getCrosshairPaint,0,0,0
org.jfree.chart.block.AbstractBlock.getHeight,0,0,0
org.jfree.chart.ui.FontChooserPanel.<init>,0,0,0
org.jfree.chart.ChartUtils.writeImageMap,2,0,2
org.jfree.chart.ChartPanel.getEntityForPoint,4,0,4
org.jfree.data.KeyedObjects.clear,0,0,0
org.jfree.data.time.ohlc.OHLCSeriesCollection.<init>,0,0,0
org.jfree.chart.entity.AxisEntity.readObject,0,0,0
org.jfree.data.gantt.SlidingGanttCategoryDataset.equals,2,8,10
org.jfree.chart.util.AbstractObjectList.clone,1,1,2
org.jfree.chart.renderer.GrayPaintScale.getLowerBound,0,0,0
org.jfree.data.RangeType.equals,0,6,6
org.jfree.chart.plot.dial.ArcDialFrame.getBackgroundPaint,0,0,0
org.jfree.data.KeyedValuesItemKey.getKey,0,0,0
org.jfree.chart.renderer.xy.XYBarRenderer.setDefaultShadowsVisible,0,0,0
org.jfree.chart.axis.CategoryAxis.calculateCategorySize,4,6,10
org.jfree.chart.renderer.xy.XYErrorRenderer.setDrawYError,1,1,2
org.jfree.chart.ui.TextAnchor.isRight,4,6,10
org.jfree.chart.plot.PiePlot.lookupSectionOutlinePaint,4,2,6
org.jfree.data.xy.VectorSeriesCollection.getYValue,0,0,0
org.jfree.chart.plot.Crosshair.isVisible,0,0,0
org.jfree.chart.labels.StandardXYZToolTipGenerator.generateToolTip,0,0,0
org.jfree.chart.axis.PeriodAxis.draw,10,0,10
org.jfree.chart.renderer.xy.XYStepRenderer.equals,2,4,6
org.jfree.data.time.TimeTableXYDataset.getTimePeriod,0,0,0
org.jfree.chart.plot.CategoryPlot.getDomainAxisEdge,1,1,2
org.jfree.chart.renderer.xy.XYShapeRenderer.getUseOutlinePaint,0,0,0
org.jfree.chart.block.BlockContainer.getArrangement,0,0,0
org.jfree.chart.plot.dial.DialPointer$Pin.getPaint,0,0,0
org.jfree.data.xy.DefaultWindDataset.getWindForce,0,0,0
org.jfree.chart.event.ChartProgressEvent.setType,0,0,0
org.jfree.chart.annotations.XYPointerAnnotation.draw,10,0,10
org.jfree.chart.PaintMap.readObject,0,2,2
org.jfree.chart.StandardChartTheme.getXYBarPainter,0,0,0
org.jfree.chart.StrokeMap.getStroke,0,0,0
org.jfree.chart.axis.SubCategoryAxis.setSubLabelPaint,0,0,0
org.jfree.chart.title.LegendTitle.getItemFont,0,0,0
org.jfree.data.xy.XYItemKey.<init>,0,0,0
org.jfree.chart.ChartFrame.getChartPanel,0,0,0
org.jfree.chart.block.FlowArrangement.add,0,0,0
org.jfree.chart.LegendItem.getDescription,0,0,0
org.jfree.chart.renderer.xy.XYLineAndShapeRenderer.setUseOutlinePaint,0,0,0
org.jfree.chart.annotations.XYPointerAnnotation.setBaseRadius,0,0,0
org.jfree.chart.StandardChartTheme.setTickLabelPaint,0,0,0
org.jfree.chart.plot.dial.DialPlot.readObject,0,0,0
org.jfree.chart.axis.LogAxis.selectAutoTickUnit,3,1,4
org.jfree.data.time.TimeTableXYDataset.clone,0,0,0
org.jfree.chart.block.BlockParams.<init>,0,0,0
org.jfree.chart.labels.IntervalCategoryToolTipGenerator.createItemArray,10,0,10
org.jfree.chart.renderer.xy.AbstractXYItemRenderer.drawRangeLine,3,3,6
org.jfree.chart.plot.XYPlot.getDatasetsMappedToRangeAxis,0,8,8
org.jfree.chart.encoders.SunJPEGEncoderAdapter.encode,0,0,0
org.jfree.chart.needle.PinNeedle.hashCode,0,0,0
org.jfree.chart.labels.AbstractCategoryItemLabelGenerator.generateRowLabel,0,0,0
org.jfree.chart.axis.Tick.getTextAnchor,0,0,0
org.jfree.data.xy.XYDataItem.toString,0,0,0
org.jfree.chart.renderer.xy.StandardXYItemRenderer.setGapThresholdType,0,0,0
org.jfree.data.xy.IntervalXYDelegate.equals,2,8,10
org.jfree.chart.event.MarkerChangeEvent.<init>,0,0,0
org.jfree.chart.plot.dial.DialValueIndicator.setFrameAnchor,0,0,0
org.jfree.data.xy.CategoryTableXYDataset.remove,2,0,2
org.jfree.chart.axis.DateAxis$DefaultTimeline.containsDomainRange,0,0,0
org.jfree.chart.renderer.category.ScatterRenderer.drawItem,22,0,22
org.jfree.chart.annotations.CategoryPointerAnnotation.clone,0,0,0
org.jfree.chart.renderer.DefaultPolarItemRenderer.readObject,0,0,0
org.jfree.chart.axis.ValueAxis.isNegativeArrowVisible,0,0,0
org.jfree.data.KeyedObjects2D.getRowKeys,0,0,0
org.jfree.chart.renderer.category.BoxAndWhiskerRenderer.setArtifactPaint,0,0,0
org.jfree.chart.labels.SymbolicXYItemLabelGenerator.generateLabel,0,0,0
org.jfree.chart.plot.CombinedRangeXYPlot.equals,2,6,8
org.jfree.chart.StandardChartTheme.getExtraLargeFont,0,0,0
org.jfree.chart.plot.ValueMarker.equals,1,7,8
org.jfree.chart.renderer.AbstractRenderer.isItemLabelVisible,0,0,0
org.jfree.chart.plot.SpiderWebPlot.getStartAngle,0,0,0
org.jfree.chart.plot.CombinedRangeXYPlot.setGap,0,0,0
org.jfree.chart.renderer.xy.DeviationRenderer.equals,2,4,6
org.jfree.data.time.TimeSeriesCollection.getEndX,0,0,0
org.jfree.data.time.TimeSeriesCollection.getEndY,0,0,0
org.jfree.chart.plot.SpiderWebPlot.setStartAngle,0,0,0
org.jfree.chart.plot.CategoryPlot.setRangeMinorGridlinePaint,0,0,0
org.jfree.chart.renderer.xy.YIntervalRenderer.clone,0,0,0
org.jfree.chart.plot.SpiderWebPlot.getLegendItemShape,0,0,0
org.jfree.chart.renderer.xy.XYBlockRenderer.getBlockWidth,0,0,0
org.jfree.chart.util.RelativeDateFormat.getSecondSuffix,0,0,0
org.jfree.data.xy.DefaultTableXYDataset.getSeries,0,4,4
org.jfree.data.xy.CategoryTableXYDataset.getStartY,0,0,0
org.jfree.chart.StandardChartTheme.applyToCategoryPlot,13,11,24
org.jfree.data.xy.CategoryTableXYDataset.getStartX,0,0,0
org.jfree.chart.axis.SymbolAxis.getSymbols,0,0,0
org.jfree.chart.title.TextTitle.setURLText,0,0,0
org.jfree.chart.axis.TickUnit.getMinorTickCount,0,0,0
org.jfree.chart.plot.ThermometerPlot.inSubrange,4,0,4
org.jfree.chart.plot.AbstractPieLabelDistributor.getPieLabelRecord,0,0,0
org.jfree.data.xy.YIntervalSeriesCollection.removeSeries,2,4,6
org.jfree.chart.StandardChartTheme.getPlotBackgroundPaint,0,0,0
org.jfree.chart.renderer.category.StatisticalLineAndShapeRenderer.readObject,0,0,0
org.jfree.chart.axis.CyclicNumberAxis.readObject,0,0,0
org.jfree.chart.renderer.xy.AbstractXYItemRenderer.getLegendItems,10,0,10
org.jfree.chart.annotations.AbstractXYAnnotation.equals,4,4,8
org.jfree.data.time.TimePeriodValues.equals,2,14,16
org.jfree.chart.imagemap.ImageMapUtils.htmlEscape,0,14,14
org.jfree.chart.axis.CategoryLabelWidthType.toString,0,0,0
org.jfree.chart.axis.CategoryAxis.getCategoryLabelPositions,0,0,0
org.jfree.data.statistics.Statistics.calculateMean,1,19,20
org.jfree.data.xy.XYDatasetTableModel.getColumnName,4,0,4
org.jfree.chart.axis.SymbolAxis.valueToString,0,0,0
org.jfree.data.time.TimeTableXYDataset.getDomainBounds,6,0,6
org.jfree.chart.renderer.xy.XYDotRenderer.getLegendItem,6,6,12
org.jfree.chart.renderer.xy.XYLineAndShapeRenderer.getItemShapeVisible,1,1,2
org.jfree.chart.plot.dial.DialPointer.equals,3,5,8
org.jfree.chart.text.TextBox.setOutlinePaint,0,0,0
org.jfree.chart.axis.ModuloAxis.autoAdjustRange,0,0,0
org.jfree.chart.plot.ThermometerPlot.getBulbDiameter,0,0,0
org.jfree.data.xy.XYIntervalSeries.getYValue,0,0,0
org.jfree.chart.plot.MeterPlot.getTickLabelPaint,0,0,0
org.jfree.chart.util.AbstractObjectList.hashCode,0,0,0
org.jfree.chart.date.SerialDate.stringToWeekdayCode,6,0,6
org.jfree.data.xy.OHLCDataItem.getHigh,0,0,0
org.jfree.chart.StandardChartTheme.getLabelLinkPaint,0,0,0
org.jfree.chart.renderer.xy.StackedXYBarRenderer.equals,2,4,6
org.jfree.data.time.TimePeriodValues.getMinEndIndex,0,0,0
org.jfree.chart.ui.RectangleInsets.calculateLeftOutset,1,1,2
org.jfree.chart.renderer.xy.XYBlockRenderer.setPaintScale,0,0,0
org.jfree.data.time.Minute.getHour,0,0,0
org.jfree.chart.plot.dial.AbstractDialLayer.equals,2,4,6
org.jfree.chart.renderer.xy.StandardXYItemRenderer.setDrawSeriesLineAsPath,0,0,0
org.jfree.chart.renderer.category.StackedAreaRenderer.getStackValues,14,0,14
org.jfree.chart.util.Args.<init>,0,0,0
org.jfree.chart.renderer.category.LevelRenderer.<init>,0,0,0
org.jfree.chart.plot.RingPlot.getInnerSeparatorExtension,0,0,0
org.jfree.data.xy.YIntervalSeriesCollection.getYValue,0,0,0
org.jfree.chart.util.Args.requireInRange,1,1,2
org.jfree.chart.StandardChartTheme.applyToBlockContainer,2,0,2
org.jfree.data.time.TimeTableXYDataset.setXPosition,0,0,0
org.jfree.chart.plot.CategoryPlot.datasetChanged,0,6,6
org.jfree.chart.plot.PiePlot3D.getPlotType,0,0,0
org.jfree.chart.renderer.category.AbstractCategoryItemRenderer.setLegendItemLabelGenerator,0,0,0
org.jfree.chart.plot.dial.DialPointer$Pointer.getWidthRadius,0,0,0
org.jfree.chart.renderer.AbstractRenderer.setSeriesItemLabelsVisible,1,1,2
org.jfree.chart.text.TextBox.getTextBlock,0,0,0
org.jfree.chart.axis.Axis.getTickMarkInsideLength,0,0,0
org.jfree.chart.LegendItem.isShapeVisible,0,0,0
org.jfree.chart.editor.DefaultPlotEditor.attemptDrawShapesSelection,0,0,0
org.jfree.chart.title.CompositeTitle.equals,2,6,8
org.jfree.chart.plot.PlotRenderingInfo.getOwner,0,0,0
org.jfree.chart.plot.CategoryPlot.setDomainGridlinePosition,0,0,0
org.jfree.data.json.impl.JSONArray.writeJSONString,8,0,8
org.jfree.data.xy.XYCoordinate.equals,1,7,8
org.jfree.data.DefaultKeyedValues2D.<init>,0,0,0
org.jfree.chart.annotations.XYDataImageAnnotation.equals,18,0,18
org.jfree.chart.ChartPanel.<init>,10,2,12
org.jfree.chart.ChartPanel.isMouseWheelEnabled,0,2,2
org.jfree.chart.renderer.xy.HighLowRenderer.drawItem,50,0,50
org.jfree.chart.labels.ItemLabelPosition.equals,3,9,12
org.jfree.data.statistics.DefaultBoxAndWhiskerXYDataset.getSeriesCount,0,0,0
org.jfree.chart.plot.CategoryPlot.getRangeMinorGridlinePaint,0,0,0
org.jfree.chart.plot.RingPlot.setInnerSeparatorExtension,0,0,0
org.jfree.chart.PaintMap.put,0,0,0
org.jfree.data.xy.OHLCDataItem.compareTo,1,1,2
org.jfree.chart.axis.CategoryAxis.draw,4,4,8
org.jfree.chart.panel.AbstractOverlay.fireOverlayChanged,0,0,0
org.jfree.chart.axis.DateAxis.getTickUnit,0,0,0
org.jfree.chart.renderer.xy.XYErrorRenderer.setErrorPaint,0,0,0
org.jfree.chart.plot.CombinedDomainXYPlot.handleClick,4,0,4
org.jfree.chart.plot.CombinedRangeXYPlot.add,1,1,2
org.jfree.chart.renderer.category.MinMaxCategoryRenderer.setMinIcon,0,0,0
org.jfree.data.time.Millisecond.getSecond,0,0,0
org.jfree.chart.plot.SpiderWebPlot.getMaxValue,0,0,0
org.jfree.chart.renderer.category.BoxAndWhiskerRenderer.findRangeBounds,0,0,0
org.jfree.chart.plot.PiePlot.getMaximumExplodePercent,1,5,6
org.jfree.data.time.TimeSeries.getIndex,0,0,0
org.jfree.data.time.Hour.next,1,3,4
org.jfree.chart.renderer.xy.GradientXYBarPainter.paintBarShadow,4,0,4
org.jfree.chart.renderer.DefaultPolarItemRenderer.setPlot,0,0,0
org.jfree.chart.annotations.XYPointerAnnotation.getBaseRadius,0,0,0
org.jfree.chart.axis.ValueAxis.pan,0,0,0
org.jfree.chart.plot.XYPlot.getRangeGridlinePaint,0,0,0
org.jfree.chart.plot.PiePlot.setLabelFont,0,0,0
org.jfree.chart.axis.NumberTickUnit.toString,0,0,0
org.jfree.chart.ChartPanel.zoomOutRange,1,1,2
org.jfree.chart.renderer.xy.StandardXYItemRenderer.drawItem,56,28,84
org.jfree.chart.plot.ThermometerPlot.setSubrange,2,2,4
org.jfree.data.xy.NormalizedMatrixSeries.update,0,0,0
org.jfree.chart.text.TextLine.draw,2,4,6
org.jfree.chart.renderer.xy.XYBlockRenderer.getPaintScale,0,0,0
org.jfree.chart.renderer.xy.XYAreaRenderer2.setOutline,0,0,0
org.jfree.chart.annotations.AbstractXYAnnotation.addEntity,3,1,4
org.jfree.data.time.TimePeriodValuesCollection.getSeriesKey,0,0,0
org.jfree.chart.plot.PolarPlot.getIndexOf,0,0,0
org.jfree.chart.plot.dial.DialPlot.removeLayer,1,1,2
org.jfree.chart.plot.PiePlot3D.<init>,0,0,0
org.jfree.chart.util.ExportUtils.isJFreeSVGAvailable,2,0,2
org.jfree.chart.plot.CombinedDomainCategoryPlot.setFixedRangeAxisSpaceForSubplots,0,2,2
org.jfree.chart.axis.CategoryLabelPositions.hashCode,0,0,0
org.jfree.data.general.Series.notifyListeners,1,3,4
org.jfree.chart.block.GridArrangement.arrangeFF,0,8,8
org.jfree.chart.plot.XYPlot.removeDomainMarker,6,2,8
org.jfree.chart.axis.ModuloAxis.transStart,6,0,6
org.jfree.chart.plot.RingPlot.setCenterText,0,0,0
org.jfree.chart.renderer.category.AbstractCategoryItemRenderer.drawRangeMarker,33,5,38
org.jfree.chart.block.GridArrangement.arrangeFR,0,2,2
org.jfree.data.time.DynamicTimeSeriesCollection.getEndY,0,0,0
org.jfree.chart.axis.TickUnits.<init>,0,0,0
org.jfree.chart.axis.CategoryTick.getLabel,0,0,0
org.jfree.chart.plot.dial.StandardDialScale.setUpperBound,0,0,0
org.jfree.chart.axis.SymbolAxis.refreshTicks,4,0,4
org.jfree.data.time.DynamicTimeSeriesCollection.getEndX,0,0,0
org.jfree.data.xy.YWithXInterval.equals,2,8,10
org.jfree.chart.plot.PolarPlot.clone,1,11,12
org.jfree.chart.block.GridArrangement.arrangeFN,0,8,8
org.jfree.chart.util.TableOrder.toString,0,0,0
org.jfree.data.KeyedObjects2D.hashCode,0,0,0
org.jfree.chart.plot.FastScatterPlot.drawRangeGridlines,1,3,4
org.jfree.chart.plot.CombinedDomainCategoryPlot.getSubplots,1,1,2
org.jfree.chart.renderer.category.AreaRenderer.setEndType,0,0,0
org.jfree.data.general.DatasetUtils.createConsolidatedPieDataset,2,14,16
org.jfree.chart.editor.DefaultPlotEditor.<clinit>,0,0,0
org.jfree.chart.axis.DateAxis.nextStandardDate,0,0,0
org.jfree.chart.plot.PiePlot.getShadowXOffset,0,0,0
org.jfree.data.xml.ItemHandler.setKey,0,0,0
org.jfree.data.jdbc.JDBCXYDataset.executeQuery,48,0,48
org.jfree.chart.plot.PolarPlot.zoomRangeAxes,6,0,6
org.jfree.chart.plot.CombinedRangeCategoryPlot.setShadowGenerator,2,0,2
org.jfree.chart.ui.RectangleEdge.<clinit>,0,0,0
org.jfree.chart.plot.CombinedRangeXYPlot.getDataRange,0,4,4
org.jfree.chart.axis.CategoryAxis.equalPaintMaps,0,6,6
org.jfree.data.KeyedValuesItemKey.toJSONString,0,0,0
org.jfree.chart.plot.Crosshair.setLabelOutlineStroke,0,0,0
org.jfree.chart.plot.Plot.setBackgroundPaint,5,3,8
org.jfree.chart.axis.DateTickMarkPosition.equals,0,6,6
org.jfree.chart.block.LengthConstraintType.toString,0,0,0
org.jfree.chart.renderer.xy.XYSplineRenderer.<init>,1,1,2
org.jfree.chart.plot.PiePlot.setLabelPaint,0,0,0
org.jfree.chart.plot.dial.StandardDialScale.getUpperBound,0,0,0
org.jfree.data.general.DatasetUtils.findMaximumDomainValue,11,1,12
org.jfree.chart.axis.DateAxis$DefaultTimeline.toMillisecond,0,0,0
org.jfree.chart.block.BlockContainer.<init>,0,0,0
org.jfree.chart.plot.PolarPlot.indexOf,4,0,4
org.jfree.data.category.CategoryToPieDataset.getExtractIndex,0,0,0
org.jfree.chart.title.LegendTitle.equals,4,20,24
org.jfree.chart.renderer.xy.GradientXYBarPainter.splitHorizontalBar,0,0,0
org.jfree.chart.plot.PiePlot.initialise,0,2,2
org.jfree.chart.plot.PiePlot.equals,4,94,98
org.jfree.chart.plot.CategoryCrosshairState.getColumnKey,0,0,0
org.jfree.data.time.Hour.compareTo,6,0,6
org.jfree.data.xy.DefaultOHLCDataset.getLow,0,0,0
org.jfree.chart.plot.CategoryPlot.getRangeZeroBaselinePaint,0,0,0
org.jfree.chart.renderer.AbstractRenderer.addChangeListener,0,0,0
org.jfree.data.general.WaferMapDataset.getUniqueValues,6,0,6
org.jfree.chart.renderer.WaferMapRenderer.makeValueIndex,6,0,6
org.jfree.chart.plot.dial.ArcDialFrame.<init>,0,0,0
org.jfree.data.time.Millisecond.getSerialIndex,0,0,0
org.jfree.chart.plot.RingPlot.getSectionDepth,0,0,0
org.jfree.chart.block.GridArrangement.arrangeRN,1,1,2
org.jfree.chart.block.GridArrangement.arrangeRR,4,2,6
org.jfree.chart.block.GridArrangement.arrangeRF,1,1,2
org.jfree.chart.block.LabelBlock.getToolTipText,0,0,0
org.jfree.chart.renderer.category.BarRenderer.getShadowsVisible,0,0,0
org.jfree.data.category.SlidingCategoryDataset.getFirstCategoryIndex,0,0,0
org.jfree.chart.plot.DialShape.equals,3,3,6
org.jfree.data.xy.XYBarDataset.getStartYValue,0,0,0
org.jfree.data.xy.XYIntervalSeriesCollection.getSeries,1,3,4
org.jfree.chart.plot.PlotOrientation.<clinit>,0,0,0
org.jfree.data.ComparableObjectItem.hashCode,0,2,2
org.jfree.chart.ui.FontDisplayField.setDisplayFont,0,0,0
org.jfree.chart.axis.Axis.hashCode,1,1,2
org.jfree.chart.plot.SpiderWebPlot.writeObject,0,0,0
org.jfree.chart.renderer.category.BoxAndWhiskerRenderer.drawItem,3,5,8
org.jfree.chart.plot.dial.DialValueIndicator.getBackgroundPaint,0,0,0
org.jfree.chart.ChartPanel.setDefaultDirectoryForSaveAs,4,0,4
org.jfree.data.statistics.DefaultBoxAndWhiskerCategoryDataset.getRowKey,0,0,0
org.jfree.chart.LegendItem.getLabelFont,0,0,0
org.jfree.chart.plot.PlotOrientation.isVertical,0,0,0
org.jfree.chart.renderer.category.GroupedStackedBarRenderer.<init>,0,0,0
org.jfree.chart.axis.CategoryAxis.writeObject,0,0,0
org.jfree.chart.plot.PiePlotState.getPieArea,0,0,0
org.jfree.data.time.ohlc.OHLCSeriesCollection.removeSeries,2,2,4
org.jfree.chart.renderer.category.StatisticalBarRenderer.getErrorIndicatorPaint,0,0,0
org.jfree.chart.renderer.xy.StackedXYAreaRenderer2.findRangeBounds,0,6,6
org.jfree.chart.axis.ValueAxis.resizeRange2,2,0,2
org.jfree.chart.plot.ThermometerPlot.getDataRange,0,0,0
org.jfree.data.time.DynamicTimeSeriesCollection.getSeriesKey,0,0,0
org.jfree.chart.JFreeChart.setRenderingHints,0,0,0
org.jfree.chart.ui.RectangleEdge.coordinate,4,4,8
org.jfree.chart.util.RelativeDateFormat.setShowZeroHours,0,0,0
org.jfree.chart.plot.CategoryPlot.getDataset,0,0,0
org.jfree.data.time.TimeTableXYDataset.getItemCount,0,0,0
org.jfree.chart.plot.dial.DialTextAnnotation.setAnchor,0,0,0
org.jfree.data.statistics.MeanAndStandardDeviation.getMeanValue,1,1,2
org.jfree.chart.annotations.CategoryPointerAnnotation.readObject,0,0,0
org.jfree.chart.axis.CyclicNumberAxis.draw,10,0,10
org.jfree.chart.ChartPanel.setDomainZoomable,8,0,8
org.jfree.chart.needle.WindNeedle.<init>,0,0,0
org.jfree.chart.plot.SpiderWebPlot.getLabelFont,0,0,0
org.jfree.data.general.HeatMapUtils.<init>,0,0,0
org.jfree.chart.annotations.XYPointerAnnotation.getArrowStroke,0,0,0
org.jfree.chart.axis.ValueAxis.setInverted,1,1,2
org.jfree.chart.renderer.xy.AbstractXYItemRenderer.setLegendItemURLGenerator,0,0,0
org.jfree.chart.renderer.xy.StackedXYAreaRenderer.findRangeBounds,1,1,2
org.jfree.chart.plot.MeterPlot.equals,3,37,40
org.jfree.chart.plot.PolarPlot.removeCornerTextItem,2,0,2
org.jfree.chart.renderer.category.AbstractCategoryItemRenderer.getSeriesItemLabelGenerator,1,1,2
org.jfree.chart.axis.NumberAxis.getTickUnit,0,0,0
org.jfree.chart.block.GridArrangement.arrangeNN,0,4,4
org.jfree.chart.ChartPanel.getHorizontalTraceLine,0,0,0
org.jfree.data.function.PowerFunction2D.hashCode,0,0,0
org.jfree.chart.urls.TimeSeriesURLGenerator.getPrefix,0,0,0
org.jfree.chart.encoders.SunPNGEncoderAdapter.isEncodingAlpha,0,0,0
org.jfree.chart.block.GridArrangement.arrangeNF,2,6,8
org.jfree.data.function.PolynomialFunction2D.getValue,2,0,2
org.jfree.data.gantt.Task.getPercentComplete,0,0,0
org.jfree.chart.axis.DateAxis.calculateDateForPosition,1,5,6
org.jfree.chart.plot.Marker.setLabel,0,0,0
org.jfree.chart.plot.MeterPlot.getDialBackgroundPaint,0,0,0
org.jfree.chart.plot.PiePlot.getLegendLabelToolTipGenerator,0,0,0
org.jfree.chart.plot.PiePlot.handleMouseWheelRotation,0,0,0
org.jfree.chart.block.GridArrangement.arrangeNR,1,1,2
org.jfree.chart.axis.CategoryTick.equals,2,10,12
org.jfree.data.statistics.SimpleHistogramDataset.getSeriesCount,0,0,0
org.jfree.chart.plot.dial.DialBackground.hashCode,0,0,0
org.jfree.chart.renderer.xy.DeviationRenderer.isItemPass,2,0,2
org.jfree.chart.util.RelativeDateFormat.setDayFormatter,0,0,0
org.jfree.chart.renderer.xy.AbstractXYItemRenderer.addEntity,8,0,8
org.jfree.chart.axis.LogarithmicAxis.adjustedPow10,3,5,8
org.jfree.chart.text.TextBlock.calculateBounds,0,0,0
org.jfree.chart.renderer.xy.StandardXYItemRenderer.getSeriesShapesFilled,0,0,0
org.jfree.chart.renderer.DefaultPolarItemRenderer.getPlot,0,0,0
org.jfree.chart.plot.CategoryPlot.getRendererCount,0,0,0
org.jfree.chart.renderer.xy.XYItemRendererState.endSeriesPass,0,0,0
org.jfree.chart.labels.StandardCrosshairLabelGenerator.<init>,2,2,4
org.jfree.chart.title.LegendGraphic.getOutlinePaint,0,0,0
org.jfree.chart.renderer.xy.CandlestickRenderer.getAutoWidthMethod,0,0,0
org.jfree.chart.plot.Crosshair.setLabelVisible,0,0,0
org.jfree.chart.axis.LogarithmicAxis.refreshTicksHorizontal,78,0,78
org.jfree.data.xy.YIntervalSeriesCollection.getEndYValue,0,0,0
org.jfree.chart.plot.CombinedDomainCategoryPlot.getCategoriesForAxis,0,0,0
org.jfree.data.category.DefaultCategoryDataset.removeRow,0,0,0
org.jfree.data.DefaultKeyedValues2D.removeColumn,0,6,6
org.jfree.chart.axis.NumberAxis.clone,1,1,2
org.jfree.data.xy.DefaultTableXYDataset.getSeriesCount,0,0,0
org.jfree.chart.renderer.AbstractRenderer.getLegendTextPaint,0,0,0
org.jfree.chart.renderer.category.StatisticalLineAndShapeRenderer.setErrorIndicatorStroke,0,0,0
org.jfree.data.general.DatasetGroup.<init>,0,0,0
org.jfree.chart.renderer.category.BarRenderer.<init>,0,0,0
org.jfree.chart.renderer.DefaultPolarItemRenderer.setShapesVisible,0,0,0
org.jfree.chart.axis.Axis.getAttributedLabel,0,2,2
org.jfree.chart.StandardChartTheme.getBarPainter,0,0,0
org.jfree.chart.renderer.category.BarRenderer.getShadowYOffset,0,0,0
org.jfree.chart.plot.Marker.setLabelFont,0,0,0
org.jfree.chart.ChartPanel.getDismissDelay,0,0,0
org.jfree.data.time.DynamicTimeSeriesCollection.getPosition,0,0,0
org.jfree.chart.ChartRenderingInfo.getChartArea,0,0,0
org.jfree.chart.util.LogFormat.parse,0,0,0
org.jfree.chart.ui.FontDisplayField.getDisplayFont,0,0,0
org.jfree.data.time.TimeSeries.getItems,0,0,0
org.jfree.data.category.DefaultIntervalCategoryDataset.getValue,1,3,4
org.jfree.chart.plot.CategoryPlot.drawDomainGridlines,3,7,10
org.jfree.chart.axis.LogAxis.<init>,0,0,0
org.jfree.chart.block.ColorBlock.<init>,0,0,0
org.jfree.data.xy.DefaultTableXYDataset.getEndY,0,0,0
org.jfree.data.xy.DefaultTableXYDataset.getEndX,0,0,0
org.jfree.chart.plot.dial.DialPlot.addLayer,0,0,0
org.jfree.chart.plot.PiePlotState.<init>,0,0,0
org.jfree.chart.title.LegendGraphic.setShapeLocation,0,0,0
org.jfree.chart.axis.LogarithmicAxis.setAutoRangeNextLogFlag,0,0,0
org.jfree.chart.plot.ThermometerPlot.getColumnDiameter,0,0,0
org.jfree.chart.renderer.xy.XYDotRenderer.getLegendShape,0,0,0
org.jfree.data.category.DefaultCategoryDataset.clone,0,0,0
org.jfree.chart.servlet.ServletUtilities.sendTempFile,14,0,14
org.jfree.data.xy.XYInterval.getXLow,0,0,0
org.jfree.chart.plot.CategoryPlot.getDomainCrosshairPaint,0,0,0
org.jfree.chart.text.TextUtils.calculateRotatedStringBounds,4,4,8
org.jfree.chart.plot.dial.ArcDialFrame.setInnerRadius,1,1,2
org.jfree.chart.editor.DefaultValueAxisEditor.validateMaximum,2,0,2
org.jfree.chart.axis.ValueAxis.setPositiveArrowVisible,0,0,0
org.jfree.chart.renderer.AbstractRenderer.getAutoPopulateSeriesShape,0,0,0
org.jfree.chart.plot.dial.DialValueIndicator.isClippedToWindow,0,0,0
org.jfree.chart.renderer.category.ScatterRenderer.equals,3,15,18
org.jfree.data.DefaultKeyedValues2D.getRowKey,0,0,0
org.jfree.chart.needle.ShipNeedle.equals,4,4,8
org.jfree.chart.plot.PiePlot.getLabelLinkStroke,0,0,0
org.jfree.chart.renderer.category.BarRenderer.calculateLabelAnchorPoint,50,0,50
org.jfree.chart.plot.Plot.getInsets,0,0,0
org.jfree.chart.plot.dial.DialValueIndicator.getInsets,0,0,0
org.jfree.chart.block.GridArrangement.arrange,4,20,24
org.jfree.chart.plot.ValueMarker.setValue,0,0,0
org.jfree.chart.renderer.category.BarRenderer.writeObject,0,0,0
org.jfree.chart.plot.CombinedDomainXYPlot.setFixedRangeAxisSpace,0,0,0
org.jfree.chart.plot.PlotRenderingInfo.getPlotArea,0,0,0
org.jfree.chart.plot.XYPlot.drawAnnotations,0,2,2
org.jfree.data.time.TimePeriodFormatException.<init>,0,0,0
org.jfree.chart.axis.CyclicNumberAxis.<clinit>,0,0,0
org.jfree.chart.axis.SubCategoryAxis.getSubLabelPaint,0,0,0
org.jfree.chart.plot.XYPlot.getRenderer,0,0,0
org.jfree.data.xml.ValueHandler.endElement,4,0,4
org.jfree.chart.encoders.SunPNGEncoderAdapter.setQuality,0,0,0
org.jfree.chart.renderer.category.CategoryStepRenderer.setStagger,0,0,0
org.jfree.chart.plot.CombinedDomainCategoryPlot.<init>,0,0,0
org.jfree.chart.renderer.xy.XYAreaRenderer.hashCode,0,0,0
org.jfree.chart.renderer.xy.CandlestickRenderer.writeObject,0,0,0
org.jfree.chart.plot.XYPlot.removeAnnotation,2,2,4
org.jfree.chart.needle.ArrowNeedle.drawNeedle,10,0,10
org.jfree.chart.annotations.XYTitleAnnotation.draw,17,9,26
org.jfree.chart.plot.PolarPlot.getAngleOffset,0,0,0
org.jfree.chart.renderer.AbstractRenderer.getSeriesVisibleInLegend,0,0,0
org.jfree.chart.axis.LogarithmicAxis.switchedPow10,0,2,2
org.jfree.chart.plot.Marker.addChangeListener,0,0,0
org.jfree.chart.plot.Plot.datasetChanged,0,0,0
org.jfree.chart.renderer.category.AbstractCategoryItemRenderer.setSeriesItemLabelGenerator,1,1,2
org.jfree.data.ComparableObjectSeries.getAllowDuplicateXValues,0,0,0
org.jfree.chart.axis.CategoryAxis.getCategoryLabelPositionOffset,0,0,0
org.jfree.chart.renderer.RendererUtils.findLiveItems,1,1,2
org.jfree.chart.plot.Plot.setParent,0,0,0
org.jfree.chart.renderer.xy.XYStepAreaRenderer.setStepPoint,2,2,4
org.jfree.chart.labels.StandardCategorySeriesLabelGenerator.createItemArray,0,0,0
org.jfree.chart.renderer.category.GradientBarPainter.hashCode,0,0,0
org.jfree.data.xy.XIntervalSeriesCollection.equals,1,3,4
org.jfree.chart.axis.ValueAxis.resizeRange,0,2,2
org.jfree.chart.date.SerialDate.weekdayCodeToString,0,0,0
org.jfree.chart.axis.Axis.isVisible,0,0,0
org.jfree.chart.title.LegendGraphic.setFillPaintTransformer,0,0,0
org.jfree.chart.entity.ChartEntity.setURLText,0,0,0
org.jfree.chart.plot.CategoryPlot.writeObject,0,0,0
org.jfree.chart.axis.PeriodAxis.setMinorTickMarksVisible,0,0,0
org.jfree.chart.renderer.category.ScatterRenderer.clone,0,0,0
org.jfree.chart.block.EmptyBlock.draw,0,0,0
org.jfree.data.time.DynamicTimeSeriesCollection.getDomainLowerBound,0,0,0
org.jfree.chart.imagemap.StandardToolTipTagFragmentGenerator.<init>,0,0,0
org.jfree.chart.labels.StandardPieSectionLabelGenerator.getAttributedLabel,0,0,0
org.jfree.data.resources.DataPackageResources_es.getContents,0,0,0
org.jfree.chart.renderer.AbstractRenderer.getDefaultCreateEntities,0,0,0
org.jfree.data.time.Year.getSerialIndex,0,0,0
org.jfree.data.statistics.HistogramType.toString,0,0,0
org.jfree.chart.servlet.ChartDeleter.valueBound,0,0,0
org.jfree.chart.util.StrokeList.setStroke,0,0,0
org.jfree.data.time.TimeSeriesCollection.getSeriesKey,0,0,0
org.jfree.chart.annotations.XYShapeAnnotation.<init>,0,0,0
org.jfree.chart.labels.StandardCrosshairLabelGenerator.equals,2,6,8
org.jfree.chart.plot.CategoryPlot.handleClick,6,0,6
org.jfree.data.gantt.TaskSeriesCollection.getColumnKeys,0,0,0
org.jfree.chart.plot.PieLabelLinkStyle.toString,0,0,0
org.jfree.chart.LegendItem.setDatasetIndex,0,0,0
org.jfree.chart.title.LegendGraphic.getLineStroke,0,0,0
org.jfree.chart.date.SerialDate.leapYearCount,0,0,0
org.jfree.chart.plot.ThermometerPlot.setAxisRange,3,1,4
org.jfree.chart.axis.DateTick.<init>,0,0,0
org.jfree.chart.plot.dial.StandardDialRange.readObject,0,0,0
org.jfree.chart.entity.JFreeChartEntity.clone,0,0,0
org.jfree.chart.ui.RectangleEdge.equals,1,5,6
org.jfree.chart.date.SpreadsheetDate.compareTo,0,0,0
org.jfree.chart.renderer.xy.CyclicXYItemRenderer.<init>,0,0,0
org.jfree.chart.LegendItemCollection.addAll,0,0,0
org.jfree.chart.plot.FastScatterPlot.getPlotType,0,0,0
org.jfree.chart.plot.Crosshair.setValue,0,0,0
org.jfree.chart.axis.AxisSpace.shrink,1,1,2
org.jfree.chart.plot.CombinedDomainXYPlot.setOrientation,0,2,2
org.jfree.chart.plot.CategoryPlot.setRangeCrosshairValue,1,3,4
org.jfree.chart.ui.RectangleInsets.calculateBottomOutset,1,1,2
org.jfree.chart.entity.StandardEntityCollection.iterator,0,0,0
org.jfree.chart.plot.dial.DialPointer$Pin.setPaint,0,0,0
org.jfree.data.resources.DataPackageResources_fr.<clinit>,0,0,0
org.jfree.chart.renderer.AbstractRenderer.readObject,0,0,0
org.jfree.chart.editor.DefaultPlotEditor.createPlotPanel,20,0,20
org.jfree.data.xy.VectorSeriesCollection.getVectorXValue,0,0,0
org.jfree.chart.axis.NumberAxis.selectAutoTickUnit,1,3,4
org.jfree.chart.encoders.SunPNGEncoderAdapter.<init>,0,0,0
org.jfree.chart.renderer.xy.XYLineAndShapeRenderer$State.startSeriesPass,0,0,0
org.jfree.chart.axis.ValueAxis.findMaximumTickLabelHeight,13,1,14
org.jfree.chart.renderer.xy.AbstractXYItemRenderer.updateCrosshairValues,5,3,8
org.jfree.data.xml.RootHandler.<init>,0,0,0
org.jfree.chart.StandardChartTheme.setBaselinePaint,0,0,0
org.jfree.chart.date.SerialDate.weekInMonthToString,6,0,6
org.jfree.data.KeyToGroupMap.mapKeyToGroup,1,11,12
org.jfree.chart.plot.RingPlot.readObject,0,0,0
org.jfree.chart.axis.ValueAxis.setAutoRange,2,2,4
org.jfree.chart.renderer.xy.XYDotRenderer.getDotWidth,0,0,0
org.jfree.chart.needle.MeterNeedle.readObject,0,0,0
org.jfree.chart.axis.MonthDateFormat.equals,2,10,12
org.jfree.chart.plot.MultiplePiePlot.<clinit>,1,1,2
org.jfree.data.DefaultKeyedValue.clone,0,0,0
org.jfree.chart.renderer.WaferMapRenderer.makePositionIndex,6,0,6
org.jfree.chart.JFreeChart.setBorderVisible,0,0,0
org.jfree.chart.ChartFactory.createXYLineChart,1,3,4
org.jfree.chart.util.LogFormat.clone,0,0,0
org.jfree.chart.renderer.category.StackedAreaRenderer.setRenderAsPercentages,0,0,0
org.jfree.chart.JFreeChart.getBackgroundImageAlignment,0,0,0
org.jfree.chart.axis.NumberAxis.getRangeType,0,0,0
org.jfree.chart.plot.dial.DialValueIndicator.getOutlinePaint,0,0,0
org.jfree.chart.plot.dial.DialPointer.setDatasetIndex,0,0,0
org.jfree.data.statistics.DefaultMultiValueCategoryDataset.getValues,0,2,2
org.jfree.data.gantt.Task.addSubtask,0,0,0
org.jfree.data.RangeType.readResolve,5,1,6
org.jfree.data.gantt.XYTaskDataset.getSeriesValue,0,0,0
org.jfree.data.statistics.DefaultBoxAndWhiskerXYDataset.getOutlierCoefficient,0,0,0
org.jfree.chart.entity.XYAnnotationEntity.getRendererIndex,0,0,0
org.jfree.chart.plot.CategoryPlot.drawAnnotations,2,2,4
org.jfree.chart.plot.Crosshair.setLabelBackgroundPaint,0,0,0
org.jfree.chart.annotations.XYPointerAnnotation.getArrowLength,0,0,0
org.jfree.data.gantt.TaskSeries.clone,0,0,0
org.jfree.chart.editor.DefaultChartEditorFactory.<init>,0,0,0
org.jfree.chart.plot.dial.StandardDialRange.equals,5,11,16
org.jfree.chart.axis.Axis.getLabelInsets,0,0,0
org.jfree.chart.annotations.XYImageAnnotation.clone,0,0,0
org.jfree.data.gantt.SlidingGanttCategoryDataset.getEndValue,4,0,4
org.jfree.data.xy.DefaultXYZDataset.getSeriesCount,0,0,0
org.jfree.chart.renderer.OutlierListCollection.iterator,0,0,0
org.jfree.data.statistics.DefaultBoxAndWhiskerXYDataset.getMeanValue,1,1,2
org.jfree.chart.plot.FastScatterPlot.isRangeGridlinesVisible,0,0,0
org.jfree.data.time.ohlc.OHLCItem.getHighValue,1,1,2
org.jfree.chart.title.PaintScaleLegend.getStripOutlinePaint,0,0,0
org.jfree.chart.title.LegendGraphic.setLineStroke,0,0,0
org.jfree.chart.renderer.category.WaterfallBarRenderer.getPositiveBarPaint,0,0,0
org.jfree.chart.needle.LongNeedle.<init>,0,0,0
org.jfree.chart.plot.dial.DialPlot.equals,5,17,22
org.jfree.chart.axis.NumberAxis.calculateHighestVisibleTickValue,0,0,0
org.jfree.data.xy.XYDatasetTableModel.getRowCount,2,0,2
org.jfree.data.time.TimePeriodValues.add,0,0,0
org.jfree.data.xy.XIntervalSeriesCollection.removeSeries,2,4,6
org.jfree.chart.JFreeChart.getSubtitleCount,0,0,0
org.jfree.data.DefaultKeyedValues2D.getRowKeys,0,0,0
org.jfree.chart.axis.StandardTickUnitSource.<clinit>,0,0,0
org.jfree.chart.renderer.AbstractRenderer.setSeriesItemLabelPaint,1,1,2
org.jfree.chart.block.LengthConstraintType.readResolve,6,0,6
org.jfree.chart.renderer.xy.ClusteredXYBarRenderer.findDomainBoundsWithOffset,1,5,6
org.jfree.chart.ui.RectangleAnchor.createRectangle,12,6,18
org.jfree.chart.LegendItemCollection.add,0,0,0
org.jfree.chart.block.AbstractBlock.arrange,0,0,0
org.jfree.data.KeyedObjects.hashCode,2,0,2
org.jfree.chart.renderer.category.GanttRenderer.setIncompletePaint,0,0,0
org.jfree.chart.renderer.category.LineAndShapeRenderer.setItemMargin,2,2,4
org.jfree.data.jdbc.JDBCXYDataset.getRangeUpperBound,0,0,0
org.jfree.chart.servlet.ServletUtilities.getTempOneTimeFilePrefix,0,0,0
org.jfree.data.xy.DefaultTableXYDataset.updateXPoints,1,15,16
org.jfree.chart.plot.PolarPlot.getAngleGridlinePaint,0,0,0
org.jfree.chart.plot.dial.DialPointer$Pointer.draw,0,0,0
org.jfree.data.gantt.SlidingGanttCategoryDataset.clone,1,1,2
org.jfree.data.time.Second.getFirstMillisecond,0,0,0
org.jfree.chart.encoders.SunJPEGEncoderAdapter.<init>,0,0,0
org.jfree.chart.axis.PeriodAxis.setLabelInfo,0,0,0
org.jfree.chart.plot.XYPlot.getDomainAxisCount,0,0,0
org.jfree.data.xy.XYSeriesCollection.getRangeBounds,0,8,8
org.jfree.data.statistics.HistogramDataset.equals,3,5,8
org.jfree.chart.axis.NumberTickUnitSource.getTickSize,0,0,0
org.jfree.chart.StandardChartTheme.getAxisLabelPaint,0,0,0
org.jfree.chart.plot.ThermometerPlot.isDomainZoomable,0,0,0
org.jfree.chart.JFreeChart.setNotify,2,0,2
org.jfree.chart.renderer.xy.AbstractXYItemRenderer.drawRangeMarker,33,5,38
org.jfree.chart.plot.dial.DialPlot.<init>,1,1,2
org.jfree.data.xy.XYSeries.getItemCount,0,0,0
org.jfree.chart.axis.PeriodAxis.java2DToValue,6,0,6
org.jfree.chart.title.PaintScaleLegend.readObject,0,0,0
org.jfree.data.xml.ValueHandler.<init>,0,0,0
org.jfree.chart.plot.ThermometerPlot.getColumnRadius,0,0,0
org.jfree.chart.ChartPanel.getHorizontalAxisTrace,0,0,0
org.jfree.chart.entity.PlotEntity.clone,0,0,0
org.jfree.chart.renderer.xy.CyclicXYItemRenderer$OverwriteDataSet.setGroup,0,0,0
org.jfree.chart.panel.AbstractOverlay.<init>,0,0,0
org.jfree.data.xml.CategoryDatasetHandler.getDataset,0,0,0
org.jfree.chart.axis.CategoryAxis.getCategoryStart,4,4,8
org.jfree.data.time.Second.peg,0,0,0
org.jfree.chart.renderer.AbstractRenderer.setSeriesShape,0,2,2
org.jfree.data.time.DynamicTimeSeriesCollection.addValue,4,0,4
org.jfree.chart.renderer.category.ScatterRenderer.getLegendItem,16,0,16
org.jfree.chart.ChartPanel.setDisplayToolTips,1,1,2
org.jfree.chart.renderer.category.MinMaxCategoryRenderer$1.paintIcon,4,0,4
org.jfree.chart.plot.IntervalMarker.setGradientPaintTransformer,0,0,0
org.jfree.data.KeyedObjects.addObject,0,0,0
org.jfree.chart.util.RelativeDateFormat.getShowZeroHours,0,0,0
org.jfree.chart.renderer.category.BarRenderer.calculateBarL0L1,2,2,4
org.jfree.chart.ChartPanel.drawZoomRectangle,8,0,8
org.jfree.chart.axis.DateTickMarkPosition.<init>,0,0,0
org.jfree.chart.axis.TickUnits.equals,2,2,4
org.jfree.chart.plot.dial.ArcDialFrame.isClippedToWindow,0,0,0
org.jfree.chart.axis.CategoryTick.<init>,0,0,0
org.jfree.chart.renderer.category.BoxAndWhiskerRenderer.drawHighFarOut,0,0,0
org.jfree.chart.renderer.DefaultPolarItemRenderer.getShapesVisible,0,0,0
org.jfree.chart.plot.XYPlot.findDomainAxisIndex,0,4,4
org.jfree.chart.StandardChartTheme.applyToXYAnnotation,2,0,2
org.jfree.chart.JFreeChart.titleChanged,0,0,0
org.jfree.data.category.SlidingCategoryDataset.lastCategoryIndex,1,1,2
org.jfree.chart.annotations.XYShapeAnnotation.equals,3,11,14
org.jfree.chart.plot.MultiplePiePlot.setLimit,0,0,0
org.jfree.chart.renderer.xy.AbstractXYItemRenderer.getLegendItemLabelGenerator,0,0,0
org.jfree.chart.renderer.OutlierList.updateAveragedOutlier,2,0,2
org.jfree.data.time.TimePeriodValues.getMaxStartIndex,0,0,0
org.jfree.chart.axis.NumberTickUnit.<init>,0,0,0
org.jfree.chart.urls.CustomXYURLGenerator.getURL,3,3,6
org.jfree.data.time.RegularTimePeriod.downsize,9,5,14
org.jfree.chart.plot.PiePlot.setLabelBackgroundPaint,0,0,0
org.jfree.chart.renderer.category.StandardBarPainter.paintBarShadow,4,0,4
org.jfree.chart.renderer.category.AbstractCategoryItemRenderer.drawOutline,0,0,0
org.jfree.chart.plot.CombinedRangeCategoryPlot.add,2,2,4
org.jfree.chart.axis.LogAxis.autoAdjustRange,4,6,10
org.jfree.chart.labels.AbstractPieItemLabelGenerator.clone,2,2,4
org.jfree.chart.plot.SpiderWebPlot.setDataExtractOrder,0,0,0
org.jfree.chart.plot.CombinedRangeXYPlot.zoomDomainAxes,8,0,8
org.jfree.data.time.Quarter.parseQuarter,2,2,4
org.jfree.data.general.DatasetUtils.iterateDomainBounds,0,22,22
org.jfree.chart.ui.RectangleInsets.calculateRightOutset,1,1,2
org.jfree.chart.renderer.xy.XYStepAreaRenderer.initialise,0,0,0
org.jfree.data.statistics.DefaultMultiValueCategoryDataset.getRowKey,0,0,0
org.jfree.chart.renderer.xy.XYBlockRenderer.setBlockAnchor,2,0,2
org.jfree.data.xy.IntervalXYDelegate.clone,0,0,0
org.jfree.data.time.Week.getLastMillisecond,0,0,0
org.jfree.chart.renderer.category.BarRenderer.setPositiveItemLabelPositionFallback,0,0,0
org.jfree.data.time.Minute.getDay,0,0,0
org.jfree.chart.axis.AxisLabelLocation.<init>,0,0,0
org.jfree.chart.axis.ValueAxis.setDownArrow,0,0,0
org.jfree.chart.needle.ArrowNeedle.clone,0,0,0
org.jfree.chart.ChartUtils.saveChartAsPNG,0,0,0
org.jfree.chart.plot.CombinedRangeCategoryPlot.setFixedDomainAxisSpaceForSubplots,0,2,2
org.jfree.chart.plot.CategoryPlot.setDataset,0,4,4
org.jfree.chart.annotations.XYDataImageAnnotation.getXRange,0,0,0
org.jfree.chart.plot.CategoryPlot.getDomainGridlinePaint,0,0,0
org.jfree.chart.plot.ThermometerPlot.setUnits,3,3,6
org.jfree.chart.plot.XYPlot.drawDomainTickBands,9,1,10
org.jfree.chart.ChartPanel.setMinimumDrawHeight,0,0,0
org.jfree.chart.renderer.category.WaterfallBarRenderer.setFirstBarPaint,0,0,0
org.jfree.data.time.ohlc.OHLCSeries.remove,0,0,0
org.jfree.chart.JFreeChart.handleClick,0,0,0
org.jfree.chart.LegendItem.setFillPaintTransformer,0,0,0
org.jfree.chart.renderer.xy.StackedXYBarRenderer.setRenderAsPercentages,0,0,0
org.jfree.chart.StandardChartTheme.setSmallFont,0,0,0
org.jfree.chart.JFreeChart$1.isCompatibleValue,0,0,0
org.jfree.chart.plot.dial.ArcDialFrame.equals,1,17,18
org.jfree.data.xy.DefaultXYZDataset.getDomainOrder,0,0,0
org.jfree.chart.plot.DefaultDrawingSupplier.readObject,0,10,10
org.jfree.chart.plot.CategoryPlot.getRowRenderingOrder,0,0,0
org.jfree.chart.renderer.Outlier.setRadius,0,0,0
org.jfree.chart.annotations.CategoryLineAnnotation.getStroke,0,0,0
org.jfree.chart.labels.StandardXYSeriesLabelGenerator.clone,0,0,0
org.jfree.chart.renderer.xy.AbstractXYItemRenderer.setDefaultItemLabelGenerator,0,0,0
org.jfree.chart.plot.CombinedDomainCategoryPlot.setGap,0,0,0
org.jfree.chart.axis.CyclicNumberAxis.isBoundMappedToLastCycle,0,0,0
org.jfree.data.general.AbstractDataset.clone,0,0,0
org.jfree.data.KeyedObjects2D.getColumnCount,0,0,0
org.jfree.chart.annotations.AbstractAnnotation.writeObject,0,0,0
org.jfree.chart.plot.XYPlot.getRangeAxisCount,0,0,0
org.jfree.chart.renderer.xy.XYAreaRenderer2.writeObject,0,0,0
org.jfree.chart.renderer.xy.XYDifferenceRenderer.areSeriesDisjoint,4,0,4
org.jfree.chart.editor.DefaultAxisEditor.getLabelPaint,0,0,0
org.jfree.chart.StrokeMap.readObject,0,2,2
org.jfree.chart.renderer.xy.GradientXYBarPainter.hashCode,0,0,0
org.jfree.chart.annotations.CategoryLineAnnotation.getCategory2,0,0,0
org.jfree.chart.plot.XYPlot.getDatasetCount,0,0,0
org.jfree.chart.annotations.CategoryLineAnnotation.getCategory1,0,0,0
org.jfree.chart.axis.CyclicNumberAxis.drawTickMarksAndLabels,14,0,14
org.jfree.data.xy.DefaultTableXYDataset.removeAllSeries,0,2,2
org.jfree.data.xy.YIntervalSeriesCollection.getStartX,0,0,0
org.jfree.data.xy.YIntervalSeriesCollection.getStartY,0,0,0
org.jfree.chart.entity.AxisEntity.clone,0,0,0
org.jfree.chart.annotations.XYImageAnnotation.writeObject,0,0,0
org.jfree.chart.renderer.category.StatisticalBarRenderer.getErrorIndicatorStroke,0,0,0
org.jfree.chart.annotations.TextAnnotation.setPaint,0,0,0
org.jfree.data.time.TimeSeries.clear,1,1,2
org.jfree.chart.plot.dial.DialPlot.writeObject,0,0,0
org.jfree.data.xy.YIntervalSeriesCollection.getY,0,0,0
org.jfree.data.xy.YIntervalSeriesCollection.getX,0,0,0
org.jfree.chart.axis.AxisSpace.expand,2,0,2
org.jfree.data.xml.KeyHandler.<init>,0,0,0
org.jfree.data.general.DefaultPieDataset.getIndex,0,0,0
org.jfree.data.xy.XYItemKey.toJSONString,0,0,0
org.jfree.data.KeyedValueComparator.<init>,0,0,0
org.jfree.chart.plot.PiePlot.getLabelPaint,0,0,0
org.jfree.chart.date.SerialDate.getEndOfCurrentMonth,0,0,0
org.jfree.chart.editor.DefaultTitleEditor.attemptModifyShowTitle,0,0,0
org.jfree.chart.labels.StandardXYSeriesLabelGenerator.createItemArray,0,0,0
org.jfree.chart.entity.JFreeChartEntity.hashCode,0,0,0
org.jfree.chart.annotations.XYImageAnnotation.getImageAnchor,0,0,0
org.jfree.chart.plot.PiePlot.setSectionOutlinePaint,0,0,0
org.jfree.data.category.DefaultIntervalCategoryDataset.getEndValue,6,6,12
org.jfree.chart.renderer.category.LineAndShapeRenderer.drawItem,29,25,54
org.jfree.data.general.Series.getKey,0,0,0
org.jfree.chart.plot.XYPlot.isRangeCrosshairVisible,0,0,0
org.jfree.chart.ChartFactory.createMultiplePieChart3D,4,0,4
org.jfree.chart.entity.ChartEntity.getShapeCoords,2,0,2
org.jfree.chart.renderer.xy.StackedXYAreaRenderer.<init>,0,0,0
org.jfree.chart.plot.CategoryPlot.setDomainAxisLocation,2,4,6
org.jfree.chart.plot.XYCrosshairState.<init>,0,0,0
org.jfree.data.ComparableObjectItem.getComparable,0,0,0
org.jfree.chart.axis.LogAxis.zoomRange,2,0,2
org.jfree.data.statistics.HistogramDataset.<init>,0,0,0
org.jfree.chart.plot.PiePlot.setDataset,2,2,4
org.jfree.data.ComparableObjectSeries.update,2,0,2
org.jfree.chart.renderer.category.GanttRenderer.getItemMiddle,0,0,0
org.jfree.chart.labels.CustomXYToolTipGenerator.getToolTipText,3,3,6
org.jfree.chart.renderer.xy.XYBubbleRenderer.getLegendItem,6,6,12
org.jfree.data.statistics.DefaultBoxAndWhiskerXYDataset.getQ3Value,1,1,2
org.jfree.chart.plot.CategoryPlot.getRangeGridlineStroke,0,0,0
org.jfree.data.time.ohlc.OHLCSeriesCollection.getClose,0,0,0
org.jfree.chart.entity.AxisEntity.getAxis,0,0,0
org.jfree.chart.ChartPanel.paintComponent,28,0,28
org.jfree.chart.renderer.xy.XYSplineRenderer.setGradientPaintTransformer,0,0,0
org.jfree.chart.util.ShapeUtils.contains,8,0,8
org.jfree.chart.plot.dial.DialPointer.hashCode,0,0,0
org.jfree.chart.renderer.category.LineAndShapeRenderer.getUseOutlinePaint,0,0,0
org.jfree.data.statistics.DefaultBoxAndWhiskerCategoryDataset.getRangeUpperBound,0,0,0
org.jfree.chart.plot.dial.DialValueIndicator.setValueAnchor,0,0,0
org.jfree.data.time.Month.parseMonth,5,11,16
org.jfree.chart.plot.PiePlot.getURLGenerator,0,0,0
org.jfree.data.gantt.SlidingGanttCategoryDataset.getStartValue,4,0,4
org.jfree.data.xy.XYInterval.getYHigh,0,0,0
org.jfree.data.general.DefaultHeatMapDataset.getXValue,0,0,0
org.jfree.chart.entity.JFreeChartEntity.<init>,0,0,0
org.jfree.chart.editor.DefaultAxisEditor.getOtherTabs,0,0,0
org.jfree.chart.plot.PolarPlot.getAxisCount,0,0,0
org.jfree.chart.renderer.AbstractRenderer.setDefaultCreateEntities,1,1,2
org.jfree.chart.axis.LogAxis.setSmallestValue,1,1,2
org.jfree.chart.renderer.category.AbstractCategoryItemRenderer.setPlot,0,0,0
org.jfree.chart.axis.SubCategoryAxis.draw,3,3,6
org.jfree.chart.StandardChartTheme.setShadowPaint,0,0,0
org.jfree.chart.plot.PiePlot.getLegendItems,2,20,22
org.jfree.chart.axis.LogAxis.exponentLengthToJava2D,0,0,0
org.jfree.chart.entity.XYItemEntity.getItem,0,0,0
org.jfree.data.KeyToGroupMap.getGroups,4,0,4
org.jfree.chart.annotations.XYDataImageAnnotation.<init>,0,0,0
org.jfree.chart.plot.Marker.setStroke,0,0,0
org.jfree.data.xy.CategoryTableXYDataset.getX,0,0,0
org.jfree.data.xy.CategoryTableXYDataset.getY,0,0,0
org.jfree.chart.plot.PieLabelRecord.getAngle,0,0,0
org.jfree.chart.plot.CombinedRangeXYPlot.getGap,0,0,0
org.jfree.data.xy.DefaultOHLCDataset.getVolumeValue,2,0,2
org.jfree.chart.axis.AxisState.cursorRight,0,0,0
org.jfree.chart.util.ExportUtils.writeAsJPEG,0,0,0
org.jfree.chart.StandardChartTheme.isShadowVisible,0,0,0
org.jfree.data.general.Series.setNotify,2,0,2
org.jfree.chart.labels.AbstractPieItemLabelGenerator.getLabelFormat,0,0,0
org.jfree.chart.axis.ValueAxis.getStandardTickUnits,0,0,0
org.jfree.chart.renderer.AbstractRenderer.setSeriesVisibleInLegend,1,1,2
org.jfree.chart.annotations.XYTextAnnotation.getPaint,0,0,0
org.jfree.chart.entity.ChartEntity.setArea,0,0,0
org.jfree.data.DefaultKeyedValue.hashCode,4,0,4
org.jfree.chart.axis.SymbolAxis.equals,2,10,12
org.jfree.chart.block.BorderArrangement.arrange,14,14,28
org.jfree.chart.annotations.XYTextAnnotation.getText,0,0,0
org.jfree.chart.LegendItem.getLinePaint,0,0,0
org.jfree.chart.editor.DefaultTitleEditor.enableOrDisableControls,2,0,2
org.jfree.chart.plot.Plot.setOutlineStroke,5,3,8
org.jfree.chart.plot.CategoryPlot.getRangeAxisCount,0,0,0
org.jfree.chart.axis.SymbolAxis.getGridBandPaint,0,0,0
org.jfree.chart.labels.MultipleXYSeriesLabelGenerator.hashCode,0,0,0
org.jfree.chart.block.FlowArrangement.arrange,18,6,24
org.jfree.data.general.DatasetUtils.iterateZBounds,2,6,8
org.jfree.chart.axis.DateAxis.selectVerticalAutoTickUnit,2,0,2
org.jfree.chart.plot.PolarPlot.addCornerTextItem,0,0,0
org.jfree.chart.renderer.category.LineAndShapeRenderer.setUseSeriesOffset,0,0,0
org.jfree.chart.plot.XYPlot.setDomainAxes,2,0,2
org.jfree.chart.renderer.xy.SamplingXYLineRenderer$State.startSeriesPass,0,0,0
org.jfree.chart.plot.Marker.setLabelPaint,0,0,0
org.jfree.data.category.DefaultCategoryDataset.getValue,0,0,0
org.jfree.chart.editor.DefaultNumberAxisEditor.toggleAutoTick,2,0,2
org.jfree.chart.util.StrokeList.clone,0,0,0
org.jfree.chart.urls.CustomCategoryURLGenerator.addURLSeries,0,2,2
org.jfree.chart.annotations.XYTextAnnotation.setText,0,0,0
org.jfree.chart.renderer.xy.XYBarRenderer.setUseYInterval,0,2,2
org.jfree.chart.plot.dial.ArcDialFrame.getOuterRadius,0,0,0
org.jfree.chart.title.TextTitle.getToolTipText,0,0,0
org.jfree.chart.axis.PeriodAxisLabelInfo.getPadding,0,0,0
org.jfree.chart.ui.RectangleInsets.extendWidth,0,0,0
org.jfree.chart.renderer.category.StackedAreaRenderer.findRangeBounds,1,3,4
org.jfree.chart.axis.CyclicNumberAxis.getAdvanceLineStroke,0,0,0
org.jfree.chart.annotations.XYTextAnnotation.setOutlineVisible,0,0,0
org.jfree.chart.renderer.category.CategoryStepRenderer.drawItem,20,0,20
org.jfree.chart.block.EmptyBlock.<init>,0,0,0
org.jfree.chart.StandardChartTheme.getPlotOutlinePaint,0,0,0
org.jfree.data.time.TimeSeriesTableModel.getColumnCount,0,0,0
org.jfree.chart.axis.NumberAxis.estimateMaximumTickLabelHeight,0,0,0
org.jfree.data.xy.DefaultIntervalXYDataset.clone,0,2,2
org.jfree.chart.util.SortOrder.toString,0,0,0
org.jfree.data.time.Year.previous,0,2,2
org.jfree.chart.plot.CompassPlot.readObject,0,0,0
org.jfree.chart.text.TextBlockAnchor.equals,1,5,6
org.jfree.chart.JFreeChart.getLegend,3,3,6
org.jfree.chart.ui.UIUtils.createTablePanel,4,0,4
org.jfree.chart.renderer.xy.CandlestickRenderer.findRangeBounds,0,0,0
org.jfree.chart.needle.MiddlePinNeedle.clone,0,0,0
org.jfree.chart.annotations.AbstractAnnotation.addChangeListener,0,0,0
org.jfree.chart.title.LegendItemBlockContainer.getDataset,0,0,0
org.jfree.data.xy.XYIntervalSeries.getYHighValue,0,0,0
org.jfree.chart.axis.TickUnit.equals,3,5,8
org.jfree.chart.renderer.category.BarRenderer.<clinit>,0,0,0
org.jfree.chart.entity.ChartEntity.getArea,0,0,0
org.jfree.chart.plot.DialShape.readResolve,5,1,6
org.jfree.chart.plot.XYPlot.panDomainAxes,8,0,8
org.jfree.data.DefaultKeyedValues.getKey,0,0,0
org.jfree.chart.title.ShortTextTitle.arrange,32,0,32
org.jfree.chart.urls.URLUtilities.<clinit>,0,0,0
org.jfree.chart.plot.Crosshair.getLabelPaint,0,0,0
org.jfree.chart.urls.StandardCategoryURLGenerator.clone,0,0,0
org.jfree.chart.renderer.category.BarRenderer.getIncludeBaseInRange,0,0,0
org.jfree.chart.ChartHints.<clinit>,0,0,0
org.jfree.chart.title.TextTitle.draw,11,9,20
org.jfree.chart.title.ShortTextTitle.<clinit>,1,1,2
org.jfree.data.time.FixedMillisecond.previous,2,0,2
org.jfree.data.statistics.DefaultBoxAndWhiskerCategoryDataset.getMaxRegularValue,2,2,4
org.jfree.data.statistics.DefaultStatisticalCategoryDataset.getRangeBounds,1,3,4
org.jfree.chart.plot.PiePlot.setSectionPaint,0,0,0
org.jfree.chart.plot.MeterInterval.getOutlinePaint,0,0,0
org.jfree.chart.axis.PeriodAxis.drawTickMarksHorizontal,24,0,24
org.jfree.data.time.Year.peg,0,0,0
org.jfree.chart.plot.PiePlotState.setPieCenterY,0,0,0
org.jfree.chart.plot.PiePlotState.setPieCenterX,0,0,0
org.jfree.chart.block.BorderArrangement.add,1,9,10
org.jfree.data.statistics.SimpleHistogramBin.compareTo,7,3,10
org.jfree.chart.title.LegendTitle.getBackgroundPaint,0,0,0
org.jfree.chart.StandardChartTheme.applyToTitle,14,4,18
org.jfree.chart.annotations.XYTextAnnotation.setY,0,0,0
org.jfree.chart.axis.DateTickUnit.rollDate,0,0,0
org.jfree.chart.annotations.XYTextAnnotation.setX,0,0,0
org.jfree.data.time.Hour.getSerialIndex,0,0,0
org.jfree.data.statistics.DefaultStatisticalCategoryDataset.getRowCount,0,0,0
org.jfree.chart.axis.Tick.clone,0,0,0
org.jfree.chart.renderer.xy.XYBarRenderer.setGradientPaintTransformer,0,0,0
org.jfree.chart.axis.ValueAxis.isVerticalTickLabels,0,0,0
org.jfree.chart.plot.Crosshair.setStroke,0,0,0
org.jfree.chart.plot.CombinedDomainCategoryPlot.plotChanged,0,0,0
org.jfree.chart.axis.Axis.removeChangeListener,0,0,0
org.jfree.chart.axis.DateTickUnit.valueToString,0,0,0
org.jfree.data.xml.ValueHandler.startElement,2,0,2
org.jfree.data.general.WaferMapDataset.getMinValue,0,0,0
org.jfree.data.statistics.BoxAndWhiskerCalculator.calculateQ1,0,6,6
org.jfree.chart.plot.PiePlot.setLabelGap,0,0,0
org.jfree.chart.LegendItem.setShapeVisible,0,0,0
org.jfree.chart.ChartColor.<clinit>,0,0,0
org.jfree.data.statistics.BoxAndWhiskerCalculator.calculateQ3,0,6,6
org.jfree.chart.plot.CombinedDomainXYPlot.findSubplot,2,0,2
org.jfree.chart.ChartPanel.print,2,0,2
org.jfree.data.KeyedObjects2D.addObject,0,0,0
org.jfree.chart.axis.LogarithmicAxis.setupNumberFmtObj,2,2,4
org.jfree.data.statistics.DefaultBoxAndWhiskerCategoryDataset.getMinOutlier,3,1,4
org.jfree.chart.util.PaintUtils.colorToString,14,0,14
org.jfree.chart.plot.CombinedDomainCategoryPlot.equals,3,5,8
org.jfree.chart.title.ImageTitle.draw,8,0,8
org.jfree.chart.renderer.category.LevelRenderer.setMaximumItemWidth,0,0,0
org.jfree.chart.axis.LogAxis.configure,0,2,2
org.jfree.chart.plot.dial.DialValueIndicator.getOutlineStroke,0,0,0
org.jfree.chart.plot.CombinedRangeCategoryPlot.remove,4,8,12
org.jfree.chart.LegendItem.setLineStroke,0,0,0
org.jfree.chart.plot.dial.StandardDialScale.setMajorTickPaint,0,0,0
org.jfree.data.time.TimeSeries.update,7,7,14
org.jfree.chart.entity.TitleEntity.clone,0,0,0
org.jfree.data.xy.XIntervalSeriesCollection.<init>,0,0,0
org.jfree.data.category.SlidingCategoryDataset.setMaximumCategoryCount,1,1,2
org.jfree.chart.plot.PiePlot.setLabelLinksVisible,0,0,0
org.jfree.data.xy.XYItemKey.equals,8,0,8
org.jfree.chart.util.ShapeUtils.createLineRegion,2,0,2
org.jfree.chart.renderer.xy.WindItemRenderer.<init>,0,0,0
org.jfree.chart.plot.DefaultDrawingSupplier.equalShapes,5,7,12
org.jfree.chart.renderer.AbstractRenderer.getDefaultOutlineStroke,0,0,0
org.jfree.chart.axis.Axis.equals,2,50,52
org.jfree.chart.axis.LogarithmicAxis.computeLogFloor,8,0,8
org.jfree.chart.plot.PolarPlot.getRadiusGridlinePaint,0,0,0
org.jfree.chart.plot.MeterPlot.getValuePaint,0,0,0
org.jfree.chart.event.AnnotationChangeEvent.getAnnotation,0,0,0
org.jfree.chart.plot.CategoryPlot.addRangeMarker,4,6,10
org.jfree.chart.plot.dial.DialPointer$Pin.writeObject,0,0,0
org.jfree.chart.editor.DefaultPolarPlotEditor.validateTickUnit,4,0,4
org.jfree.chart.plot.RingPlot.setSeparatorsVisible,0,0,0
org.jfree.chart.ui.TextAnchor.<init>,0,0,0
org.jfree.chart.plot.dial.DialValueIndicator.setNumberFormat,0,0,0
org.jfree.chart.plot.Crosshair.getLabelGenerator,0,0,0
org.jfree.data.statistics.SimpleHistogramBin.setItemCount,0,0,0
org.jfree.chart.block.RectangleConstraint.toFixedHeight,0,0,0
org.jfree.chart.plot.CombinedRangeCategoryPlot.clone,1,3,4
org.jfree.data.gantt.TaskSeriesCollection.getRowCount,0,0,0
org.jfree.chart.title.LegendGraphic.draw,2,8,10
org.jfree.chart.renderer.xy.HighLowRenderer.getCloseTickPaint,0,0,0
org.jfree.chart.util.CloneUtils.cloneList,4,0,4
org.jfree.data.KeyedValues2DItemKey.getRowKey,0,0,0
org.jfree.data.gantt.XYTaskDataset.getSeriesCount,0,0,0
org.jfree.chart.annotations.TextAnnotation.readObject,0,0,0
org.jfree.chart.date.SpreadsheetDate.getDayOfMonth,0,0,0
org.jfree.chart.renderer.Outlier.<init>,0,0,0
org.jfree.chart.editor.DefaultPlotEditor.updatePlotProperties,44,0,44
org.jfree.data.gantt.SlidingGanttCategoryDataset.setMaximumCategoryCount,1,1,2
org.jfree.chart.plot.ThermometerPlot.setFollowDataInSubranges,0,0,0
org.jfree.chart.renderer.AbstractRenderer.setTreatLegendShapeAsLine,1,1,2
org.jfree.data.time.TimeSeries.getMinY,0,0,0
org.jfree.chart.renderer.xy.XYShapeRenderer.setGuideLinesVisible,0,0,0
org.jfree.data.io.CSV.extractRowKeyAndData,6,0,6
org.jfree.chart.block.BlockContainer.equals,2,8,10
org.jfree.chart.plot.XYPlot.isDomainCrosshairLockedOnData,0,0,0
org.jfree.data.xy.DefaultXYZDataset.addSeries,4,8,12
org.jfree.data.xy.DefaultIntervalXYDataset.getX,0,0,0
org.jfree.data.xy.DefaultIntervalXYDataset.getY,0,0,0
org.jfree.chart.ui.GradientPaintTransformType.toString,0,0,0
org.jfree.chart.util.AttrStringUtils.isHorizontalCenter,10,0,10
org.jfree.chart.ui.UIUtils.createJButton,0,0,0
org.jfree.chart.event.ChartChangeEventType.toString,0,0,0
org.jfree.chart.util.RelativeDateFormat.getMinuteSuffix,0,0,0
org.jfree.chart.needle.MeterNeedle.hashCode,0,0,0
org.jfree.chart.plot.CategoryPlot.setRangeZeroBaselinePaint,0,0,0
org.jfree.chart.urls.CustomPieURLGenerator.addURLs,0,0,0
org.jfree.data.gantt.XYTaskDataset.getSeriesWidth,0,0,0
org.jfree.data.xy.OHLCDataItem.equals,5,9,14
org.jfree.chart.plot.CategoryPlot.getRangeAxis,0,4,4
org.jfree.chart.axis.CategoryAxis.getCategoryJava2DCoordinate,4,2,6
org.jfree.chart.axis.AxisLocation.<clinit>,0,0,0
org.jfree.data.general.DatasetUtils.findRangeBounds,2,6,8
org.jfree.data.Range.hashCode,0,0,0
org.jfree.data.general.DefaultKeyedValuesDataset.<init>,0,0,0
org.jfree.chart.plot.dial.DialValueIndicator.setOutlineStroke,0,0,0
org.jfree.chart.plot.Plot.fillBackground,6,2,8
org.jfree.chart.title.ImageTitle.getImage,0,0,0
org.jfree.chart.plot.dial.StandardDialScale.setStartAngle,0,0,0
org.jfree.chart.annotations.XYPointerAnnotation.getArrowPaint,0,0,0
org.jfree.data.time.TimePeriodValuesCollection.getSeries,0,4,4
org.jfree.data.xy.XIntervalSeriesCollection.getYValue,0,0,0
org.jfree.chart.plot.RingPlot.getCenterTextColor,0,0,0
org.jfree.chart.plot.dial.DialValueIndicator.clone,0,0,0
org.jfree.data.ComparableObjectSeries.hashCode,1,9,10
org.jfree.chart.renderer.category.AbstractCategoryItemRenderer.<init>,0,0,0
org.jfree.chart.axis.ExtendedCategoryAxis.setSubLabelFont,0,0,0
org.jfree.chart.LegendItem.getToolTipText,0,0,0
org.jfree.chart.util.ShapeList.readObject,3,1,4
org.jfree.data.xy.DefaultTableXYDataset.<init>,0,0,0
org.jfree.data.time.Millisecond.getFirstMillisecond,0,0,0
org.jfree.chart.axis.PeriodAxis.configure,2,0,2
org.jfree.chart.entity.TitleEntity.<init>,0,0,0
org.jfree.chart.util.SortOrder.<init>,0,0,0
org.jfree.data.general.DatasetUtils.createPieDatasetForColumn,2,0,2
org.jfree.chart.ChartFactory.createTimeSeriesChart,1,3,4
org.jfree.chart.title.PaintScaleLegend.isStripOutlineVisible,0,0,0
org.jfree.chart.plot.PiePlot.drawRightLabels,2,6,8
org.jfree.chart.LegendItem.setLabelPaint,0,0,0
org.jfree.chart.plot.dial.ArcDialFrame.getOuterWindow,0,0,0
org.jfree.chart.plot.dial.StandardDialScale.setMinorTickStroke,0,0,0
org.jfree.data.time.Hour.parseHour,3,3,6
org.jfree.chart.annotations.XYTextAnnotation.hashCode,0,0,0
org.jfree.chart.MouseWheelHandler.getZoomFactor,0,0,0
org.jfree.chart.axis.DateAxis.zoomRange,4,0,4
org.jfree.chart.axis.AxisSpace.getBottom,0,0,0
org.jfree.chart.ui.HorizontalAlignment.hashCode,0,0,0
org.jfree.data.time.ohlc.OHLCSeriesCollection.removeAllSeries,0,4,4
org.jfree.chart.needle.ShipNeedle.<init>,0,0,0
org.jfree.chart.plot.AbstractPieLabelDistributor.clear,0,0,0
org.jfree.chart.labels.IntervalCategoryItemLabelGenerator.<init>,0,0,0
org.jfree.data.Range.isNaNRange,0,4,4
org.jfree.chart.plot.dial.StandardDialScale.setMinorTickCount,1,1,2
org.jfree.chart.renderer.category.BarRenderer.equals,1,29,30
org.jfree.chart.plot.XYPlot.handleClick,6,0,6
org.jfree.data.jdbc.JDBCXYDataset.getRangeLowerBound,0,0,0
org.jfree.chart.plot.PolarPlot.draw,18,0,18
org.jfree.chart.util.DefaultShadowGenerator.<init>,0,0,0
org.jfree.chart.axis.Axis.setVisible,1,1,2
org.jfree.chart.plot.XYPlot.getDatasetIndices,2,4,6
org.jfree.chart.axis.ExtendedCategoryAxis.<init>,0,0,0
org.jfree.chart.renderer.xy.XYBarRenderer.setShadowVisible,0,0,0
org.jfree.chart.title.DateTitle.<init>,0,0,0
org.jfree.chart.plot.SeriesRenderingOrder.hashCode,0,0,0
org.jfree.data.general.AbstractSeriesDataset.<init>,0,0,0
org.jfree.data.time.FixedMillisecond.hashCode,0,0,0
org.jfree.chart.plot.dial.DialValueIndicator.setMaxTemplateValue,0,0,0
org.jfree.chart.renderer.category.LineAndShapeRenderer.getSeriesShapesVisible,0,0,0
org.jfree.data.time.TimeSeries.getRangeDescription,0,0,0
org.jfree.chart.block.LabelBlock.<clinit>,0,0,0
org.jfree.data.xy.XYSeriesCollection.clone,0,0,0
org.jfree.data.xy.DefaultHighLowDataset.getOpenValue,2,0,2
org.jfree.chart.editor.DefaultValueAxisEditor.isAutoRange,0,0,0
org.jfree.chart.plot.PiePlot.clearSectionOutlineStrokes,2,0,2
org.jfree.chart.renderer.xy.StackedXYBarRenderer.<init>,0,0,0
org.jfree.chart.block.RectangleConstraint.calculateConstrainedSize,4,20,24
org.jfree.data.xy.XYDatasetTableModel.setValueAt,2,0,2
org.jfree.chart.LegendRenderingOrder.toString,0,0,0
org.jfree.data.jdbc.JDBCXYDataset.getItemCount,0,0,0
org.jfree.chart.plot.Marker.readObject,0,0,0
org.jfree.chart.text.TextBox.draw,4,4,8
org.jfree.chart.annotations.XYDataImageAnnotation.getImage,0,0,0
org.jfree.data.KeyedValues2DItemKey.compareTo,2,0,2
org.jfree.chart.util.HexNumberFormat.format,4,0,4
org.jfree.chart.ChartPanel.removeChartMouseListener,0,0,0
org.jfree.data.time.TimeSeriesCollection.<init>,1,3,4
org.jfree.chart.plot.XYPlot.drawDomainGridlines,6,14,20
org.jfree.chart.axis.TickType.readResolve,3,1,4
org.jfree.data.xy.XYSeries.getMaxY,0,0,0
org.jfree.chart.renderer.xy.DeviationRenderer.initialise,0,0,0
org.jfree.chart.block.AbstractBlock.setBounds,0,0,0
org.jfree.chart.util.PaintAlpha.darkerRadialGradientPaint,2,0,2
org.jfree.data.gantt.TaskSeriesCollection.removeAll,2,0,2
org.jfree.chart.needle.PinNeedle.drawNeedle,6,0,6
org.jfree.chart.renderer.xy.XYDifferenceRenderer.getPassCount,0,0,0
org.jfree.chart.servlet.ServletUtilities.getTempFilePrefix,0,0,0
org.jfree.data.statistics.HistogramBin.equals,9,9,18
org.jfree.data.xy.XYDataItem.compareTo,1,5,6
org.jfree.chart.plot.PolarPlot.checkAxisIndices,10,0,10
org.jfree.chart.urls.TimeSeriesURLGenerator.<init>,0,0,0
org.jfree.chart.axis.NumberTick.<init>,0,0,0
org.jfree.chart.JFreeChart.setBorderStroke,0,0,0
org.jfree.chart.block.BlockContainer.clear,0,0,0
org.jfree.chart.renderer.category.GroupedStackedBarRenderer.calculateBarWidth,6,6,12
org.jfree.data.general.Series.firePropertyChange,0,0,0
org.jfree.chart.util.ArrayUtils.hasDuplicateItems,3,7,10
org.jfree.chart.entity.PieSectionEntity.setSectionKey,0,0,0
org.jfree.chart.ChartTransferable.getTransferData,2,0,2
org.jfree.chart.renderer.xy.CandlestickRenderer.setUpPaint,0,0,0
org.jfree.data.xy.XYSeries.getMaxX,0,0,0
org.jfree.chart.labels.ItemLabelAnchor.equals,1,5,6
org.jfree.chart.renderer.xy.DeviationRenderer.<init>,0,0,0
org.jfree.chart.ui.RectangleInsets.getUnitType,0,0,0
org.jfree.data.xy.MatrixSeries.get,0,0,0
org.jfree.chart.axis.ModuloAxis.lengthToJava2D,4,0,4
org.jfree.chart.labels.IntervalXYItemLabelGenerator.<init>,0,0,0
org.jfree.chart.plot.dial.StandardDialRange.setPaint,0,0,0
org.jfree.chart.JFreeChart.clearSubtitles,2,0,2
org.jfree.chart.plot.DatasetRenderingOrder.hashCode,0,0,0
org.jfree.chart.renderer.xy.XYSplineRenderer.getGradientPaintTransformer,0,0,0
org.jfree.chart.JFreeChart.getElementHinting,0,0,0
org.jfree.data.category.DefaultIntervalCategoryDataset.getRowKey,2,2,4
org.jfree.data.time.DynamicTimeSeriesCollection$ValueSequence.enterData,0,0,0
org.jfree.chart.ChartPanel.getMaximumDrawWidth,0,0,0
org.jfree.chart.event.ChartProgressEvent.setPercent,0,0,0
org.jfree.chart.util.RelativeDateFormat.setMinuteFormatter,0,0,0
org.jfree.chart.title.ImageTitle.drawHorizontal,8,0,8
org.jfree.chart.block.ColorBlock.readObject,0,0,0
org.jfree.chart.plot.PolarPlot.getDatasetCount,0,0,0
org.jfree.chart.ui.RectangleInsets.getTop,0,0,0
org.jfree.chart.axis.ValueAxis.<clinit>,0,0,0
org.jfree.chart.plot.dial.StandardDialScale.getMajorTickStroke,0,0,0
org.jfree.chart.plot.CategoryPlot.clearDomainAxes,4,0,4
org.jfree.chart.ChartPanel.restoreAutoBounds,1,1,2
org.jfree.chart.renderer.xy.XYErrorRenderer.getDrawXError,0,0,0
org.jfree.data.xy.XYSeriesCollection.vetoableChange,2,4,6
org.jfree.chart.plot.PiePlot.lookupSectionPaint,3,5,8
org.jfree.chart.plot.DefaultDrawingSupplier.getNextStroke,0,0,0
org.jfree.data.xy.XIntervalDataItem.getXHighValue,1,1,2
org.jfree.chart.ui.VerticalAlignment.equals,2,4,6
org.jfree.chart.util.AbstractObjectList.<init>,0,0,0
org.jfree.chart.util.LogFormat.getExponentFormat,0,0,0
org.jfree.chart.renderer.category.ScatterRenderer.setDrawOutlines,0,0,0
org.jfree.chart.title.LegendGraphic.getShapeLocation,0,0,0
org.jfree.chart.plot.XYPlot.clearDomainAxes,4,0,4
org.jfree.chart.date.SerialDate.<clinit>,0,0,0
org.jfree.chart.plot.CategoryPlot.datasetsMappedToDomainAxis,4,6,10
org.jfree.chart.plot.SpiderWebPlot.isWebFilled,0,0,0
org.jfree.data.xy.YInterval.getY,0,0,0
org.jfree.chart.ChartPanel.getZoomTriggerDistance,0,0,0
org.jfree.data.category.SlidingCategoryDataset.setFirstCategoryIndex,2,2,4
org.jfree.chart.plot.PieLabelRecord.getBaseY,0,0,0
org.jfree.chart.plot.Marker.setLabelAnchor,0,0,0
org.jfree.data.xy.XYSeriesCollection.removeSeries,2,6,8
org.jfree.data.statistics.BoxAndWhiskerItem.getMaxRegularValue,0,0,0
org.jfree.chart.title.LegendGraphic.readObject,0,0,0
org.jfree.chart.StandardChartTheme.setGridBandAlternatePaint,0,0,0
org.jfree.chart.axis.PeriodAxisLabelInfo.createInstance,0,0,0
org.jfree.chart.renderer.RendererState.setElementHinting,0,0,0
org.jfree.chart.plot.CompassPlot.getCompassFont,2,0,2
org.jfree.chart.renderer.LookupPaintScale$PaintItem.readObject,0,0,0
org.jfree.chart.plot.Marker.removeChangeListener,0,0,0
org.jfree.data.xy.XYSeriesCollection.hashCode,0,0,0
org.jfree.chart.plot.PiePlot.getLabelLinkDepth,0,0,0
org.jfree.chart.plot.CategoryPlot.setFixedDomainAxisSpace,0,2,2
org.jfree.chart.text.TextBox.equals,9,11,20
org.jfree.chart.text.TextBlock.getLastLine,1,1,2
org.jfree.data.xy.IntervalXYDelegate.setAutoWidth,0,2,2
org.jfree.chart.plot.SpiderWebPlot.getAxisLinePaint,0,0,0
org.jfree.chart.plot.ThermometerPlot.getAxisLocation,0,0,0
org.jfree.chart.ChartFactory.createBubbleChart,4,0,4
org.jfree.chart.renderer.xy.XYBarRenderer.drawItem,68,0,68
org.jfree.chart.block.GridArrangement.equals,2,6,8
org.jfree.data.resources.DataPackageResources_pl.<clinit>,0,0,0
org.jfree.chart.JFreeChart.addProgressListener,0,0,0
org.jfree.chart.axis.CyclicNumberAxis.setAdvanceLineVisible,0,0,0
org.jfree.data.general.DatasetUtils.findCumulativeRangeBounds,2,8,10
org.jfree.data.time.TimeTableXYDataset.getDomainIsPointsInTime,0,0,0
org.jfree.chart.renderer.AbstractRenderer.getItemOutlinePaint,0,0,0
org.jfree.data.category.SlidingCategoryDataset.clone,1,1,2
org.jfree.chart.title.TextTitle.setFont,0,2,2
org.jfree.data.DefaultKeyedValues.equals,5,11,16
org.jfree.data.xy.OHLCDataItem.getOpen,0,0,0
org.jfree.data.time.ohlc.OHLCSeriesCollection.getOpen,0,0,0
org.jfree.chart.plot.CategoryPlot.drawRangeGridlines,8,16,24
org.jfree.data.time.TimePeriodValues.getMinMiddleIndex,0,0,0
org.jfree.data.xy.DefaultXYZDataset.indexOf,0,0,0
org.jfree.data.KeyedObjects2D.<init>,0,0,0
org.jfree.chart.panel.CrosshairOverlay.equals,3,5,8
org.jfree.chart.date.SerialDate.lastDayOfMonth,0,4,4
org.jfree.chart.plot.MeterPlot.setTickLabelsVisible,1,1,2
org.jfree.chart.plot.CategoryPlot.getRangeCrosshairStroke,0,0,0
org.jfree.data.xy.YWithXInterval.<init>,0,0,0
org.jfree.chart.renderer.category.BarRenderer.drawItem,31,15,46
org.jfree.chart.editor.DefaultNumberAxisEditor.focusLost,2,0,2
org.jfree.chart.urls.CustomCategoryURLGenerator.clone,0,0,0
org.jfree.data.xy.IntervalXYDelegate.getDomainLowerBound,1,1,2
org.jfree.chart.renderer.AbstractRenderer.lookupSeriesFillPaint,2,6,8
org.jfree.chart.needle.MeterNeedle.setOutlinePaint,1,1,2
org.jfree.chart.plot.SpiderWebPlot.setBaseSeriesPaint,0,0,0
org.jfree.chart.renderer.category.MinMaxCategoryRenderer$2.<init>,0,0,0
org.jfree.chart.ChartFactory.setChartTheme,4,0,4
org.jfree.chart.plot.CategoryCrosshairState.setColumnKey,0,0,0
org.jfree.data.time.FixedMillisecond.equals,2,2,4
org.jfree.data.general.AbstractDataset.readObject,0,0,0
org.jfree.chart.axis.CategoryAxis.getTickLabelFont,1,1,2
org.jfree.chart.renderer.AbstractRenderer.setDefaultEntityRadius,0,0,0
org.jfree.chart.annotations.XYTextAnnotation.getOutlineStroke,0,0,0
org.jfree.chart.block.AbstractBlock.trimMargin,0,0,0
org.jfree.data.statistics.DefaultBoxAndWhiskerCategoryDataset.getColumnKey,0,0,0
org.jfree.chart.plot.CategoryPlot.getRangeAxisLocation,1,1,2
org.jfree.data.xy.XYIntervalSeriesCollection.equals,1,3,4
org.jfree.chart.labels.StandardCategorySeriesLabelGenerator.hashCode,0,0,0
org.jfree.chart.plot.MeterPlot.setDrawBorder,0,0,0
org.jfree.chart.annotations.CategoryTextAnnotation.getCategory,0,0,0
org.jfree.data.time.DynamicTimeSeriesCollection.setSeriesKey,0,0,0
org.jfree.chart.renderer.DefaultPolarItemRenderer.getDrawOutlineWhenFilled,0,0,0
org.jfree.chart.renderer.xy.XYAreaRenderer.getLegendItem,5,5,10
org.jfree.data.xy.DefaultHighLowDataset.getY,0,0,0
org.jfree.chart.date.SerialDate.isValidMonthCode,2,0,2
org.jfree.data.xy.DefaultHighLowDataset.getX,0,0,0
org.jfree.chart.labels.IntervalXYToolTipGenerator.generateToolTip,0,0,0
org.jfree.chart.ui.ApplicationFrame.windowIconified,0,0,0
org.jfree.data.statistics.DefaultStatisticalCategoryDataset.getColumnIndex,0,0,0
org.jfree.chart.axis.CyclicNumberAxis.valueToJava2D,22,0,22
org.jfree.chart.plot.Plot.getDatasetGroup,0,0,0
org.jfree.data.general.WaferMapDataset.getChipValue,4,0,4
org.jfree.chart.plot.CombinedRangeCategoryPlot.calculateAxisSpace,12,8,20
org.jfree.chart.plot.MultiplePiePlot.setLegendItemShape,0,0,0
org.jfree.data.statistics.DefaultBoxAndWhiskerCategoryDataset.getMedianValue,2,2,4
org.jfree.chart.plot.MeterPlot.getIntervals,0,0,0
org.jfree.chart.renderer.category.LineAndShapeRenderer.setSeriesShapesFilled,0,0,0
org.jfree.chart.entity.AxisEntity.writeObject,0,0,0
org.jfree.data.xml.DatasetReader.<init>,0,0,0
org.jfree.chart.text.TextUtils.drawAlignedString,1,1,2
org.jfree.chart.renderer.category.GanttRenderer.getCompletePaint,0,0,0
org.jfree.chart.event.TitleChangeEvent.getTitle,0,0,0
org.jfree.chart.annotations.XYLineAnnotation.hashCode,0,0,0
org.jfree.chart.renderer.WaferMapRenderer.getPaintIndex,0,0,0
org.jfree.chart.plot.SpiderWebPlot.getToolTipGenerator,0,0,0
org.jfree.chart.renderer.xy.XYErrorRenderer.writeObject,0,0,0
org.jfree.data.time.Quarter.getQuarter,0,0,0
org.jfree.chart.plot.WaferMapPlot.setRenderer,4,0,4
org.jfree.chart.annotations.XYBoxAnnotation.<init>,0,0,0
org.jfree.data.xy.XYSeriesCollection.addSeries,0,2,2
org.jfree.chart.plot.MeterPlot.drawArcForInterval,2,4,6
org.jfree.chart.plot.CompassPlot.getDatasets,0,0,0
org.jfree.chart.plot.dial.DialPointer$Pointer.getFillPaint,0,0,0
org.jfree.data.xml.ValueHandler.getCurrentText,0,0,0
org.jfree.chart.renderer.xy.XYBlockRenderer.drawItem,10,0,10
org.jfree.chart.renderer.xy.XYBoxAndWhiskerRenderer.readObject,0,0,0
org.jfree.chart.plot.dial.DialPlot.getDataset,2,0,2
org.jfree.chart.ChartPanel.getMaximumDrawHeight,0,0,0
org.jfree.chart.renderer.category.ScatterRenderer.getSeriesShapesFilled,2,0,2
org.jfree.chart.plot.CompassPlot.getPlotType,0,0,0
org.jfree.chart.block.BlockParams.setGenerateEntities,0,0,0
org.jfree.chart.plot.CategoryPlot.equals,0,100,100
org.jfree.chart.renderer.xy.StackedXYAreaRenderer$StackedXYAreaRendererState.setLastSeriesPoints,0,0,0
org.jfree.data.general.DefaultPieDataset.sortByKeys,0,0,0
org.jfree.data.xy.YIntervalSeries.getDataItem,0,0,0
org.jfree.chart.plot.PolarPlot.equals,6,36,42
org.jfree.data.category.DefaultCategoryDataset.<init>,0,0,0
org.jfree.chart.annotations.AbstractXYAnnotation.<init>,0,0,0
org.jfree.chart.plot.MeterPlot.getRange,0,0,0
org.jfree.data.general.DatasetUtils.findZBounds,0,0,0
org.jfree.data.time.ohlc.OHLCSeriesCollection.setXPosition,0,0,0
org.jfree.chart.block.AbstractBlock.calculateTotalWidth,0,0,0
org.jfree.data.category.DefaultCategoryDataset.clear,0,0,0
org.jfree.chart.labels.AbstractCategoryItemLabelGenerator.createItemArray,3,5,8
org.jfree.data.DefaultKeyedValues.addValue,0,0,0
org.jfree.chart.plot.CategoryPlot.getDomainCrosshairStroke,0,0,0
org.jfree.chart.plot.FastScatterPlot.readObject,2,2,4
org.jfree.chart.renderer.category.BarRenderer.setShadowYOffset,0,0,0
org.jfree.chart.labels.AbstractCategoryItemLabelGenerator.generateColumnLabel,0,0,0
org.jfree.chart.ChartPanel.zoomOutBoth,1,1,2
org.jfree.chart.urls.CustomPieURLGenerator.clone,0,4,4
org.jfree.data.xy.XYSeries.getY,0,0,0
org.jfree.data.xy.XYSeries.getX,0,0,0
org.jfree.chart.plot.XYPlot.setRangeGridlinePaint,0,0,0
org.jfree.chart.servlet.ServletUtilities.registerChartForDeletion,4,0,4
org.jfree.chart.util.AbstractObjectList.readObject,0,4,4
org.jfree.data.xy.XYIntervalDataItem.<init>,0,0,0
org.jfree.chart.plot.CategoryPlot.getDatasetRenderingOrder,0,0,0
org.jfree.chart.plot.CategoryPlot.clearRangeMarkers,9,11,20
org.jfree.chart.date.SpreadsheetDate.isAfter,2,0,2
org.jfree.data.xy.XYItemKey.toString,0,0,0
org.jfree.chart.plot.PolarPlot.buildRadialTicks,6,0,6
org.jfree.chart.plot.MeterPlot.getDataset,0,0,0
org.jfree.chart.renderer.category.CategoryItemRendererState.getVisibleSeriesArray,2,0,2
org.jfree.chart.JFreeChart.getID,0,0,0
org.jfree.chart.plot.CategoryPlot.getIndexOf,1,3,4
org.jfree.data.gantt.TaskSeriesCollection.refreshKeys,0,6,6
org.jfree.chart.plot.FastScatterPlot.isDomainGridlinesVisible,0,0,0
org.jfree.chart.JFreeChart.drawTitle,7,7,14
org.jfree.chart.plot.XYPlot.drawRangeGridlines,7,17,24
org.jfree.chart.renderer.xy.StackedXYAreaRenderer.clone,0,0,0
org.jfree.chart.plot.FastScatterPlot.setDomainAxis,0,0,0
org.jfree.chart.plot.PolarPlot.refreshAngleTicks,2,0,2
org.jfree.data.ComparableObjectSeries.getAutoSort,0,0,0
org.jfree.data.xy.YIntervalSeriesCollection.clone,0,0,0
org.jfree.data.statistics.BoxAndWhiskerItem.getMean,0,0,0
org.jfree.chart.title.CompositeTitle.<init>,0,0,0
org.jfree.chart.plot.PiePlot.setLabelShadowPaint,0,0,0
org.jfree.chart.renderer.xy.AbstractXYItemRenderer.fillDomainGridBand,4,0,4
org.jfree.chart.plot.dial.StandardDialScale.writeObject,0,0,0
org.jfree.data.xy.XYIntervalDataItem.getX,0,0,0
org.jfree.chart.util.ExportUtils.isOrsonPDFAvailable,2,0,2
org.jfree.chart.text.TextBlock.equals,2,2,4
org.jfree.chart.axis.CategoryLabelWidthType.<clinit>,0,0,0
org.jfree.chart.plot.XYPlot.zoomDomainAxes,5,7,12
org.jfree.chart.plot.dial.DialPointer$Pin.<init>,0,0,0
org.jfree.data.gantt.SlidingGanttCategoryDataset.lastCategoryIndex,2,0,2
org.jfree.chart.entity.XYItemEntity.setItem,0,0,0
org.jfree.chart.axis.TickUnits.size,0,0,0
org.jfree.chart.renderer.xy.XYItemRendererState.getLastItemIndex,0,0,0
org.jfree.chart.axis.AxisCollection.<init>,0,0,0
org.jfree.chart.urls.TimeSeriesURLGenerator.getItemParameterName,0,0,0
org.jfree.data.statistics.Regression.getPolynomialRegression,28,0,28
org.jfree.chart.block.BlockParams.setTranslateX,0,0,0
org.jfree.chart.block.BlockParams.setTranslateY,0,0,0
org.jfree.data.xy.DefaultHighLowDataset.<init>,0,0,0
org.jfree.chart.axis.CategoryAxis.getCategoryMiddle,2,2,4
org.jfree.chart.renderer.category.CategoryStepRenderer.getStagger,0,0,0
org.jfree.chart.plot.PiePlot.setLegendItemShape,0,0,0
org.jfree.chart.JFreeChart$1.<init>,0,0,0
org.jfree.chart.labels.AbstractPieItemLabelGenerator.<init>,0,0,0
org.jfree.data.xy.DefaultXYZDataset.getX,0,0,0
org.jfree.data.xy.DefaultXYZDataset.getZ,0,0,0
org.jfree.data.xy.DefaultXYZDataset.getY,0,0,0
org.jfree.chart.axis.CategoryAxis.drawTickMarks,9,9,18
org.jfree.chart.renderer.category.StackedAreaRenderer.averageStackValues,0,0,0
org.jfree.chart.JFreeChart.removeChangeListener,0,0,0
org.jfree.chart.renderer.DefaultPolarItemRenderer.setLegendItemURLGenerator,0,0,0
org.jfree.chart.date.SerialDate.getPreviousDayOfWeek,4,0,4
org.jfree.data.general.HeatMapUtils.extractColumnFromHeatMapDataset,2,0,2
org.jfree.chart.axis.NumberAxis.setMarkerBand,0,0,0
org.jfree.chart.labels.BoxAndWhiskerXYToolTipGenerator.createItemArray,4,0,4
org.jfree.chart.plot.PieLabelLinkStyle.readResolve,2,4,6
org.jfree.chart.title.DateTitle.setDateFormat,0,0,0
org.jfree.data.time.ohlc.OHLC.hashCode,0,0,0
org.jfree.chart.plot.Crosshair.getLabelOutlinePaint,0,0,0
org.jfree.chart.util.TableOrder.<clinit>,0,0,0
org.jfree.data.xy.XYSeries.equals,4,10,14
org.jfree.chart.labels.SymbolicXYItemLabelGenerator.hashCode,0,0,0
org.jfree.chart.plot.ThermometerPlot.getSubrangePaint,4,0,4
org.jfree.data.time.Week.hashCode,0,0,0
org.jfree.chart.renderer.category.LineAndShapeRenderer.clone,0,0,0
org.jfree.chart.needle.MeterNeedle.getOutlineStroke,0,0,0
org.jfree.chart.renderer.xy.StackedXYAreaRenderer.equals,3,7,10
org.jfree.chart.needle.ArrowNeedle.<init>,0,0,0
org.jfree.chart.labels.IntervalXYToolTipGenerator.equals,4,0,4
org.jfree.chart.axis.CyclicNumberAxis.getPeriod,0,0,0
org.jfree.chart.renderer.AbstractRenderer.getItemFillPaint,0,0,0
org.jfree.chart.editor.DefaultAxisEditor.getLabel,0,0,0
org.jfree.chart.axis.Axis.isAxisLineVisible,0,0,0
org.jfree.chart.renderer.xy.XYAreaRenderer.getPlotShapes,0,0,0
org.jfree.chart.annotations.CategoryLineAnnotation.draw,4,0,4
org.jfree.data.time.TimeSeries.minIgnoreNaN,0,4,4
org.jfree.data.xy.YIntervalSeries.getX,0,0,0
org.jfree.chart.title.LegendTitle.setItemLabelPadding,0,0,0
org.jfree.chart.axis.AxisSpace.setBottom,0,0,0
org.jfree.chart.axis.CyclicNumberAxis.centerRange,0,0,0
org.jfree.chart.axis.DateTickUnit.getRollUnitType,0,0,0
org.jfree.chart.axis.DateAxis.<clinit>,0,0,0
org.jfree.chart.plot.dial.StandardDialRange.hashCode,0,0,0
org.jfree.chart.plot.XYPlot.setRangeCrosshairStroke,0,0,0
org.jfree.data.time.Year.<init>,2,2,4
org.jfree.data.general.DefaultHeatMapDataset.getYSampleCount,0,0,0
org.jfree.chart.axis.Axis.createAttributedLabel,2,0,2
org.jfree.chart.plot.CombinedRangeXYPlot.getLegendItems,2,4,6
org.jfree.data.xy.MatrixSeries.getColumnsCount,0,0,0
org.jfree.chart.StandardChartTheme.createLegacyTheme,0,0,0
org.jfree.chart.ChartColor.createDefaultPaintArray,0,0,0
org.jfree.chart.entity.PlotEntity.readObject,0,0,0
org.jfree.chart.annotations.XYDataImageAnnotation.getWidth,0,0,0
org.jfree.chart.plot.CategoryPlot.isRangeCrosshairVisible,0,0,0
org.jfree.chart.annotations.XYTextAnnotation.isOutlineVisible,0,0,0
org.jfree.data.time.Minute.parseMinute,10,0,10
org.jfree.chart.renderer.xy.AbstractXYItemRenderer.getSeriesToolTipGenerator,0,0,0
org.jfree.chart.text.TextBox.setInteriorGap,0,0,0
org.jfree.chart.title.LegendTitle.getSources,0,0,0
org.jfree.chart.plot.MultiplePiePlot.readObject,0,0,0
org.jfree.chart.plot.ThermometerPlot.getLegendItems,0,0,0
org.jfree.chart.axis.Axis.setLabelFont,1,1,2
org.jfree.chart.plot.PieLabelRecord.setBaseY,0,0,0
org.jfree.data.xy.DefaultXYZDataset.getZValue,0,0,0
org.jfree.chart.urls.CustomXYURLGenerator.<init>,0,0,0
org.jfree.chart.block.BlockBorder.readObject,0,0,0
org.jfree.chart.encoders.SunPNGEncoderAdapter.getQuality,0,0,0
org.jfree.chart.plot.SpiderWebPlot.setSeriesPaint,0,0,0
org.jfree.chart.axis.LogAxis.getNumberFormatOverride,0,0,0
org.jfree.chart.StandardChartTheme.writeObject,0,0,0
org.jfree.data.xy.YIntervalSeriesCollection.removeAllSeries,2,0,2
org.jfree.chart.PaintMap.<init>,0,0,0
org.jfree.data.statistics.SimpleHistogramDataset.getItemCount,0,0,0
org.jfree.chart.plot.CategoryPlot.getOrientation,0,0,0
org.jfree.chart.servlet.ServletUtilities.setTempOneTimeFilePrefix,0,0,0
org.jfree.chart.plot.Crosshair.setLabelPaint,0,0,0
org.jfree.chart.axis.Axis.setTickMarkOutsideLength,0,0,0
org.jfree.chart.block.LabelBlock.getFont,0,0,0
org.jfree.data.json.impl.JSONValue.escape,27,0,27
org.jfree.chart.plot.SpiderWebPlot.setWebFilled,0,0,0
org.jfree.chart.LegendItem.writeObject,0,0,0
org.jfree.chart.renderer.AbstractRenderer.getItemLabelFont,2,0,2
org.jfree.data.DefaultKeyedValues.insertValue,3,5,8
org.jfree.data.category.DefaultCategoryDataset.removeColumn,0,0,0
org.jfree.data.xy.MatrixSeriesCollection.<init>,1,1,2
org.jfree.chart.plot.RingPlot.setCenterTextFormatter,0,0,0
org.jfree.data.ComparableObjectSeries.setMaximumItemCount,0,4,4
org.jfree.chart.title.Title.removeChangeListener,0,0,0
org.jfree.chart.plot.ThermometerPlot.<init>,1,1,2
org.jfree.chart.StandardChartTheme.applyToCategoryAxis,1,1,2
org.jfree.chart.axis.DateAxis.selectHorizontalAutoTickUnit,1,1,2
org.jfree.chart.plot.CrosshairState.updateCrosshairX,4,0,4
org.jfree.chart.plot.CrosshairState.updateCrosshairY,4,0,4
org.jfree.chart.block.AbstractBlock.trimToContentHeight,2,4,6
org.jfree.data.category.SlidingCategoryDataset.getColumnKeys,0,2,2
org.jfree.chart.util.AbstractObjectList.writeObject,0,6,6
org.jfree.chart.renderer.AbstractRenderer.getSeriesNegativeItemLabelPosition,2,0,2
org.jfree.chart.ChartPanel.removeOverlay,2,0,2
org.jfree.chart.renderer.xy.StandardXYItemRenderer.getLegendItem,7,7,14
org.jfree.data.xy.DefaultIntervalXYDataset.<init>,0,0,0
org.jfree.data.time.Year.getFirstMillisecond,0,0,0
org.jfree.chart.block.AbstractBlock.setMargin,0,0,0
org.jfree.chart.plot.dial.DialPlot.getViewHeight,0,0,0
org.jfree.data.statistics.DefaultBoxAndWhiskerCategoryDataset.getRangeLowerBound,0,0,0
org.jfree.data.time.ohlc.OHLCSeriesCollection.hashCode,0,2,2
org.jfree.chart.plot.CategoryPlot.isRangeMinorGridlinesVisible,0,0,0
org.jfree.chart.plot.XYPlot.render,15,15,30
org.jfree.chart.plot.Crosshair.getLabelFont,0,0,0
org.jfree.data.general.AbstractDataset.addChangeListener,0,0,0
org.jfree.chart.event.RendererChangeEvent.<init>,0,0,0
org.jfree.chart.plot.FastScatterPlot.setDomainGridlineStroke,0,0,0
org.jfree.chart.plot.PiePlotState.setPieArea,0,0,0
org.jfree.chart.renderer.category.LineAndShapeRenderer.setUseFillPaint,0,0,0
org.jfree.chart.plot.ThermometerPlot.setAxisLocation,2,2,4
org.jfree.chart.plot.CategoryPlot.getDomainGridlinePosition,0,0,0
org.jfree.data.KeyedObjects.equals,6,10,16
org.jfree.chart.plot.MultiplePiePlot.setAggregatedItemsPaint,0,0,0
org.jfree.chart.ChartUtils.writeBufferedImageAsJPEG,0,0,0
org.jfree.chart.renderer.category.LineAndShapeRenderer.setDefaultLinesVisible,0,0,0
org.jfree.chart.renderer.xy.XYBarRenderer.findRangeBounds,0,0,0
org.jfree.data.xy.YIntervalSeriesCollection.equals,1,3,4
org.jfree.chart.StandardChartTheme.setGridBandPaint,0,0,0
org.jfree.chart.urls.CustomXYURLGenerator.clone,0,0,0
org.jfree.chart.block.AbstractBlock.getBounds,0,0,0
org.jfree.chart.axis.NumberTickUnitSource.getCeilingTickUnit,1,9,10
org.jfree.chart.editor.DefaultNumberAxisEditor.validateTickUnit,2,0,2
org.jfree.chart.plot.dial.StandardDialScale.setTickLabelFormatter,0,0,0
org.jfree.chart.renderer.xy.XYStepAreaRenderer.setPlotArea,0,0,0
org.jfree.chart.title.Title.readObject,0,0,0
org.jfree.data.KeyedObjects2D.removeRow,0,2,2
org.jfree.chart.renderer.xy.XYDotRenderer.setDotHeight,1,1,2
org.jfree.data.xy.DefaultTableXYDataset.addSeries,1,1,2
org.jfree.chart.util.ShapeUtils.createRegularCross,0,0,0
org.jfree.chart.ui.StrokeChooserPanel.<init>,2,0,2
org.jfree.chart.plot.XYPlot.getRangeMinorGridlineStroke,0,0,0
org.jfree.chart.plot.XYPlot.getRangeAxisForDataset,0,2,2
org.jfree.chart.plot.XYPlot.getRendererIndices,1,5,6
org.jfree.data.category.DefaultCategoryDataset.getRowCount,0,0,0
org.jfree.chart.plot.ThermometerPlot.readObject,1,3,4
org.jfree.chart.axis.CategoryAxis.readObject,0,0,0
org.jfree.chart.renderer.category.AbstractCategoryItemRenderer.getColumnCount,0,0,0
org.jfree.chart.util.DefaultShadowGenerator.getDistance,0,0,0
org.jfree.data.xy.XYCoordinate.compareTo,10,0,10
org.jfree.data.general.DefaultHeatMapDataset.getMaximumYValue,0,0,0
org.jfree.chart.axis.Axis.<init>,0,0,0
org.jfree.chart.title.TextTitle.getURLText,0,0,0
org.jfree.chart.renderer.category.BarRenderer.readObject,0,0,0
org.jfree.chart.entity.ChartEntity.getURLText,0,0,0
org.jfree.chart.axis.LogarithmicAxis.setAllowNegativesFlag,0,0,0
org.jfree.chart.renderer.DefaultPolarItemRenderer.equals,13,15,28
org.jfree.chart.plot.dial.StandardDialFrame.getWindow,0,0,0
org.jfree.data.xy.DefaultXYDataset.<init>,0,0,0
org.jfree.chart.plot.dial.StandardDialScale.readObject,0,0,0
org.jfree.chart.plot.Marker.setLabelTextAnchor,0,0,0
org.jfree.data.time.TimePeriodAnchor.equals,1,5,6
org.jfree.chart.title.LegendTitle.setItemPaint,0,0,0
org.jfree.chart.plot.XYPlot.setRangeTickBandPaint,0,0,0
org.jfree.chart.renderer.category.LayeredBarRenderer.getSeriesBarWidth,1,1,2
org.jfree.chart.ChartFactory.createHighLowChart,0,0,0
org.jfree.chart.renderer.xy.XYAreaRenderer2.isOutline,0,0,0
org.jfree.chart.plot.PolarPlot.getDataRange,0,6,6
org.jfree.chart.axis.NumberAxis.calculateLowestVisibleTickValue,0,0,0
org.jfree.chart.plot.SpiderWebPlot.getPlotType,0,0,0
org.jfree.chart.StandardChartTheme.setShadowVisible,0,0,0
org.jfree.chart.axis.MarkerAxisBand.addMarker,0,0,0
org.jfree.chart.title.PaintScaleLegend.setSubdivisionCount,1,1,2
org.jfree.chart.renderer.xy.CyclicXYItemRenderer$OverwriteDataSet.getY,0,0,0
org.jfree.chart.renderer.xy.CyclicXYItemRenderer$OverwriteDataSet.getX,0,0,0
org.jfree.chart.servlet.DisplayChart.init,0,0,0
org.jfree.chart.util.Rotation.<init>,0,0,0
org.jfree.chart.title.LegendItemBlockContainer.<init>,0,0,0
org.jfree.chart.ChartFactory.createXYStepAreaChart,2,2,4
org.jfree.chart.editor.DefaultPlotEditor.getPlotInsets,2,0,2
org.jfree.chart.JFreeChart.getBackgroundImage,0,0,0
org.jfree.data.time.Month.getMonth,0,0,0
org.jfree.data.statistics.DefaultMultiValueCategoryDataset.getRangeLowerBound,2,0,2
org.jfree.data.statistics.SimpleHistogramBin.getLowerBound,0,0,0
org.jfree.chart.plot.MultiplePiePlot.getLegendItems,5,7,12
org.jfree.chart.plot.CombinedRangeCategoryPlot.plotChanged,0,0,0
org.jfree.chart.plot.CategoryPlot.getShadowGenerator,0,0,0
org.jfree.chart.text.TextBlock.getLines,0,0,0
org.jfree.chart.renderer.xy.XYBoxAndWhiskerRenderer.setFillBox,0,0,0
org.jfree.chart.plot.PiePlot.getLabelLinkMargin,0,0,0
org.jfree.chart.imagemap.OverLIBToolTipTagFragmentGenerator.generateToolTipFragment,0,0,0
org.jfree.chart.panel.AbstractOverlay.addChangeListener,0,0,0
org.jfree.chart.block.LabelBlock.setContentAlignmentPoint,0,0,0
org.jfree.chart.labels.ItemLabelPosition.getRotationAnchor,0,0,0
org.jfree.chart.axis.LogarithmicAxis.refreshTicksVertical,62,0,62
org.jfree.chart.axis.CategoryAxis.getCategoryLabelURL,0,0,0
org.jfree.chart.renderer.xy.XYLineAndShapeRenderer.getDrawSeriesLineAsPath,0,0,0
org.jfree.chart.annotations.XYPointerAnnotation.getTipRadius,0,0,0
org.jfree.chart.urls.CustomCategoryURLGenerator.equals,7,11,18
org.jfree.chart.date.SerialDate.getMonths,2,0,2
org.jfree.chart.renderer.AbstractRenderer.getSeriesFillPaint,0,0,0
org.jfree.data.time.ohlc.OHLCSeriesCollection.getXValue,0,0,0
org.jfree.chart.axis.PeriodAxis.setMinorTickMarkStroke,0,0,0
org.jfree.chart.util.XYCoordinateType.equals,2,4,6
org.jfree.chart.event.RendererChangeEvent.getRenderer,0,0,0
org.jfree.chart.plot.PiePlot.setSectionOutlinesVisible,0,0,0
org.jfree.data.time.RegularTimePeriod.getStart,0,0,0
org.jfree.data.time.SimpleTimePeriod.getStartMillis,0,0,0
org.jfree.chart.title.TextTitle.setExpandToFitSpace,0,0,0
org.jfree.chart.ChartPanel.setFillZoomRectangle,0,0,0
org.jfree.data.xy.AbstractXYZDataset.getZValue,2,0,2
org.jfree.chart.renderer.xy.StandardXYItemRenderer.readObject,0,0,0
org.jfree.data.time.DynamicTimeSeriesCollection.appendData,16,0,16
org.jfree.data.time.DynamicTimeSeriesCollection.getOldestIndex,0,0,0
org.jfree.chart.labels.StandardXYSeriesLabelGenerator.<init>,0,0,0
org.jfree.chart.plot.PieLabelRecord.equals,3,17,20
org.jfree.data.xy.VectorSeriesCollection.getSeries,2,2,4
org.jfree.chart.axis.AxisLabelLocation.equals,1,5,6
org.jfree.data.general.DefaultKeyedValueDataset.hashCode,2,0,2
org.jfree.chart.entity.StandardEntityCollection.getEntities,0,0,0
org.jfree.chart.ChartPanel.doSaveAs,6,0,6
org.jfree.data.xml.RootHandler.popSubHandler,0,0,0
org.jfree.chart.text.TextBox.setOutlineStroke,0,0,0
org.jfree.chart.plot.SpiderWebPlot.setBaseSeriesOutlineStroke,0,0,0
org.jfree.data.time.Year.toString,0,0,0
org.jfree.data.xy.XYCoordinate.hashCode,0,0,0
org.jfree.chart.text.TextBlock.addLine,0,0,0
org.jfree.data.xy.DefaultXYZDataset.getItemCount,2,2,4
org.jfree.chart.renderer.xy.XYBarRenderer.equals,3,27,30
org.jfree.chart.axis.AxisState.<init>,0,0,0
org.jfree.chart.plot.XYPlot.addDomainMarker,4,6,10
org.jfree.chart.ChartTransferable.getTransferDataFlavors,0,0,0
org.jfree.data.xy.Vector.hashCode,0,0,0
org.jfree.chart.entity.XYItemEntity.getSeriesIndex,0,0,0
org.jfree.chart.renderer.xy.AbstractXYItemRenderer.drawDomainMarker,30,8,38
org.jfree.data.gantt.TaskSeriesCollection.<init>,0,0,0
org.jfree.chart.util.PaintList.<init>,0,0,0
org.jfree.data.general.DefaultKeyedValueDataset.equals,7,7,14
org.jfree.chart.plot.XYPlot.getRangeZeroBaselinePaint,0,0,0
org.jfree.chart.renderer.AbstractRenderer.getAutoPopulateSeriesOutlineStroke,0,0,0
org.jfree.data.time.Day.peg,0,0,0
org.jfree.chart.renderer.category.AbstractCategoryItemRenderer.calculateRangeMarkerTextAnchorPoint,4,0,4
org.jfree.chart.entity.PlotEntity.getPlot,0,0,0
org.jfree.chart.plot.dial.StandardDialRange.<init>,0,0,0
org.jfree.data.DomainOrder.readResolve,5,1,6
org.jfree.chart.JFreeChart.setSubtitles,6,0,6
org.jfree.chart.axis.PeriodAxis.getFirst,0,0,0
org.jfree.chart.block.AbstractBlock.getMargin,0,0,0
org.jfree.chart.plot.PieLabelRecord.<init>,0,0,0
org.jfree.chart.block.AbstractBlock.toContentConstraint,0,2,2
org.jfree.data.ComparableObjectItem.setObject,0,0,0
org.jfree.chart.plot.dial.DialValueIndicator.fixToRange,6,0,6
org.jfree.chart.axis.LogAxis.getBaseSymbol,0,0,0
org.jfree.chart.ui.TextAnchor.isLeft,5,5,10
org.jfree.data.time.ohlc.OHLCSeriesCollection.getCloseValue,0,0,0
org.jfree.data.xml.CategorySeriesHandler.<init>,0,0,0
org.jfree.chart.renderer.AbstractRenderer.setSeriesPositiveItemLabelPosition,1,1,2
org.jfree.chart.util.ObjectList.get,0,0,0
org.jfree.data.time.DynamicTimeSeriesCollection.fireSeriesChanged,0,0,0
org.jfree.data.xy.VectorSeries.getVectorYValue,0,0,0
org.jfree.chart.title.LegendTitle.setLegendItemGraphicLocation,0,0,0
org.jfree.chart.plot.CompassPlot.writeObject,0,0,0
org.jfree.chart.renderer.category.MinMaxCategoryRenderer$1.<init>,0,0,0
org.jfree.chart.plot.PiePlot.getLabelOutlineStroke,0,0,0
org.jfree.chart.needle.LineNeedle.drawNeedle,4,0,4
org.jfree.data.category.DefaultIntervalCategoryDataset.getSeriesCount,1,1,2
org.jfree.chart.axis.PeriodAxis.getAutoRangeTimePeriodClass,0,0,0
org.jfree.chart.renderer.xy.WindItemRenderer.drawItem,0,0,0
org.jfree.chart.annotations.XYLineAnnotation.<init>,0,0,0
org.jfree.data.xy.DefaultTableXYDataset.isAutoWidth,0,0,0
org.jfree.chart.renderer.AbstractRenderer.getItemOutlineStroke,0,0,0
org.jfree.chart.axis.LogAxis.getTickUnit,0,0,0
org.jfree.chart.plot.PlotOrientation.hashCode,0,0,0
org.jfree.chart.entity.PieSectionEntity.getSectionIndex,0,0,0
org.jfree.chart.text.TextUtils.<clinit>,0,0,0
org.jfree.data.statistics.Statistics.getStdDev,0,4,4
org.jfree.chart.annotations.CategoryPointerAnnotation.equals,2,20,22
org.jfree.chart.urls.CustomPieURLGenerator.getURLCount,1,1,2
org.jfree.chart.renderer.xy.XYDotRenderer.readObject,0,0,0
org.jfree.chart.util.LogFormat.format,4,0,4
org.jfree.data.statistics.SimpleHistogramDataset.getSeriesKey,0,0,0
org.jfree.chart.plot.Plot.setBackgroundImage,0,0,0
org.jfree.chart.StandardChartTheme.setRegularFont,0,0,0
org.jfree.chart.plot.CrosshairState.setCrosshairX,0,0,0
org.jfree.chart.plot.CrosshairState.setCrosshairY,0,0,0
org.jfree.chart.axis.SymbolAxis.setGridBandsVisible,0,0,0
org.jfree.data.KeyedObjects2D.removeObject,5,17,22
org.jfree.data.io.CSV.removeStringDelimiters,4,0,4
org.jfree.data.xml.KeyHandler.startElement,2,0,2
org.jfree.chart.axis.DateAxis.getMinimumDate,1,1,2
org.jfree.chart.ChartRenderingInfo.equals,1,9,10
org.jfree.chart.title.Title.setHorizontalAlignment,1,1,2
org.jfree.chart.renderer.category.MinMaxCategoryRenderer$1.getIconHeight,0,0,0
org.jfree.data.category.SlidingCategoryDataset.equals,2,8,10
org.jfree.chart.renderer.xy.XYLineAndShapeRenderer.drawItem,7,7,14
org.jfree.chart.axis.LogAxis.calculateValue,0,0,0
org.jfree.chart.renderer.xy.AbstractXYItemRenderer.drawDomainLine,3,3,6
org.jfree.chart.LegendItem.getLabel,0,0,0
org.jfree.chart.ui.UIUtils.centerDialogInParent,0,0,0
org.jfree.data.category.SlidingCategoryDataset.getRowKeys,0,0,0
org.jfree.chart.axis.Axis.setTickLabelInsets,1,1,2
org.jfree.chart.renderer.xy.XYAreaRenderer2.setLegendArea,0,0,0
org.jfree.chart.plot.PiePlot.drawLeftLabels,2,6,8
org.jfree.chart.annotations.CategoryLineAnnotation.setStroke,0,0,0
org.jfree.chart.plot.DefaultDrawingSupplier.intArray,0,0,0
org.jfree.chart.JFreeChart.getXYPlot,0,0,0
org.jfree.chart.renderer.xy.CandlestickRenderer.<init>,0,0,0
org.jfree.chart.plot.PiePlot.getSectionKey,4,4,8
org.jfree.chart.renderer.AbstractRenderer.setDefaultPositiveItemLabelPosition,1,1,2
org.jfree.chart.title.TextTitle.drawVertical,16,0,16
org.jfree.chart.axis.AxisState.setTicks,0,0,0
org.jfree.chart.renderer.category.BarRenderer.findRangeBounds,0,6,6
org.jfree.chart.ChartPanel.getMinimumDrawHeight,0,0,0
org.jfree.data.xy.MatrixSeries.<init>,0,0,0
org.jfree.chart.renderer.category.BoxAndWhiskerRenderer.setMedianVisible,1,1,2
org.jfree.chart.renderer.WaferMapRenderer.getChipColor,0,0,0
org.jfree.data.xy.XYIntervalDataItem.getYValue,1,1,2
org.jfree.chart.renderer.category.StandardBarPainter.hashCode,0,0,0
org.jfree.chart.axis.DateAxis.setMaximumDate,0,2,2
org.jfree.chart.plot.PiePlot.getAutoPopulateSectionOutlinePaint,0,0,0
org.jfree.chart.ui.LCBLayout.preferredLayoutSize,10,0,10
org.jfree.chart.axis.PeriodAxis.setMinorTickTimePeriodClass,0,0,0
org.jfree.chart.annotations.AbstractXYAnnotation.setURL,0,0,0
org.jfree.chart.renderer.xy.CandlestickRenderer.readObject,0,0,0
org.jfree.data.general.WaferMapDataset.setChipSpace,0,0,0
org.jfree.chart.renderer.xy.StandardXYItemRenderer.equals,2,22,24
org.jfree.chart.labels.StandardXYSeriesLabelGenerator.equals,1,5,6
org.jfree.chart.plot.PiePlot.getPieIndex,0,0,0
org.jfree.data.Range.intersects,1,7,8
org.jfree.data.statistics.SimpleHistogramDataset.getDomainOrder,0,0,0
org.jfree.chart.block.LineBorder.equals,1,9,10
org.jfree.data.time.Week.stringToWeek,4,0,4
org.jfree.data.xy.DefaultHighLowDataset.getVolumeValue,2,0,2
org.jfree.chart.plot.CombinedRangeCategoryPlot.getDataRange,0,4,4
org.jfree.chart.axis.DateTickUnitType.readResolve,1,13,14
org.jfree.chart.renderer.xy.DeviationRenderer.setDrawSeriesLineAsPath,0,0,0
org.jfree.data.statistics.DefaultBoxAndWhiskerXYDataset.getSeriesKey,0,0,0
org.jfree.chart.util.RelativeDateFormat.getPositivePrefix,0,0,0
org.jfree.data.statistics.SimpleHistogramDataset.getAdjustForBinSize,0,0,0
org.jfree.data.general.WaferMapDataset.getMaxValue,0,0,0
org.jfree.chart.axis.NumberTickUnit.hashCode,1,1,2
org.jfree.data.time.Second.getSerialIndex,0,0,0
org.jfree.data.xy.XYBarDataset.getItemCount,0,0,0
org.jfree.chart.plot.Plot.getBackgroundImageAlpha,0,0,0
org.jfree.chart.labels.IntervalXYItemLabelGenerator.clone,0,0,0
org.jfree.chart.plot.Plot.drawNoDataMessage,1,1,2
org.jfree.chart.renderer.xy.XYDifferenceRenderer.getPositivePaint,0,0,0
org.jfree.chart.block.CenterArrangement.clear,0,0,0
org.jfree.chart.annotations.XYTitleAnnotation.getTitle,0,0,0
org.jfree.data.gantt.XYTaskDataset.getSeriesEndValue,0,0,0
org.jfree.data.xy.XYIntervalSeriesCollection.getItemCount,0,0,0
org.jfree.data.category.DefaultIntervalCategoryDataset.setCategoryKeys,4,2,6
org.jfree.chart.plot.dial.StandardDialRange.getPaint,0,0,0
org.jfree.chart.entity.CategoryItemEntity.getDataset,0,0,0
org.jfree.chart.ChartFactory.<clinit>,1,1,2
org.jfree.chart.axis.MarkerAxisBand.equals,3,13,16
org.jfree.chart.axis.Axis.setTickLabelPaint,0,0,0
org.jfree.data.general.DefaultKeyedValueDataset.updateValue,1,1,2
org.jfree.data.time.TimeSeriesCollection.getSurroundingItems,0,6,6
org.jfree.chart.plot.dial.StandardDialScale.valueToAngle,0,0,0
org.jfree.chart.title.TextTitle.equals,0,22,22
org.jfree.chart.plot.Marker.getLabel,0,0,0
org.jfree.chart.plot.PiePlot.getDefaultSectionOutlinePaint,0,0,0
org.jfree.chart.StandardChartTheme.setPlotOutlinePaint,0,0,0
org.jfree.chart.plot.dial.DialTextAnnotation.equals,3,13,16
org.jfree.chart.ChartUtils.writeChartAsPNG,0,0,0
org.jfree.chart.axis.CategoryAxis.setLowerMargin,0,0,0
org.jfree.chart.plot.DefaultDrawingSupplier.writeObject,0,10,10
org.jfree.chart.ChartRenderingInfo.getEntityCollection,0,0,0
org.jfree.chart.annotations.CategoryLineAnnotation.readObject,0,0,0
org.jfree.data.xy.XYBarDataset.getXValue,0,0,0
org.jfree.data.gantt.TaskSeriesCollection.getSeriesCount,0,0,0
org.jfree.chart.renderer.AbstractRenderer.getDefaultPaint,0,0,0
org.jfree.chart.plot.XYPlot.setDomainZeroBaselineStroke,0,0,0
org.jfree.chart.block.LabelBlock.getURLText,0,0,0
org.jfree.chart.axis.LogAxis.calculateLog,0,0,0
org.jfree.chart.block.AbstractBlock.setBorder,0,0,0
org.jfree.chart.title.TextTitle.<clinit>,1,1,2
org.jfree.chart.renderer.DefaultPolarItemRenderer.getLegendLine,0,0,0
org.jfree.data.xy.YInterval.<init>,0,0,0
org.jfree.data.xy.VectorSeriesCollection.equals,1,3,4
org.jfree.chart.renderer.xy.XYLineAndShapeRenderer.drawPrimaryLineAsPath,10,0,10
org.jfree.chart.annotations.XYLineAnnotation.equals,4,14,18
org.jfree.data.statistics.HistogramDataset.getSeriesCount,0,0,0
org.jfree.chart.plot.CombinedRangeCategoryPlot.readObject,1,1,2
org.jfree.chart.renderer.category.StackedBarRenderer.drawItem,64,0,64
org.jfree.chart.renderer.xy.AbstractXYItemRenderer.getToolTipGenerator,1,1,2
org.jfree.chart.axis.DateTickMarkPosition.<clinit>,0,0,0
org.jfree.chart.annotations.CategoryPointerAnnotation.setAngle,0,0,0
org.jfree.chart.entity.AxisEntity.toString,0,0,0
org.jfree.data.xy.DefaultXYDataset.hashCode,0,0,0
org.jfree.chart.block.LengthConstraintType.equals,6,0,6
org.jfree.chart.needle.MeterNeedle.defaultDisplay,4,0,4
org.jfree.data.statistics.DefaultStatisticalCategoryDataset.removeColumn,0,0,0
org.jfree.chart.axis.ExtendedCategoryAxis.addSubLabel,0,0,0
org.jfree.chart.block.RectangleConstraint.toUnconstrainedHeight,1,1,2
org.jfree.data.xy.AbstractXYDataset.getXValue,1,1,2
org.jfree.data.time.TimeSeriesCollection.getSeries,2,8,10
org.jfree.chart.StandardChartTheme.applyToFastScatterPlot,4,0,4
org.jfree.data.xy.DefaultXYDataset.getItemCount,2,2,4
org.jfree.chart.plot.Marker.setLabelOffsetType,0,0,0
org.jfree.chart.renderer.AbstractRenderer.getLegendTextFont,0,0,0
org.jfree.chart.JFreeChart.getTextAntiAlias,0,0,0
org.jfree.chart.title.Title.isVisible,0,0,0
org.jfree.chart.plot.Plot.zoom,0,0,0
org.jfree.chart.plot.DefaultDrawingSupplier.getNextOutlineStroke,0,0,0
org.jfree.data.xy.XIntervalSeries.getXHighValue,0,0,0
org.jfree.chart.axis.AxisCollection.getAxesAtTop,0,0,0
org.jfree.chart.title.LegendGraphic.setShapeOutlineVisible,0,0,0
org.jfree.chart.text.TextBox.getShadowPaint,0,0,0
org.jfree.data.xy.XYIntervalSeriesCollection.clone,1,1,2
org.jfree.chart.renderer.xy.AbstractXYItemRenderer.findRangeBounds,2,14,16
org.jfree.chart.plot.dial.StandardDialScale.setLowerBound,0,0,0
org.jfree.data.statistics.HistogramDataset.getSeriesKey,0,0,0
org.jfree.data.xy.CategoryTableXYDataset.setIntervalWidth,0,0,0
org.jfree.data.xy.XYDataItem.hashCode,0,2,2
org.jfree.chart.plot.CombinedDomainXYPlot.getDataRange,0,4,4
org.jfree.chart.axis.QuarterDateFormat.<clinit>,0,0,0
org.jfree.data.gantt.Task.removeSubtask,0,0,0
org.jfree.chart.plot.MeterPlot.draw,16,12,28
org.jfree.data.time.TimeTableXYDataset.getDomainLowerBound,2,0,2
org.jfree.data.time.DynamicTimeSeriesCollection.getNewestTime,0,0,0
org.jfree.chart.axis.ValueAxis.zoomRange,4,2,6
org.jfree.chart.StandardChartTheme.clone,0,0,0
org.jfree.data.time.TimeTableXYDataset.<init>,0,0,0
org.jfree.chart.plot.XYPlot.getQuadrantPaint,4,0,4
org.jfree.chart.axis.LogarithmicAxis.setLog10TickLabelsFlag,0,0,0
org.jfree.data.xy.DefaultOHLCDataset.getHigh,0,0,0
org.jfree.chart.block.AbstractBlock.setFrame,0,0,0
org.jfree.data.xy.DefaultTableXYDataset.setAutoWidth,0,0,0
org.jfree.chart.plot.dial.DialBackground.writeObject,0,0,0
org.jfree.chart.ChartFactory.createWaferMapChart,0,0,0
org.jfree.chart.plot.ThermometerPlot.getUnits,0,0,0
org.jfree.data.xy.XYIntervalSeries.getXLowValue,0,0,0
org.jfree.chart.LegendItem.setOutlineStroke,0,0,0
org.jfree.chart.plot.dial.DialPointer$Pin.hashCode,0,0,0
org.jfree.chart.ui.FontChooserPanel.getSelectedSize,2,0,2
org.jfree.chart.util.ShapeList.writeObject,3,1,4
org.jfree.chart.util.HexNumberFormat.getNumberOfDigits,0,0,0
org.jfree.chart.annotations.TextAnnotation.equals,2,14,16
org.jfree.data.time.Day.getYear,0,0,0
org.jfree.data.DefaultKeyedValues2D.equals,7,17,24
org.jfree.chart.renderer.category.StackedAreaRenderer.equals,2,4,6
org.jfree.chart.LegendRenderingOrder.<clinit>,0,0,0
org.jfree.data.xy.YWithXInterval.getXHigh,0,0,0
org.jfree.chart.plot.XYPlot.setRangeZeroBaselineVisible,0,0,0
org.jfree.chart.labels.StandardXYZToolTipGenerator.generateLabelString,0,0,0
org.jfree.data.DataUtils.createNumberArray,0,2,2
org.jfree.chart.renderer.xy.XYDifferenceRenderer.setShapesVisible,0,0,0
org.jfree.chart.plot.MeterPlot.setDialShape,0,0,0
org.jfree.data.xy.XIntervalSeriesCollection.getStartXValue,0,0,0
org.jfree.chart.plot.MeterPlot.getTickLabelFormat,0,0,0
org.jfree.chart.util.ObjectList.indexOf,0,0,0
org.jfree.chart.annotations.XYPointerAnnotation.writeObject,0,0,0
org.jfree.chart.plot.XYPlot.isDomainZeroBaselineVisible,0,0,0
org.jfree.chart.ChartFactory.createXYAreaChart,2,2,4
org.jfree.chart.plot.ThermometerPlot.clone,2,2,4
org.jfree.data.general.DefaultHeatMapDataset.getZ,0,0,0
org.jfree.chart.plot.RingPlot.writeObject,0,0,0
org.jfree.chart.plot.WaferMapPlot.draw,10,0,10
org.jfree.chart.plot.FastScatterPlot.<init>,0,0,0
org.jfree.chart.StandardChartTheme.applyToThermometerPlot,2,0,2
org.jfree.chart.block.RectangleConstraint.getWidthRange,0,0,0
org.jfree.data.time.TimeSeries.clone,0,0,0
org.jfree.chart.annotations.AbstractAnnotation.notifyListeners,1,3,4
org.jfree.data.general.DefaultPieDataset.getValue,1,1,2
org.jfree.chart.plot.dial.DialPlot.addScale,0,2,2
org.jfree.chart.plot.CompassPlot.draw,20,0,20
org.jfree.data.jdbc.JDBCXYDataset.getSeriesKey,4,0,4
org.jfree.chart.plot.CategoryPlot.getDomainAxisLocation,1,1,2
org.jfree.chart.text.TextBlock.draw,3,3,6
org.jfree.chart.axis.ValueAxis.getLowerMargin,0,0,0
org.jfree.chart.axis.ValueAxis.getLeftArrow,0,0,0
org.jfree.chart.labels.StandardCrosshairLabelGenerator.hashCode,0,0,0
org.jfree.chart.editor.DefaultValueAxisEditor.<clinit>,0,0,0
org.jfree.chart.axis.ExtendedCategoryAxis.getSubLabelFont,0,0,0
org.jfree.data.gantt.TaskSeriesCollection.equals,1,5,6
org.jfree.data.KeyedValueComparator.getOrder,0,0,0
org.jfree.chart.StandardChartTheme.getThermometerPaint,0,0,0
org.jfree.chart.plot.PieLabelDistributor.adjustDownwards,1,3,4
org.jfree.chart.editor.DefaultValueAxisEditor.toggleAutoRange,2,0,2
org.jfree.chart.editor.DefaultPlotEditor.getDomainAxisPropertyEditPanel,0,0,0
org.jfree.chart.title.ShortTextTitle.arrangeFN,2,0,2
org.jfree.chart.labels.StandardXYToolTipGenerator.generateToolTip,0,0,0
org.jfree.chart.StandardChartTheme.setLargeFont,0,0,0
org.jfree.chart.plot.CategoryPlot.getCrosshairDatasetIndex,0,0,0
org.jfree.chart.renderer.category.BarRenderer.calculateBarW0,1,5,6
org.jfree.data.category.DefaultCategoryDataset.hashCode,0,0,0
org.jfree.chart.axis.ValueAxis.setLowerBound,0,2,2
org.jfree.chart.axis.AxisState.cursorLeft,0,0,0
org.jfree.chart.renderer.xy.XYBubbleRenderer.getScaleType,0,0,0
org.jfree.chart.annotations.AbstractAnnotation.readObject,0,0,0
org.jfree.chart.axis.CompassFormat.getDirectionCode,2,0,2
org.jfree.data.gantt.TaskSeries.remove,0,0,0
org.jfree.chart.plot.ThermometerPlot.getValuePaint,0,0,0
org.jfree.chart.editor.DefaultAxisEditor.attemptModifyLabelPaint,2,0,2
org.jfree.chart.labels.StandardCategoryItemLabelGenerator.equals,0,4,4
org.jfree.chart.plot.RingPlot.getSeparatorsVisible,0,0,0
org.jfree.chart.JFreeChart.removeProgressListener,0,0,0
org.jfree.chart.LegendRenderingOrder.readResolve,4,0,4
org.jfree.data.time.DynamicTimeSeriesCollection.wrapOffset,4,0,4
org.jfree.chart.ui.RectangleEdge.hashCode,0,0,0
org.jfree.data.xy.VectorSeries.<init>,0,0,0
org.jfree.data.statistics.DefaultBoxAndWhiskerCategoryDataset.getRowIndex,0,0,0
org.jfree.chart.plot.CategoryPlot.calculateRangeAxisSpace,5,7,12
org.jfree.chart.plot.MeterPlot.drawTicks,0,2,2
org.jfree.chart.LegendItem.<init>,0,0,0
org.jfree.chart.renderer.category.StackedAreaRenderer.getPassCount,0,0,0
org.jfree.data.category.CategoryToPieDataset.equals,8,8,16
org.jfree.chart.renderer.DefaultPolarItemRenderer.<clinit>,1,1,2
org.jfree.data.xy.Vector.getAngle,0,0,0
org.jfree.chart.renderer.category.ScatterRenderer.setUseSeriesOffset,0,0,0
org.jfree.chart.LegendItem.getSeriesKey,0,0,0
org.jfree.chart.renderer.xy.HighLowRenderer.setTickLength,0,0,0
org.jfree.data.xy.VectorSeriesCollection.indexOf,0,0,0
org.jfree.chart.axis.AxisCollection.getAxesAtBottom,0,0,0
org.jfree.data.time.TimePeriodValue.hashCode,4,0,4
org.jfree.chart.text.TextFragment.draw,0,0,0
org.jfree.data.KeyedObject.<init>,0,0,0
org.jfree.chart.renderer.xy.XYStepAreaRenderer.setRangeBase,0,0,0
org.jfree.data.time.TimeTableXYDataset.getEndX,0,0,0
org.jfree.chart.ChartRenderingInfo.clear,1,1,2
org.jfree.data.time.TimeTableXYDataset.getEndY,0,0,0
org.jfree.data.xy.VectorSeriesCollection.getSeriesCount,0,0,0
org.jfree.chart.plot.CombinedDomainCategoryPlot.draw,7,7,14
org.jfree.chart.renderer.xy.XYStepRenderer.<init>,0,0,0
org.jfree.chart.plot.WaferMapPlot.setDataset,4,0,4
org.jfree.data.xml.CategorySeriesHandler.addItem,0,0,0
org.jfree.chart.plot.FastScatterPlot.getRangeGridlinePaint,0,0,0
org.jfree.data.KeyToGroupMap.equals,1,7,8
org.jfree.chart.ui.VerticalAlignment.readResolve,2,4,6
org.jfree.data.general.DefaultPieDataset.clone,0,0,0
org.jfree.chart.ui.LCBLayout.layoutContainer,20,0,20
org.jfree.chart.block.ColorBlock.equals,1,5,6
org.jfree.chart.renderer.xy.StackedXYAreaRenderer.initialise,0,0,0
org.jfree.chart.axis.AxisCollection.getAxesAtRight,0,0,0
org.jfree.chart.annotations.AbstractAnnotation.clone,0,0,0
org.jfree.chart.entity.LegendItemEntity.toString,0,0,0
org.jfree.chart.title.LegendGraphic.arrange,24,4,28
org.jfree.chart.plot.XYPlot.setRangeZeroBaselineStroke,0,0,0
org.jfree.chart.block.LabelBlock.clone,0,0,0
org.jfree.chart.plot.PiePlot.readObject,0,0,0
org.jfree.chart.renderer.category.MinMaxCategoryRenderer.<init>,0,0,0
org.jfree.chart.util.AttrStringUtils.deriveTextBoundsAnchorOffsets,16,0,16
org.jfree.chart.plot.SpiderWebPlot.getPlotValue,3,1,4
org.jfree.chart.plot.MeterPlot.setTickSize,1,1,2
org.jfree.chart.annotations.XYTextAnnotation.setPaint,0,0,0
org.jfree.chart.annotations.CategoryLineAnnotation.clone,0,0,0
org.jfree.chart.util.ResourceBundleWrapper.removeCodeBase,4,0,4
org.jfree.chart.plot.dial.StandardDialRange.draw,2,0,2
org.jfree.chart.plot.dial.StandardDialScale.angleToValue,0,0,0
org.jfree.chart.block.ColumnArrangement.equals,0,12,12
org.jfree.chart.renderer.AbstractRenderer.setDefaultPaint,1,1,2
org.jfree.chart.plot.CategoryPlot.<init>,0,8,8
org.jfree.data.time.DynamicTimeSeriesCollection.getDomainBounds,2,0,2
org.jfree.chart.text.TextLine.calculateDimensions,0,2,2
org.jfree.chart.panel.CrosshairOverlay.textAlignPtForLabelAnchorH,16,0,16
org.jfree.chart.ChartFactory.createXYStepChart,2,2,4
org.jfree.chart.renderer.category.BarRenderer.setDefaultBarPainter,0,0,0
org.jfree.chart.renderer.category.MinMaxCategoryRenderer.isDrawLines,0,0,0
org.jfree.chart.ui.RectangleInsets.calculateTopOutset,1,1,2
org.jfree.chart.renderer.xy.StandardXYItemRenderer.getGapThresholdType,0,0,0
org.jfree.chart.ChartMouseEvent.getTrigger,0,0,0
org.jfree.chart.plot.PolarPlot.drawAxis,16,0,16
org.jfree.chart.panel.CrosshairOverlay.textAlignPtForLabelAnchorV,16,0,16
org.jfree.data.statistics.BoxAndWhiskerItem.<init>,0,0,0
org.jfree.chart.annotations.AbstractAnnotation.getNotify,0,0,0
org.jfree.chart.renderer.xy.XYBoxAndWhiskerRenderer.drawItem,2,2,4
org.jfree.chart.renderer.xy.XYAreaRenderer.drawItem,38,20,58
org.jfree.chart.text.TextBlock.calculateDimensions,0,2,2
org.jfree.chart.renderer.xy.XYLineAndShapeRenderer.writeObject,0,0,0
org.jfree.chart.title.Title.writeObject,0,0,0
org.jfree.chart.renderer.category.BoxAndWhiskerRenderer.getMaximumBarWidth,0,0,0
org.jfree.chart.axis.Axis.labelLocationX,4,2,6
org.jfree.chart.axis.Axis.labelLocationY,4,2,6
org.jfree.chart.util.ObjectUtils.deepClone,2,4,6
org.jfree.chart.plot.dial.DialCap.<init>,0,0,0
org.jfree.chart.renderer.category.ScatterRenderer.getDrawOutlines,0,0,0
org.jfree.data.category.DefaultIntervalCategoryDataset.getRowIndex,0,0,0
org.jfree.chart.renderer.OutlierListCollection.updateOutlierList,0,0,0
org.jfree.chart.plot.PieLabelDistributor.adjustInwards,8,0,8
org.jfree.chart.StandardChartTheme.createDarknessTheme,0,0,0
org.jfree.chart.annotations.XYPointerAnnotation.clone,0,0,0
org.jfree.data.general.Series.isEmpty,0,2,2
org.jfree.data.jdbc.JDBCCategoryDataset.<init>,2,0,2
org.jfree.chart.renderer.xy.AbstractXYItemRenderer.setPlot,0,0,0
org.jfree.chart.axis.Axis.addChangeListener,0,0,0
org.jfree.chart.renderer.category.LineAndShapeRenderer.getDrawOutlines,0,0,0
org.jfree.chart.editor.DefaultAxisEditor.setAxisProperties,0,0,0
org.jfree.chart.renderer.category.GroupedStackedBarRenderer.findRangeBounds,0,2,2
org.jfree.chart.ui.StrokeSample.<init>,0,0,0
org.jfree.chart.annotations.XYDataImageAnnotation.getYRange,0,0,0
org.jfree.chart.util.StringUtils.endsWithIgnoreCase,2,0,2
org.jfree.chart.entity.LegendItemEntity.equals,3,7,10
org.jfree.data.time.Week.getWeek,0,0,0
org.jfree.chart.plot.IntervalMarker.getStartValue,0,0,0
org.jfree.data.xy.XYIntervalSeriesCollection.getStartXValue,0,0,0
org.jfree.chart.plot.CompassPlot.getLabelType,0,0,0
org.jfree.chart.plot.dial.DialValueIndicator.getAngle,0,0,0
org.jfree.chart.axis.NumberTickUnitSource.getLargerTickUnit,1,1,2
org.jfree.chart.renderer.category.AbstractCategoryItemRenderer.beginElementGroup,0,0,0
org.jfree.data.function.LineFunction2D.hashCode,0,0,0
org.jfree.chart.renderer.xy.XYErrorRenderer.findDomainBounds,0,0,0
org.jfree.chart.renderer.category.AbstractCategoryItemRenderer.clone,9,15,24
org.jfree.chart.util.StrokeList.writeObject,3,1,4
org.jfree.chart.title.LegendGraphic.getOutlineStroke,0,0,0
org.jfree.chart.renderer.category.BarRenderer.setShadowXOffset,0,0,0
org.jfree.chart.plot.Crosshair.getValue,0,0,0
org.jfree.chart.ChartPanel.mouseMoved,14,0,14
org.jfree.data.xy.AbstractXYDataset.<init>,0,0,0
org.jfree.chart.axis.Axis.isTickLabelsVisible,0,0,0
org.jfree.chart.editor.DefaultTitleEditor.<init>,4,0,4
org.jfree.chart.plot.PolarPlot.getAxis,1,1,2
org.jfree.chart.ChartUtils.writeBufferedImageAsPNG,0,0,0
org.jfree.chart.plot.CategoryPlot.rendererChanged,3,1,4
org.jfree.chart.plot.PiePlot.<clinit>,0,0,0
org.jfree.chart.plot.XYPlot.isDomainPannable,0,0,0
org.jfree.chart.block.BlockBorder.<clinit>,0,0,0
org.jfree.chart.labels.IntervalXYToolTipGenerator.<init>,0,0,0
org.jfree.chart.plot.PieLabelRecord.toString,0,0,0
org.jfree.chart.title.ShortTextTitle.arrangeNN,0,0,0
org.jfree.chart.plot.Plot.setDrawingSupplier,2,0,2
org.jfree.chart.MouseWheelHandler.<init>,0,0,0
org.jfree.data.category.DefaultCategoryDataset.getRowKeys,0,0,0
org.jfree.chart.renderer.AbstractRenderer.setItemLabelAnchorOffset,0,0,0
org.jfree.chart.annotations.XYDataImageAnnotation.hashCode,0,0,0
org.jfree.data.xy.NormalizedMatrixSeries.getScaleFactor,0,0,0
org.jfree.data.statistics.Statistics.calculateMedian,7,15,22
org.jfree.chart.text.TextFragment.equals,4,8,12
org.jfree.chart.renderer.AbstractRenderer.setSeriesOutlinePaint,0,2,2
org.jfree.chart.panel.CrosshairOverlay.removeRangeCrosshair,2,0,2
org.jfree.data.time.TimePeriodAnchor.readResolve,3,3,6
org.jfree.chart.imagemap.ImageMapUtils.javascriptEscape,0,8,8
org.jfree.data.statistics.DefaultMultiValueCategoryDataset.clone,0,0,0
org.jfree.chart.plot.XYPlot.getShadowGenerator,0,0,0
org.jfree.data.xy.XYDataItem.getYValue,1,1,2
org.jfree.chart.plot.CombinedDomainCategoryPlot.add,2,2,4
org.jfree.chart.plot.PiePlot3D.setDarkerSides,0,0,0
org.jfree.chart.needle.LineNeedle.clone,0,0,0
org.jfree.chart.renderer.xy.SamplingXYLineRenderer.drawItem,18,0,18
org.jfree.chart.labels.ItemLabelAnchor.<init>,0,0,0
org.jfree.chart.title.LegendGraphic.setFillPaint,0,0,0
org.jfree.chart.renderer.category.LineAndShapeRenderer.setDefaultShapesVisible,0,0,0
org.jfree.chart.labels.AbstractCategoryItemLabelGenerator.hashCode,0,0,0
org.jfree.chart.date.SpreadsheetDate.isInRange,22,0,22
org.jfree.chart.renderer.category.GanttRenderer.writeObject,0,0,0
org.jfree.chart.plot.CategoryPlot.getRendererForDataset,1,3,4
org.jfree.chart.event.ChartChangeEvent.setChart,0,0,0
org.jfree.chart.plot.XYPlot.setQuadrantOrigin,0,0,0
org.jfree.chart.block.LineBorder.draw,12,0,12
org.jfree.data.time.Year.compareTo,3,1,4
org.jfree.chart.text.TextLine.calculateBaselineOffset,0,2,2
org.jfree.chart.plot.PieLabelRecord.getLinkPercent,0,0,0
org.jfree.chart.axis.AxisSpace.clone,0,0,0
org.jfree.chart.StandardChartTheme.getTickLabelPaint,0,0,0
org.jfree.chart.StandardChartTheme$1.<init>,0,0,0
org.jfree.chart.renderer.xy.XYSplineRenderer.getPrecision,0,0,0
org.jfree.data.xy.DefaultOHLCDataset.getXDate,0,0,0
org.jfree.chart.plot.ThermometerPlot.writeObject,0,2,2
org.jfree.chart.plot.PiePlot.setLegendLabelToolTipGenerator,0,0,0
org.jfree.chart.date.SerialDate.relativeToString,4,0,4
org.jfree.chart.plot.CompassPlot.setRoseCenterPaint,0,0,0
org.jfree.chart.axis.CyclicNumberAxis.<init>,0,0,0
org.jfree.chart.plot.PieLabelRecord.getGap,0,0,0
org.jfree.chart.util.AttrStringUtils.isHalfHeight,6,0,6
org.jfree.chart.plot.ThermometerPlot.setThermometerStroke,1,1,2
org.jfree.chart.plot.CombinedRangeXYPlot.plotChanged,0,0,0
org.jfree.chart.entity.CategoryItemEntity.getColumnKey,0,0,0
org.jfree.data.gantt.Task.setPercentComplete,0,0,0
org.jfree.chart.renderer.OutlierList.getAveragedOutlier,0,0,0
org.jfree.data.gantt.TaskSeriesCollection.getValue,0,0,0
org.jfree.data.xy.XYSeriesCollection.getRangeLowerBound,0,6,6
org.jfree.chart.labels.AbstractCategoryItemLabelGenerator.getLabelFormat,0,0,0
org.jfree.data.function.LineFunction2D.<init>,0,0,0
org.jfree.chart.renderer.xy.XYShapeRenderer.setDrawOutlines,0,0,0
org.jfree.chart.annotations.XYTitleAnnotation.setMaxHeight,0,0,0
org.jfree.chart.ui.StrokeChooserPanel$1.<init>,0,0,0
org.jfree.data.time.Second.compareTo,8,0,8
org.jfree.chart.axis.Axis.getAxisLinePaint,0,0,0
org.jfree.data.time.SimpleTimePeriod.getStart,0,0,0
org.jfree.data.time.TimePeriodValuesCollection.removeSeries,2,0,2
org.jfree.chart.annotations.XYPointerAnnotation.setArrowStroke,0,0,0
org.jfree.chart.date.SpreadsheetDate.isOnOrBefore,2,0,2
org.jfree.chart.entity.TitleEntity.getTitle,0,0,0
org.jfree.chart.plot.SpiderWebPlot.setAxisLabelGap,0,0,0
org.jfree.chart.plot.CategoryPlot.clearAnnotations,2,0,2
org.jfree.chart.annotations.XYBoxAnnotation.equals,7,13,20
org.jfree.chart.title.CompositeTitle.draw,2,0,2
org.jfree.chart.block.BlockContainer.add,0,0,0
org.jfree.chart.renderer.DefaultPolarItemRenderer.getFillComposite,0,0,0
org.jfree.chart.renderer.xy.XYBlockRenderer.setBlockWidth,1,1,2
org.jfree.chart.annotations.XYDrawableAnnotation.equals,4,14,18
org.jfree.data.KeyedValues2DItemKey.getColumnKey,0,0,0
org.jfree.chart.plot.ThermometerPlot.equal,5,7,12
org.jfree.chart.axis.ValueAxis.getUpArrow,0,0,0
org.jfree.chart.axis.LogarithmicAxis.getLog10TickLabelsFlag,0,0,0
org.jfree.chart.renderer.AbstractRenderer.getDefaultItemLabelPaint,0,0,0
org.jfree.chart.renderer.xy.HighLowRenderer.findRangeBounds,0,2,2
org.jfree.chart.axis.AxisState.getTicks,0,0,0
org.jfree.chart.renderer.category.AbstractCategoryItemRenderer.getRowCount,0,0,0
org.jfree.data.statistics.DefaultBoxAndWhiskerCategoryDataset.getOutliers,3,1,4
org.jfree.chart.ui.VerticalAlignment.<init>,0,0,0
org.jfree.data.statistics.DefaultMultiValueCategoryDataset.<init>,0,0,0
org.jfree.chart.plot.CategoryPlot.getDatasetIndices,1,5,6
org.jfree.chart.plot.CategoryPlot.annotationChanged,2,0,2
org.jfree.data.time.TimeSeries.getTimePeriodsUniqueToOtherSeries,4,0,4
org.jfree.chart.plot.PolarPlot.setRenderer,3,3,6
org.jfree.chart.ChartColor.<init>,0,0,0
org.jfree.chart.renderer.category.GradientBarPainter.equals,1,9,10
org.jfree.chart.plot.XYPlot.configureRangeAxes,0,4,4
org.jfree.chart.renderer.LookupPaintScale.getLowerBound,0,0,0
org.jfree.chart.plot.CategoryPlot.getDomainAxisCount,0,0,0
org.jfree.chart.plot.dial.ArcDialFrame.setOuterRadius,1,1,2
org.jfree.chart.block.RectangleConstraint.toString,0,0,0
org.jfree.chart.plot.dial.StandardDialRange.writeObject,0,0,0
org.jfree.chart.annotations.XYShapeAnnotation.hashCode,1,1,2
org.jfree.data.time.Month.evaluateAsYear,0,0,0
org.jfree.data.xy.DefaultIntervalXYDataset.getSeriesCount,0,0,0
org.jfree.chart.entity.PieSectionEntity.getDataset,0,0,0
org.jfree.chart.plot.MeterPlot.setTickLabelPaint,1,1,2
org.jfree.chart.axis.AxisState.getMax,0,0,0
org.jfree.data.category.DefaultIntervalCategoryDataset.setSeriesKeys,1,1,2
org.jfree.chart.text.TextFragment.writeObject,0,0,0
org.jfree.chart.plot.Plot.setOutlinePaint,5,3,8
org.jfree.chart.axis.PeriodAxis.readObject,0,0,0
org.jfree.chart.axis.DateTickUnit.getMultiple,0,0,0
org.jfree.chart.renderer.xy.XYBarRenderer.getNegativeItemLabelPositionFallback,0,0,0
org.jfree.chart.plot.ThermometerPlot.getThermometerStroke,0,0,0
org.jfree.chart.axis.LogarithmicAxis.<init>,0,0,0
org.jfree.chart.StandardChartTheme.setLabelLinkPaint,0,0,0
org.jfree.chart.needle.MeterNeedle.equals,2,16,18
org.jfree.chart.axis.LogAxis.valueToJava2D,4,2,6
org.jfree.data.time.Second.getSecond,0,0,0
org.jfree.data.time.TimePeriodValuesCollection.getY,0,0,0
org.jfree.chart.plot.MultiplePiePlot.getAggregatedItemsPaint,0,0,0
org.jfree.chart.plot.dial.StandardDialScale.setMajorTickIncrement,1,1,2
org.jfree.chart.plot.Marker.getLabelBackgroundColor,0,0,0
org.jfree.chart.plot.dial.DialValueIndicator.setTemplateValue,0,0,0
org.jfree.data.time.TimePeriodValuesCollection.getX,6,0,6
org.jfree.chart.util.SortOrder.<clinit>,0,0,0
org.jfree.chart.renderer.xy.HighLowRenderer.readObject,0,0,0
org.jfree.chart.plot.dial.DialValueIndicator.getPaint,0,0,0
org.jfree.chart.plot.CombinedRangeCategoryPlot.getSubplots,1,1,2
org.jfree.data.statistics.DefaultBoxAndWhiskerCategoryDataset.<init>,0,0,0
org.jfree.data.time.Minute.peg,0,0,0
org.jfree.chart.text.TextUtils.deriveRotationAnchorOffsets,12,4,16
org.jfree.chart.util.DefaultShadowGenerator.equals,6,8,14
org.jfree.chart.ui.FontDisplayField.<init>,0,0,0
org.jfree.chart.annotations.XYTitleAnnotation.getY,0,0,0
org.jfree.chart.plot.MultiplePiePlot.getLimit,0,0,0
org.jfree.chart.annotations.XYTitleAnnotation.getX,0,0,0
org.jfree.chart.renderer.xy.StackedXYBarRenderer.initialise,0,0,0
org.jfree.chart.servlet.ChartDeleter.isChartAvailable,0,0,0
org.jfree.chart.renderer.DefaultPolarItemRenderer.setBaseToolTipGenerator,0,0,0
org.jfree.chart.ChartUtils.writeChartAsJPEG,0,0,0
org.jfree.chart.renderer.category.LineAndShapeRenderer.setDrawOutlines,0,0,0
org.jfree.data.UnknownKeyException.<init>,0,0,0
org.jfree.data.time.ohlc.OHLCSeriesCollection.getHigh,0,0,0
org.jfree.chart.entity.JFreeChartEntity.readObject,0,0,0
org.jfree.chart.renderer.xy.XYLineAndShapeRenderer.isItemPass,1,1,2
org.jfree.chart.annotations.CategoryPointerAnnotation.getTipRadius,0,0,0
org.jfree.chart.plot.XYPlot.getRangeAxisLocation,1,1,2
org.jfree.data.category.CategoryToPieDataset.getKey,1,7,8
org.jfree.data.KeyedObjects2D.equals,5,17,22
org.jfree.chart.labels.StandardXYZToolTipGenerator.getZDateFormat,0,0,0
org.jfree.chart.renderer.category.CategoryItemRendererState.getVisibleSeriesIndex,2,4,6
org.jfree.data.resources.DataPackageResources.getContents,0,0,0
org.jfree.chart.annotations.CategoryLineAnnotation.writeObject,0,0,0
org.jfree.chart.panel.CrosshairOverlay.<init>,0,0,0
org.jfree.chart.plot.ThermometerPlot.isValidNumber,4,0,4
org.jfree.chart.annotations.TextAnnotation.setRotationAngle,0,0,0
org.jfree.chart.plot.CategoryPlot.getColumnRenderingOrder,0,0,0
org.jfree.data.DefaultKeyedValues.<init>,0,0,0
org.jfree.chart.plot.FastScatterPlot.setRangePannable,0,0,0
org.jfree.chart.title.ShortTextTitle.arrangeRN,2,0,2
org.jfree.data.time.Hour.getLastMillisecond,0,0,0
org.jfree.chart.title.ShortTextTitle.arrangeRR,4,0,4
org.jfree.data.xy.YIntervalSeries.getYHighValue,0,0,0
org.jfree.chart.block.LabelBlock.setFont,0,0,0
org.jfree.chart.plot.PiePlot.setInteriorGap,3,3,6
org.jfree.chart.text.TextBox.<init>,1,1,2
org.jfree.chart.axis.CyclicNumberAxis.refreshVerticalTicks,64,0,64
org.jfree.chart.labels.BubbleXYItemLabelGenerator.generateLabel,0,0,0
org.jfree.data.xy.XYIntervalSeriesCollection.<init>,0,0,0
org.jfree.chart.plot.SpiderWebPlot.getURLGenerator,0,0,0
org.jfree.data.statistics.DefaultBoxAndWhiskerXYDataset.getRangeUpperBound,1,1,2
org.jfree.chart.axis.LogTick.<init>,0,0,0
org.jfree.data.json.impl.JSONObject.toString,0,0,0
org.jfree.chart.annotations.CategoryTextAnnotation.draw,4,0,4
org.jfree.chart.StandardChartTheme.getLegendItemPaint,0,0,0
org.jfree.data.time.TimeSeries.getDataItem,1,1,2
org.jfree.chart.plot.MeterPlot.setDialOutlinePaint,0,0,0
org.jfree.chart.util.XYCoordinateType.<clinit>,0,0,0
org.jfree.data.category.CategoryToPieDataset.datasetChanged,0,0,0
org.jfree.chart.axis.CompassFormat.format,0,0,0
org.jfree.data.category.SlidingCategoryDataset.<init>,0,0,0
org.jfree.data.KeyedObjects2D.removeColumn,0,6,6
org.jfree.data.resources.DataPackageResources_es.<init>,0,0,0
org.jfree.chart.util.RelativeDateFormat.format,3,7,10
org.jfree.chart.plot.PolarPlot.getAngleGridlineStroke,0,0,0
org.jfree.chart.plot.PiePlot.getDirection,0,0,0
org.jfree.chart.renderer.xy.XYShapeRenderer.getPaint,4,0,4
org.jfree.data.statistics.HistogramDataset.getStartX,0,0,0
org.jfree.chart.plot.XYPlot.setFixedDomainAxisSpace,1,1,2
org.jfree.data.category.DefaultIntervalCategoryDataset.setStartValue,1,5,6
org.jfree.data.time.TimeSeriesCollection.getDomainUpperBound,2,0,2
org.jfree.data.statistics.HistogramDataset.getStartY,0,0,0
org.jfree.chart.plot.SpiderWebPlot.<clinit>,0,0,0
org.jfree.chart.renderer.category.BoxAndWhiskerRenderer.setItemMargin,0,0,0
org.jfree.chart.ChartUtils.applyCurrentTheme,0,0,0
org.jfree.chart.plot.Crosshair.<init>,0,0,0
org.jfree.chart.title.TextTitle.setMaximumLinesToDisplay,0,0,0
org.jfree.chart.renderer.xy.StackedXYAreaRenderer2.getStackValues,2,4,6
org.jfree.chart.plot.FastScatterPlot.zoomRangeAxes,2,0,2
org.jfree.chart.renderer.WaferMapRenderer.getMaxPaintValue,6,0,6
org.jfree.chart.plot.Plot.setDatasetGroup,0,0,0
org.jfree.chart.ui.FontChooserPanel.<clinit>,0,0,0
org.jfree.chart.renderer.LookupPaintScale$PaintItem.equals,3,5,8
org.jfree.chart.axis.DateTickUnit.getUnitType,0,0,0
org.jfree.chart.util.ShapeUtils.isPointInRect,6,2,8
org.jfree.data.statistics.SimpleHistogramDataset.addObservations,2,0,2
org.jfree.chart.plot.dial.DialCap.draw,0,0,0
org.jfree.chart.renderer.Outlier.setPoint,0,0,0
org.jfree.chart.axis.CategoryAxis.configure,0,0,0
org.jfree.chart.renderer.xy.XYBarRenderer.drawItemLabel,18,0,18
org.jfree.data.time.TimePeriodValuesCollection.getDomainLowerBound,2,0,2
org.jfree.chart.renderer.category.AbstractCategoryItemRenderer.drawRangeLine,2,4,6
org.jfree.chart.plot.PiePlot.getShadowPaint,0,0,0
org.jfree.chart.plot.PiePlot.setStartAngle,0,0,0
org.jfree.chart.plot.CrosshairState.setAnchorY,0,0,0
org.jfree.chart.plot.CrosshairState.setAnchorX,0,0,0
org.jfree.data.KeyToGroupMap.<init>,0,0,0
org.jfree.chart.plot.PolarPlot.zoom,6,0,6
org.jfree.chart.editor.ChartEditorManager.setChartEditorFactory,0,0,0
org.jfree.chart.labels.AbstractXYItemLabelGenerator.hashCode,0,0,0
org.jfree.chart.ChartFactory.createBoxAndWhiskerChart,0,0,0
org.jfree.data.time.Week.equals,2,6,8
org.jfree.data.KeyedObjects2D.clear,0,0,0
org.jfree.chart.renderer.xy.StackedXYAreaRenderer$StackedXYAreaRendererState.<init>,0,0,0
org.jfree.data.general.Series.setDescription,0,0,0
org.jfree.chart.renderer.category.GroupedStackedBarRenderer.drawItem,29,15,44
org.jfree.chart.plot.dial.StandardDialScale.getMinorTickPaint,0,0,0
org.jfree.chart.plot.dial.DialValueIndicator.getFont,0,0,0
org.jfree.chart.axis.SymbolAxis.setGridBandAlternatePaint,0,0,0
org.jfree.chart.annotations.XYTitleAnnotation.getMaxWidth,0,0,0
org.jfree.chart.plot.CategoryPlot.indexOf,1,3,4
org.jfree.chart.servlet.ChartDeleter.<init>,0,0,0
org.jfree.chart.date.SpreadsheetDate.isBefore,2,0,2
org.jfree.data.KeyedValueComparator.compare,7,21,28
org.jfree.chart.title.Title.equals,2,12,14
org.jfree.chart.plot.dial.DialValueIndicator.getTextAnchor,0,0,0
org.jfree.chart.renderer.category.StatisticalBarRenderer.setErrorIndicatorStroke,0,0,0
org.jfree.chart.labels.CustomXYToolTipGenerator.clone,1,1,2
org.jfree.chart.axis.CyclicNumberAxis.setFixedAutoRange,0,0,0
org.jfree.chart.block.FlowArrangement.clear,0,0,0
org.jfree.chart.annotations.XYPolygonAnnotation.getOutlineStroke,0,0,0
org.jfree.chart.block.RectangleConstraint.getHeightConstraintType,0,0,0
org.jfree.chart.plot.CategoryPlot.integerise,0,0,0
org.jfree.chart.util.DefaultShadowGenerator.createDropShadow,0,0,0
org.jfree.chart.needle.MeterNeedle.draw,0,0,0
org.jfree.chart.ChartPanel.translateScreenToJava2D,0,0,0
org.jfree.data.gantt.XYTaskDataset.getTasks,0,0,0
org.jfree.chart.title.LegendTitle.fetchLegendItems,8,8,16
org.jfree.data.RangeType.hashCode,0,0,0
org.jfree.data.time.Quarter.toString,0,0,0
org.jfree.data.time.TimeSeriesCollection.equals,2,6,8
org.jfree.chart.renderer.category.AbstractCategoryItemRenderer.getSeriesToolTipGenerator,0,0,0
org.jfree.chart.renderer.category.StackedBarRenderer.setRenderAsPercentages,0,0,0
org.jfree.data.xy.DefaultIntervalXYDataset.getEndYValue,0,0,0
org.jfree.chart.axis.AxisSpace.reserved,8,0,8
org.jfree.chart.axis.CyclicNumberAxis.isAdvanceLineVisible,0,0,0
org.jfree.chart.renderer.category.MinMaxCategoryRenderer.setMaxIcon,0,0,0
org.jfree.chart.plot.dial.DialCap.isClippedToWindow,0,0,0
org.jfree.chart.plot.CompassPlot.setRosePaint,0,0,0
org.jfree.chart.plot.PlotState.getSharedAxisStates,0,0,0
org.jfree.data.KeyedValues2DItemKey.toString,0,0,0
org.jfree.chart.plot.CategoryPlot.getRendererIndices,2,4,6
org.jfree.chart.needle.MiddlePinNeedle.equals,4,4,8
org.jfree.chart.plot.ValueMarker.getValue,0,0,0
org.jfree.chart.plot.MeterPlot.setRange,1,1,2
org.jfree.chart.axis.Axis.getTickMarkStroke,0,0,0
org.jfree.chart.axis.MonthDateFormat.parse,0,0,0
org.jfree.chart.ui.PaintSample.getPreferredSize,0,0,0
org.jfree.chart.axis.SymbolAxis.drawGridBandsHorizontal,10,0,10
org.jfree.chart.util.SerialUtils.readPaint,2,6,8
org.jfree.chart.title.CompositeTitle.setTitleContainer,0,0,0
org.jfree.chart.plot.XYPlot.setRangeCrosshairPaint,0,0,0
org.jfree.chart.plot.CategoryPlot.setRangeGridlinesVisible,1,1,2
org.jfree.chart.axis.DateTickUnitType.<init>,0,0,0
org.jfree.chart.util.StrokeList.<init>,0,0,0
org.jfree.data.DefaultKeyedValues2D.removeValue,4,14,18
org.jfree.data.time.Second.previous,4,0,4
org.jfree.chart.plot.MeterPlot.getTickLabelFont,0,0,0
org.jfree.chart.plot.XYPlot.setRangeGridlinesVisible,1,1,2
org.jfree.chart.renderer.AbstractRenderer.getDefaultLegendShape,0,0,0
org.jfree.chart.plot.PiePlot.setAutoPopulateSectionPaint,0,0,0
org.jfree.chart.plot.Marker.setOutlineStroke,0,0,0
org.jfree.chart.plot.dial.DialPlot.rectangleByRadius,0,0,0
org.jfree.chart.title.LegendItemBlockContainer.setToolTipText,0,0,0
org.jfree.chart.plot.ThermometerPlot.setDisplayRange,10,0,10
org.jfree.chart.renderer.category.BoxAndWhiskerRenderer.writeObject,0,0,0
org.jfree.chart.plot.Crosshair.setLabelOutlineVisible,0,0,0
org.jfree.chart.entity.ChartEntity.getShapeType,2,0,2
org.jfree.chart.renderer.AbstractRenderer.getAutoPopulateSeriesOutlinePaint,0,0,0
org.jfree.data.statistics.DefaultMultiValueCategoryDataset.getRowCount,0,0,0
org.jfree.data.time.TimeTableXYDataset.getSeriesCount,0,0,0
org.jfree.chart.axis.ExtendedCategoryAxis.equals,2,8,10
org.jfree.data.time.Hour.getDayOfMonth,0,0,0
org.jfree.chart.axis.CyclicNumberAxis.setAutoRangeMinimumSize,2,0,2
org.jfree.chart.plot.CategoryPlot.drawZeroRangeBaseline,1,1,2
org.jfree.data.xy.XYSeriesCollection.getSeries,0,8,8
org.jfree.chart.ChartPanel.drawVerticalAxisTrace,6,0,6
org.jfree.chart.renderer.category.ScatterRenderer.setBaseShapesFilled,0,0,0
org.jfree.chart.annotations.XYImageAnnotation.<init>,0,0,0
org.jfree.chart.util.HMSNumberFormat.<init>,0,0,0
org.jfree.chart.entity.XYItemEntity.getDataset,0,0,0
org.jfree.chart.plot.ThermometerPlot.getMercuryPaint,0,0,0
org.jfree.chart.plot.XYPlot.rendererChanged,1,1,2
org.jfree.chart.axis.NumberAxis.<clinit>,0,0,0
org.jfree.chart.plot.IntervalMarker.getEndValue,0,0,0
org.jfree.data.time.DateRange.getLowerMillis,0,0,0
org.jfree.chart.title.LegendItemBlockContainer.getSeriesKey,0,0,0
org.jfree.chart.entity.LegendItemEntity.setSeriesKey,0,0,0
org.jfree.data.xy.XYSeriesCollection.getEndX,0,0,0
org.jfree.data.xy.XYSeriesCollection.getEndY,0,0,0
org.jfree.chart.title.Title.clone,0,0,0
org.jfree.chart.text.TextBlockAnchor.<clinit>,0,0,0
org.jfree.data.time.DynamicTimeSeriesCollection.offsetFromOldest,0,0,0
org.jfree.data.time.TimeSeriesCollection.addSeries,0,0,0
org.jfree.chart.ui.LengthAdjustmentType.<clinit>,0,0,0
org.jfree.data.gantt.Task.getSubtaskCount,0,0,0
org.jfree.chart.plot.CategoryPlot.setDomainGridlineStroke,0,0,0
org.jfree.chart.ui.StandardGradientPaintTransformer.<init>,1,1,2
org.jfree.chart.axis.ValueAxis.isPositiveArrowVisible,0,0,0
org.jfree.chart.renderer.xy.XYShapeRenderer.findDomainBounds,1,3,4
org.jfree.chart.plot.PolarPlot.drawGridlines,14,0,14
org.jfree.chart.plot.MeterPlot.setTickPaint,0,0,0
org.jfree.chart.axis.LogarithmicAxis.makeTickLabel,4,0,4
org.jfree.data.xy.AbstractIntervalXYDataset.getStartYValue,0,2,2
org.jfree.chart.labels.IntervalXYItemLabelGenerator.equals,1,3,4
org.jfree.chart.renderer.AbstractRenderer.setDefaultLegendTextFont,0,0,0
org.jfree.chart.plot.dial.DialBackground.setPaint,0,0,0
org.jfree.chart.servlet.ServletUtilities.createTempDir,4,0,4
org.jfree.chart.StandardChartTheme.setSubtitlePaint,0,0,0
org.jfree.chart.axis.AxisLocation.readResolve,2,6,8
org.jfree.chart.plot.XYPlot.isDomainMinorGridlinesVisible,0,0,0
org.jfree.chart.renderer.xy.HighLowRenderer.getDrawCloseTicks,0,0,0
org.jfree.data.gantt.Task.clone,0,0,0
org.jfree.chart.renderer.AbstractRenderer.getDefaultNegativeItemLabelPosition,0,0,0
org.jfree.data.time.TimePeriodValues.recalculateBounds,1,1,2
org.jfree.chart.ui.FontChooserPanel.setSelectedFont,10,0,10
org.jfree.data.general.WaferMapDataset.addValue,0,0,0
org.jfree.chart.renderer.xy.CandlestickRenderer.setUseOutlinePaint,1,1,2
org.jfree.chart.entity.PieSectionEntity.getPieIndex,0,0,0
org.jfree.data.xy.XYSeriesCollection.equals,1,5,6
org.jfree.data.statistics.DefaultStatisticalCategoryDataset.equals,2,4,6
org.jfree.chart.axis.CompassFormat.<init>,2,0,2
org.jfree.chart.renderer.xy.SamplingXYLineRenderer.getPassCount,0,0,0
org.jfree.chart.util.ShapeList.hashCode,0,0,0
org.jfree.chart.renderer.xy.XYBoxAndWhiskerRenderer.getArtifactPaint,0,0,0
org.jfree.chart.needle.MeterNeedle.getOutlinePaint,0,0,0
org.jfree.chart.renderer.DefaultPolarItemRenderer.<init>,0,0,0
org.jfree.chart.labels.StandardPieSectionLabelGenerator.setAttributedLabel,0,0,0
org.jfree.chart.axis.AxisSpace.setRight,0,0,0
org.jfree.chart.ui.StrokeChooserPanel$1.actionPerformed,0,0,0
org.jfree.chart.plot.dial.DialPlot.setDialFrame,0,0,0
org.jfree.chart.block.RectangleConstraint.getWidthConstraintType,0,0,0
org.jfree.chart.renderer.category.DefaultCategoryItemRenderer.<init>,0,0,0
org.jfree.data.general.DatasetUtils.createPieDatasetForRow,2,0,2
org.jfree.chart.axis.PeriodAxis.getMinorTickMarkPaint,0,0,0
org.jfree.chart.plot.dial.DialPointer$Pointer.hashCode,0,0,0
org.jfree.chart.axis.CategoryLabelWidthType.<init>,0,0,0
org.jfree.chart.plot.CombinedDomainCategoryPlot.clone,0,2,2
org.jfree.chart.ui.GradientPaintTransformType.hashCode,0,0,0
org.jfree.data.time.Hour.equals,3,5,8
org.jfree.chart.labels.CustomXYToolTipGenerator.generateToolTip,0,0,0
org.jfree.chart.plot.AbstractPieLabelDistributor.addPieLabelRecord,0,0,0
org.jfree.data.general.WaferMapDataset.getUniqueValueCount,0,0,0
org.jfree.chart.renderer.xy.XYAreaRenderer2.getLegendItem,5,5,10
org.jfree.chart.plot.dial.DialValueIndicator.getRadius,0,0,0
org.jfree.chart.block.BlockBorder.equals,2,6,8
org.jfree.data.time.TimePeriodValue.equals,7,9,16
org.jfree.chart.block.BlockResult.getEntityCollection,0,0,0
org.jfree.data.resources.DataPackageResources_pl.getContents,0,0,0
org.jfree.chart.ChartRenderingInfo.readObject,0,0,0
org.jfree.chart.axis.Axis.setTickMarksVisible,1,1,2
org.jfree.chart.text.TextBox.setShadowXOffset,0,0,0
org.jfree.data.xml.KeyHandler.characters,2,0,2
org.jfree.chart.title.TextTitle.getExpandToFitSpace,0,0,0
org.jfree.chart.renderer.xy.XYSplineRenderer.drawPrimaryLineAsPath,52,0,52
org.jfree.chart.renderer.GrayPaintScale.getPaint,0,0,0
org.jfree.chart.axis.Axis.setPlot,0,0,0
org.jfree.data.xy.DefaultHighLowDataset.getCloseValue,2,0,2
org.jfree.chart.plot.dial.DialPlot.getBackground,0,0,0
org.jfree.chart.text.TextBox.getOutlinePaint,0,0,0
org.jfree.chart.renderer.xy.CyclicXYItemRenderer$OverwriteDataSet.getItemCount,0,0,0
org.jfree.chart.renderer.xy.StackedXYBarRenderer.getRenderAsPercentages,0,0,0
org.jfree.chart.plot.XYPlot.getRangeZeroBaselineStroke,0,0,0
org.jfree.chart.StrokeMap.clear,0,0,0
org.jfree.chart.axis.AxisSpace.setTop,0,0,0
org.jfree.data.xy.MatrixSeries.getItemCount,0,0,0
org.jfree.chart.ChartUtils.writeScaledChartAsPNG,6,0,6
org.jfree.chart.renderer.category.AbstractCategoryItemRenderer.createState,0,0,0
org.jfree.data.time.Hour.getHour,0,0,0
org.jfree.chart.ChartPanel.setVerticalTraceLine,0,0,0
org.jfree.chart.renderer.xy.XYAreaRenderer2.readObject,0,0,0
org.jfree.chart.editor.DefaultChartEditor.updateChart,0,0,0
org.jfree.chart.renderer.category.GradientBarPainter.createShadow,12,4,16
org.jfree.data.statistics.DefaultStatisticalCategoryDataset.getRowKey,0,0,0
org.jfree.chart.entity.ChartEntity.setToolTipText,0,0,0
org.jfree.chart.ui.RectangleInsets.hashCode,10,0,10
org.jfree.chart.renderer.xy.XYStepAreaRenderer.equals,2,14,16
org.jfree.chart.axis.PeriodAxis.valueToJava2D,8,0,8
org.jfree.chart.title.LegendTitle.addItemBlock,0,0,0
org.jfree.chart.ChartRenderingInfo.getPlotInfo,0,0,0
org.jfree.chart.annotations.XYTextAnnotation.getX,0,0,0
org.jfree.chart.plot.CombinedRangeXYPlot.draw,4,6,10
org.jfree.chart.plot.RingPlot.setCenterTextMode,0,0,0
org.jfree.chart.util.UnitType.<init>,0,0,0
org.jfree.chart.LegendItem.equals,5,39,44
org.jfree.data.function.PowerFunction2D.getA,0,0,0
org.jfree.data.function.PowerFunction2D.getB,0,0,0
org.jfree.chart.renderer.xy.XYBarRenderer.<clinit>,0,0,0
org.jfree.chart.plot.IntervalMarker.equals,2,10,12
org.jfree.data.time.Week.getFirstMillisecond,0,0,0
org.jfree.chart.annotations.XYTextAnnotation.getY,0,0,0
org.jfree.chart.ChartPanel.setDismissDelay,0,0,0
org.jfree.data.function.PolynomialFunction2D.equals,1,1,2
org.jfree.chart.renderer.xy.XYShapeRenderer.equals,3,15,18
org.jfree.chart.plot.PiePlot.setIgnoreNullValues,0,0,0
org.jfree.chart.block.AbstractBlock.drawBorder,0,0,0
org.jfree.chart.needle.ArrowNeedle.hashCode,0,0,0
org.jfree.data.general.AbstractDataset.<init>,0,0,0
org.jfree.chart.plot.PlotRenderingInfo.setDataArea,0,0,0
org.jfree.chart.date.SerialDate.getNearestDayOfWeek,6,0,6
org.jfree.data.xy.XYBarDataset.getBarWidth,0,0,0
org.jfree.chart.plot.dial.StandardDialScale.getTickLabelFont,0,0,0
org.jfree.data.time.TimeSeriesDataItem.getValue,0,0,0
org.jfree.data.xy.DefaultXYZDataset.getSeriesKey,0,4,4
org.jfree.chart.PaintMap.clone,0,0,0
org.jfree.chart.renderer.category.AreaRenderer.getLegendItem,6,6,12
org.jfree.chart.title.ImageTitle.setImage,2,0,2
org.jfree.chart.title.LegendGraphic.setOutlinePaint,0,0,0
org.jfree.chart.renderer.category.ScatterRenderer.getUseFillPaint,0,0,0
org.jfree.chart.renderer.xy.XYErrorRenderer.setCapLength,0,0,0
org.jfree.data.category.CategoryToPieDataset.<init>,0,2,2
org.jfree.data.time.DateRange.<init>,0,0,0
org.jfree.chart.plot.SpiderWebPlot.getSeriesOutlineStroke,2,2,4
org.jfree.data.KeyedValues2DItemKey.equals,8,0,8
org.jfree.chart.needle.LongNeedle.hashCode,0,0,0
org.jfree.chart.ChartFactory.createHistogram,4,0,4
org.jfree.chart.renderer.DefaultPolarItemRenderer.drawSeries,36,0,36
org.jfree.chart.panel.CrosshairOverlay.clone,0,0,0
org.jfree.chart.renderer.xy.XYAreaRenderer.getPlotLines,0,0,0
org.jfree.data.time.SimpleTimePeriod.equals,1,7,8
org.jfree.chart.util.SerialUtils.isSerializable,0,0,0
org.jfree.chart.renderer.category.GanttRenderer.equals,2,10,12
org.jfree.chart.renderer.xy.StandardXYItemRenderer.getItemShapeFilled,1,1,2
org.jfree.chart.plot.PiePlot3D.getDepthFactor,0,0,0
org.jfree.data.Range.scale,0,2,2
org.jfree.chart.renderer.category.BarRenderer.getUpperClip,0,0,0
org.jfree.chart.axis.CyclicNumberAxis.setPeriod,0,0,0
org.jfree.chart.renderer.xy.HighLowRenderer.getOpenTickPaint,0,0,0
org.jfree.chart.entity.PlotEntity.hashCode,0,0,0
org.jfree.chart.renderer.xy.XYDotRenderer.setLegendShape,0,0,0
org.jfree.chart.renderer.xy.XYShapeRenderer.clone,1,1,2
org.jfree.chart.renderer.xy.HighLowRenderer.<init>,0,0,0
org.jfree.data.xml.ItemHandler.endElement,4,0,4
org.jfree.chart.plot.Plot.setBackgroundAlpha,1,1,2
org.jfree.chart.renderer.xy.XYAreaRenderer.setLegendArea,0,0,0
org.jfree.chart.renderer.LookupPaintScale.getPaint,1,17,18
org.jfree.chart.title.LegendTitle.getLegendItemGraphicEdge,0,0,0
org.jfree.chart.renderer.WaferMapRenderer.isMethodValid,3,0,3
org.jfree.chart.block.ColumnArrangement.add,0,0,0
org.jfree.chart.plot.IntervalMarker.clone,0,0,0
org.jfree.chart.plot.PolarPlot.setAxis,4,4,8
org.jfree.chart.needle.MeterNeedle.getTransform,0,0,0
org.jfree.chart.MouseWheelHandler.handleZoomable,8,0,8
org.jfree.chart.plot.ThermometerPlot.getCurrentPaint,8,0,8
org.jfree.chart.renderer.xy.XYAreaRenderer.setOutline,0,0,0
org.jfree.chart.labels.StandardXYSeriesLabelGenerator.generateLabel,0,0,0
org.jfree.chart.renderer.xy.XYBarRenderer$XYBarRendererState.setG2Base,0,0,0
org.jfree.data.statistics.DefaultMultiValueCategoryDataset.getColumnCount,0,0,0
org.jfree.data.xy.DefaultHighLowDataset.createNumberArray,0,2,2
org.jfree.chart.plot.CrosshairState.<init>,0,0,0
org.jfree.chart.renderer.xy.XYBlockRenderer.equals,3,9,12
org.jfree.data.xy.YIntervalSeries.getYValue,0,0,0
org.jfree.chart.plot.ThermometerPlot.setGap,0,0,0
org.jfree.chart.plot.dial.AbstractDialLayer.removeChangeListener,0,0,0
org.jfree.chart.util.SerialUtils.writeShape,2,16,18
org.jfree.chart.plot.dial.DialValueIndicator.getFrameAnchor,0,0,0
org.jfree.chart.axis.ModuloAxis.valueToJava2D,4,0,4
org.jfree.chart.block.AbstractBlock.writeObject,0,0,0
org.jfree.chart.plot.dial.StandardDialRange.isClippedToWindow,0,0,0
org.jfree.chart.plot.PiePlot.clone,2,10,12
org.jfree.data.xy.MatrixSeries.equals,2,12,14
org.jfree.chart.renderer.category.StackedAreaRenderer.<init>,0,0,0
org.jfree.data.statistics.SimpleHistogramDataset.clone,0,0,0
org.jfree.data.statistics.Statistics.getLinearFit,2,0,2
org.jfree.data.resources.DataPackageResources_de.getContents,0,0,0
org.jfree.chart.plot.PolarPlot.getAngleLabelFont,0,0,0
org.jfree.chart.title.LegendGraphic.setLinePaint,0,0,0
org.jfree.chart.StandardChartTheme.getLegendBackgroundPaint,0,0,0
org.jfree.data.general.Series.addPropertyChangeListener,0,0,0
org.jfree.chart.plot.CombinedRangeXYPlot.setOrientation,0,2,2
org.jfree.data.gantt.TaskSeriesCollection.getStartValue,1,7,8
org.jfree.data.KeyedObjects2D.getRowIndex,0,0,0
org.jfree.data.xy.WindDataItem.equals,5,5,10
org.jfree.chart.ChartPanel.getFillZoomRectangle,0,0,0
org.jfree.chart.renderer.xy.XYLineAndShapeRenderer.getLegendItem,8,8,16
org.jfree.chart.plot.SpiderWebPlot.getLabelPaint,0,0,0
org.jfree.data.time.Year.parseYear,0,0,0
org.jfree.chart.renderer.xy.XYBubbleRenderer.clone,0,0,0
org.jfree.chart.axis.TickType.equals,1,5,6
org.jfree.chart.plot.PiePlot.getShadowYOffset,0,0,0
org.jfree.data.xy.XIntervalSeriesCollection.getSeries,2,2,4
org.jfree.chart.renderer.WaferMapRenderer.getMinPaintValue,6,0,6
org.jfree.chart.ChartTransferable.createBufferedImage,10,0,10
org.jfree.chart.renderer.category.BoxAndWhiskerRenderer.setMeanVisible,1,1,2
org.jfree.data.function.PolynomialFunction2D.hashCode,0,0,0
org.jfree.data.time.Year.getLastMillisecond,0,0,0
org.jfree.chart.plot.MeterPlot.writeObject,0,0,0
org.jfree.chart.plot.XYPlot.getRangeCrosshairStroke,0,0,0
org.jfree.data.statistics.DefaultStatisticalCategoryDataset.clone,0,0,0
org.jfree.chart.JFreeChart.clone,3,3,6
org.jfree.data.time.TimeSeriesCollection.removeSeries,1,1,2
org.jfree.chart.renderer.category.LayeredBarRenderer.drawItem,2,2,4
org.jfree.chart.plot.MultiplePiePlot.setDataExtractOrder,0,0,0
org.jfree.chart.StandardChartTheme.setTitlePaint,0,0,0
org.jfree.chart.axis.DateAxis.refreshTicksHorizontal,19,13,32
org.jfree.data.gantt.TaskSeries.getTasks,0,0,0
org.jfree.chart.axis.DateTickUnit.getCalendarField,0,0,0
org.jfree.chart.axis.PeriodAxis.setTimeZone,0,0,0
org.jfree.data.time.Day.next,0,2,2
org.jfree.chart.ChartPanel.mouseEntered,2,0,2
org.jfree.chart.ui.StandardGradientPaintTransformer.equals,0,6,6
org.jfree.chart.renderer.xy.StandardXYItemRenderer$State.<init>,0,0,0
org.jfree.data.xy.DefaultOHLCDataset.getX,0,0,0
org.jfree.data.xy.DefaultOHLCDataset.getY,0,0,0
org.jfree.chart.plot.MeterPlot.setMeterAngle,2,2,4
org.jfree.data.time.TimePeriodAnchor.<init>,0,0,0
org.jfree.chart.renderer.category.BoxAndWhiskerRenderer.getArtifactPaint,0,0,0
org.jfree.data.time.Month.next,0,4,4
org.jfree.data.xy.DefaultXYDataset.equals,3,9,12
org.jfree.chart.date.SpreadsheetDate.toSerial,0,0,0
org.jfree.chart.plot.CategoryPlot.getRangeCrosshairValue,0,0,0
org.jfree.chart.StandardChartTheme.setAxisLabelPaint,0,0,0
org.jfree.data.function.PolynomialFunction2D.<init>,0,0,0
org.jfree.chart.title.PaintScaleLegend.getSubdivisionCount,0,0,0
org.jfree.chart.renderer.xy.XYAreaRenderer2.clone,0,0,0
org.jfree.chart.axis.CategoryAxis.setTickLabelPaint,1,1,2
org.jfree.chart.annotations.XYPolygonAnnotation.getFillPaint,0,0,0
org.jfree.chart.renderer.xy.XYDotRenderer.<init>,0,0,0
org.jfree.chart.plot.dial.DialValueIndicator.draw,2,0,2
org.jfree.chart.axis.ModuloAxis.trans,6,0,6
org.jfree.data.time.RegularTimePeriod.toString,0,0,0
org.jfree.chart.renderer.AbstractRenderer.getTreatLegendShapeAsLine,0,0,0
org.jfree.data.xy.DefaultIntervalXYDataset.getStartYValue,0,0,0
org.jfree.chart.plot.CategoryPlot.isDomainGridlinesVisible,0,0,0
org.jfree.chart.axis.DateTickUnitType.<clinit>,0,0,0
org.jfree.chart.plot.PiePlot.setLabelLinkStyle,0,0,0
org.jfree.chart.ui.TextAnchor.hashCode,0,0,0
org.jfree.chart.editor.DefaultPolarPlotEditor.updatePlotProperties,0,0,0
org.jfree.chart.renderer.category.AbstractCategoryItemRenderer.getLegendItems,10,8,18
org.jfree.chart.annotations.TextAnnotation.setTextAnchor,0,0,0
org.jfree.chart.plot.dial.DialPointer.isClippedToWindow,0,0,0
org.jfree.chart.LegendRenderingOrder.equals,6,0,6
org.jfree.chart.urls.CustomCategoryURLGenerator.<init>,0,0,0
org.jfree.chart.renderer.xy.XYLineAndShapeRenderer.getItemShapeFilled,1,1,2
org.jfree.data.ComparableObjectItem.getObject,0,0,0
org.jfree.data.time.TimeSeries.updateBoundsForAddedItem,0,2,2
org.jfree.data.statistics.MeanAndStandardDeviation.equals,1,7,8
org.jfree.chart.plot.CombinedRangeXYPlot.setRenderer,2,0,2
org.jfree.data.gantt.XYTaskDataset.getEndXValue,2,0,2
org.jfree.chart.block.LabelBlock.setToolTipText,0,0,0
org.jfree.chart.StandardChartTheme.setAxisOffset,0,0,0
org.jfree.chart.plot.FastScatterPlot.setData,0,0,0
org.jfree.chart.needle.MiddlePinNeedle.drawNeedle,6,0,6
org.jfree.chart.renderer.xy.StandardXYItemRenderer$State.isLastPointGood,0,0,0
org.jfree.data.time.Millisecond.<init>,0,0,0
org.jfree.chart.servlet.ServletUtilities.saveChartAsPNG,4,0,4
org.jfree.chart.plot.CombinedDomainCategoryPlot.setShadowGenerator,2,0,2
org.jfree.chart.plot.dial.DialTextAnnotation.clone,0,0,0
org.jfree.chart.ChartPanel.getChartRenderingInfo,0,0,0
org.jfree.chart.renderer.xy.XYDifferenceRenderer.<init>,0,0,0
org.jfree.chart.renderer.category.BarRenderer.calculateSeriesWidth,1,1,2
org.jfree.chart.plot.CategoryCrosshairState.getRowKey,0,0,0
org.jfree.chart.LegendItem.setDescription,0,0,0
org.jfree.chart.renderer.category.BarRenderer.getLowerClip,0,0,0
org.jfree.chart.event.AnnotationChangeEvent.<init>,0,0,0
org.jfree.chart.renderer.category.AbstractCategoryItemRenderer.drawBackground,0,0,0
org.jfree.chart.text.TextUtils.setUseFontMetricsGetStringBounds,0,0,0
org.jfree.data.statistics.DefaultBoxAndWhiskerCategoryDataset.clone,0,0,0
org.jfree.chart.renderer.AbstractRenderer.getDefaultSeriesVisibleInLegend,0,0,0
org.jfree.chart.plot.dial.DialValueIndicator.readObject,0,0,0
org.jfree.chart.axis.CategoryAxis.getCategoryEnd,0,0,0
org.jfree.chart.date.SpreadsheetDate.toDate,0,0,0
org.jfree.chart.editor.DefaultPlotEditor.attemptOutlinePaintSelection,2,0,2
org.jfree.chart.title.LegendTitle.getItemContainer,0,0,0
org.jfree.chart.renderer.category.AbstractCategoryItemRenderer.getItemURLGenerator,0,0,0
org.jfree.chart.LegendItem.getURLText,0,0,0
org.jfree.data.time.TimeSeries.getRawDataItem,2,0,2
org.jfree.chart.plot.XYPlot.getDatasetRenderingOrder,0,0,0
org.jfree.data.statistics.BoxAndWhiskerItem.getMaxOutlier,0,0,0
org.jfree.data.KeyedObject.getKey,0,0,0
org.jfree.data.xy.NormalizedMatrixSeries.zeroAll,0,0,0
org.jfree.chart.text.TextFragment.readObject,0,0,0
org.jfree.data.time.Day.getFirstMillisecond,0,0,0
org.jfree.chart.renderer.xy.XYBoxAndWhiskerRenderer.setBoxWidth,1,1,2
org.jfree.data.xy.CategoryTableXYDataset.getSeriesCount,0,0,0
org.jfree.data.xy.DefaultHighLowDataset.getSeriesCount,0,0,0
org.jfree.data.xy.DefaultXYZDataset.clone,0,2,2
org.jfree.chart.util.XYCoordinateType.<init>,0,0,0
org.jfree.chart.plot.dial.DialCap.setFillPaint,0,0,0
org.jfree.data.jdbc.JDBCCategoryDataset.setTranspose,0,0,0
org.jfree.data.time.TimePeriodValues.getRangeDescription,0,0,0
org.jfree.chart.annotations.XYImageAnnotation.getImage,0,0,0
org.jfree.chart.plot.PlotOrientation.readResolve,1,3,4
org.jfree.chart.plot.XYPlot.mapDatasetToDomainAxes,0,0,0
org.jfree.chart.renderer.xy.StandardXYItemRenderer.<init>,4,4,8
org.jfree.chart.axis.AxisSpace.hashCode,0,0,0
org.jfree.chart.axis.LogAxis.draw,4,0,4
org.jfree.chart.ui.TextAnchor.readResolve,15,15,30
org.jfree.chart.renderer.AbstractRenderer.getLegendShape,0,0,0
org.jfree.data.io.CSV.readCategoryDataset,4,0,4
org.jfree.chart.renderer.Outlier.getPoint,0,0,0
org.jfree.data.statistics.SimpleHistogramDataset.getEndXValue,0,0,0
org.jfree.chart.axis.LogarithmicAxis.getAutoRangeNextLogFlag,0,0,0
org.jfree.chart.plot.dial.AbstractDialLayer.addChangeListener,0,0,0
org.jfree.data.KeyedObjects.getKey,1,1,2
org.jfree.chart.plot.Plot.getNoDataMessage,0,0,0
org.jfree.chart.plot.CategoryPlot.setRangeAxisLocation,2,4,6
org.jfree.data.time.Day.<clinit>,0,0,0
org.jfree.chart.ChartPanel.addOverlay,0,0,0
org.jfree.chart.axis.CyclicNumberAxis.refreshTicksHorizontal,52,0,52
org.jfree.chart.plot.PolarPlot.setAngleOffset,0,0,0
org.jfree.chart.plot.CompassPlot.getLabelFont,0,0,0
org.jfree.chart.text.TextUtils.getTextBounds,1,1,2
org.jfree.chart.renderer.DefaultPolarItemRenderer.getToolTipGenerator,2,0,2
org.jfree.chart.plot.CombinedDomainCategoryPlot.remove,3,7,10
org.jfree.data.time.Day.parseDay,0,0,0
org.jfree.chart.block.FlowArrangement.<init>,0,0,0
org.jfree.data.ComparableObjectSeries.getDataItem,0,0,0
org.jfree.data.time.DateRange.getUpperDate,0,0,0
org.jfree.chart.labels.SymbolicXYItemLabelGenerator.<init>,0,0,0
org.jfree.data.statistics.SimpleHistogramDataset.getYValue,1,1,2
org.jfree.data.KeyedObject.setObject,0,0,0
org.jfree.chart.plot.dial.StandardDialFrame.readObject,0,0,0
org.jfree.data.DefaultKeyedValue.getKey,0,0,0
org.jfree.data.gantt.TaskSeriesCollection.getSubIntervalCount,0,2,2
org.jfree.data.time.TimeTableXYDataset.setDomainIsPointsInTime,0,0,0
org.jfree.data.xy.XYIntervalDataItem.getXHighValue,1,1,2
org.jfree.chart.plot.ThermometerPlot.setPadding,0,0,0
org.jfree.chart.renderer.xy.StackedXYAreaRenderer.setShapePaint,0,0,0
org.jfree.chart.title.PaintScaleLegend.setAxisOffset,0,0,0
org.jfree.chart.plot.SpiderWebPlot.equals,3,53,56
org.jfree.chart.annotations.CategoryPointerAnnotation.getArrowPaint,0,0,0
org.jfree.chart.StandardChartTheme.setThermometerPaint,0,0,0
org.jfree.data.time.ohlc.OHLCSeriesCollection.getOpenValue,0,0,0
org.jfree.chart.ui.NumberCellRenderer.<init>,0,0,0
org.jfree.chart.renderer.AbstractRenderer.getItemShape,0,0,0
org.jfree.chart.plot.PiePlot.getIgnoreZeroValues,0,0,0
org.jfree.chart.annotations.CategoryPointerAnnotation.getLabelOffset,0,0,0
org.jfree.chart.labels.StandardPieSectionLabelGenerator.generateSectionLabel,0,0,0
org.jfree.chart.axis.LogarithmicAxis.getExpTickLabelsFlag,0,0,0
org.jfree.chart.plot.ThermometerPlot.setColumnRadius,0,0,0
org.jfree.chart.renderer.category.GroupedStackedBarRenderer.setSeriesToGroupMap,0,0,0
org.jfree.chart.plot.dial.StandardDialFrame.isClippedToWindow,0,0,0
org.jfree.chart.renderer.category.BarRenderer.setItemMargin,0,0,0
org.jfree.data.statistics.HistogramDataset.getMaximum,2,6,8
org.jfree.chart.plot.Crosshair.removePropertyChangeListener,0,0,0
org.jfree.chart.plot.CategoryPlot.setDomainCrosshairVisible,1,1,2
org.jfree.chart.annotations.CategoryPointerAnnotation.getAngle,0,0,0
org.jfree.chart.PaintMap.equals,0,10,10
org.jfree.data.time.TimePeriodValue.<init>,0,0,0
org.jfree.chart.plot.dial.StandardDialScale.isClippedToWindow,0,0,0
org.jfree.chart.StandardChartTheme.getRangeGridlinePaint,0,0,0
org.jfree.chart.plot.CategoryPlot.setRangeGridlinePaint,0,0,0
org.jfree.chart.renderer.category.BarRenderer.getShadowPaint,0,0,0
org.jfree.chart.plot.MultiplePiePlot.<init>,0,0,0
org.jfree.data.time.Week.compareTo,6,0,6
org.jfree.chart.renderer.xy.XYBoxAndWhiskerRenderer.findRangeBounds,0,0,0
org.jfree.chart.block.AbstractBlock.trimBorder,0,0,0
org.jfree.chart.plot.SpiderWebPlot.getWebPoint,0,0,0
org.jfree.chart.axis.LogAxis.setBaseFormatter,0,0,0
org.jfree.chart.renderer.xy.XYBarRenderer.setBarAlignmentFactor,0,0,0
org.jfree.chart.plot.XYPlot.drawAxes,3,13,16
org.jfree.chart.annotations.CategoryPointerAnnotation.setArrowStroke,0,0,0
org.jfree.data.statistics.HistogramType.<clinit>,0,0,0
org.jfree.chart.block.RectangleConstraint.<init>,0,0,0
org.jfree.chart.plot.XYPlot.mapDatasetToDomainAxis,0,0,0
org.jfree.chart.urls.StandardCategoryURLGenerator.hashCode,6,0,6
org.jfree.chart.plot.PlotRenderingInfo.getSubplotInfo,0,0,0
org.jfree.chart.needle.MeterNeedle.<init>,0,0,0
org.jfree.data.xy.XYBarDataset.clone,1,1,2
org.jfree.chart.urls.TimeSeriesURLGenerator.equals,1,11,12
org.jfree.data.jdbc.JDBCCategoryDataset.executeQuery,22,0,22
org.jfree.chart.ChartPanel.getZoomFillPaint,0,0,0
org.jfree.data.xy.XIntervalSeries.<init>,0,0,0
org.jfree.chart.title.PaintScaleLegend.setStripOutlineVisible,0,0,0
org.jfree.chart.plot.PiePlotState.setPassesRequired,0,0,0
org.jfree.chart.util.StringUtils.startsWithIgnoreCase,2,0,2
org.jfree.data.gantt.TaskSeriesCollection.getRowKeys,0,0,0
org.jfree.chart.plot.XYPlot.setDomainAxisLocation,2,4,6
org.jfree.chart.JFreeChart.getCategoryPlot,0,0,0
org.jfree.chart.StandardChartTheme.setDrawingSupplier,0,0,0
org.jfree.data.gantt.XYTaskDataset.isTransposed,0,0,0
org.jfree.chart.plot.dial.DialLayerChangeEvent.<init>,0,0,0
org.jfree.data.xy.IntervalXYDelegate.getIntervalPositionFactor,0,0,0
org.jfree.data.xy.VectorSeriesCollection.clone,0,0,0
org.jfree.chart.axis.NumberTickUnitSource.previous,2,10,12
org.jfree.chart.axis.CategoryAxis.setCategoryLabelPositions,0,0,0
org.jfree.data.xy.VectorDataItem.getYValue,0,0,0
org.jfree.chart.axis.TickType.<init>,0,0,0
org.jfree.data.DefaultKeyedValues2D.hashCode,0,0,0
org.jfree.data.time.Hour.<init>,0,0,0
org.jfree.chart.renderer.category.StatisticalBarRenderer.drawHorizontalItem,29,15,44
org.jfree.chart.StandardChartTheme.getName,0,0,0
org.jfree.chart.annotations.CategoryPointerAnnotation.hashCode,0,0,0
org.jfree.data.xy.XYInterval.getYLow,0,0,0
org.jfree.data.xy.DefaultXYDataset.clone,0,2,2
org.jfree.chart.axis.PeriodAxis.getLocale,0,0,0
org.jfree.chart.plot.CategoryPlot.isDomainPannable,0,0,0
org.jfree.data.category.DefaultCategoryDataset.getColumnIndex,0,0,0
org.jfree.data.xy.XYBarDataset.getEndY,0,0,0
org.jfree.data.xy.XYBarDataset.getEndX,2,0,2
org.jfree.data.time.TimeSeries.removeAgedItems,1,17,18
org.jfree.chart.axis.CategoryLabelPositions.replaceTopPosition,0,0,0
org.jfree.chart.plot.SpiderWebPlot.setLegendItemShape,0,0,0
org.jfree.data.json.JSONUtils.writeKeyedValues,4,0,4
org.jfree.chart.renderer.category.BarRenderer.getMaximumBarWidth,0,0,0
org.jfree.chart.ChartPanel.setHorizontalTraceLine,0,0,0
org.jfree.chart.util.PaintList.readObject,1,3,4
org.jfree.chart.axis.CategoryAxis.hashCode,0,0,0
org.jfree.chart.renderer.OutlierList.isOverlapped,2,0,2
org.jfree.chart.renderer.WaferMapRenderer.getPlot,0,0,0
org.jfree.chart.plot.FastScatterPlot.setRangeGridlinePaint,0,0,0
org.jfree.data.general.Series.equals,2,6,8
org.jfree.chart.plot.PolarPlot.isCounterClockwise,0,0,0
org.jfree.chart.axis.ValueTick.getTickType,0,0,0
org.jfree.data.time.Minute.hashCode,0,0,0
org.jfree.chart.title.Title.hashCode,0,0,0
org.jfree.chart.text.TextLine.removeFragment,0,0,0
org.jfree.chart.axis.LogarithmicAxis.java2DToValue,4,2,6
org.jfree.chart.util.RelativeDateFormat.setShowZeroDays,0,0,0
org.jfree.data.DefaultKeyedValues.getItemCount,0,0,0
org.jfree.data.category.SlidingCategoryDataset.getRowIndex,0,0,0
org.jfree.data.time.Day.getDayOfMonth,0,0,0
org.jfree.chart.title.LegendGraphic.setShapeAnchor,0,0,0
org.jfree.chart.plot.PolarPlot.<init>,0,6,6
org.jfree.chart.ChartPanel.setReshowDelay,0,0,0
org.jfree.chart.servlet.DisplayChart.<init>,0,0,0
org.jfree.chart.editor.DefaultValueAxisEditor.setAutoTickUnitSelection,0,0,0
org.jfree.chart.renderer.xy.StackedXYAreaRenderer2.adjustedStackValues,8,0,8
org.jfree.chart.text.TextLine.addFragment,0,0,0
org.jfree.chart.renderer.xy.AbstractXYItemRenderer.calculateDomainMarkerTextAnchorPoint,4,0,4
org.jfree.chart.labels.CustomXYToolTipGenerator.addToolTipSeries,0,0,0
org.jfree.chart.text.TextBlock.<init>,0,0,0
org.jfree.chart.renderer.xy.ClusteredXYBarRenderer.equals,2,4,6
org.jfree.chart.axis.CategoryTick.getCategory,0,0,0
org.jfree.chart.plot.MultiplePiePlot.setPieChart,1,1,2
org.jfree.data.general.DefaultPieDataset.remove,0,0,0
org.jfree.chart.plot.PolarPlot.getLegendItems,3,7,10
org.jfree.chart.ui.Size2D.toString,0,0,0
org.jfree.chart.axis.LogarithmicAxis.setStrictValuesFlag,0,0,0
org.jfree.chart.title.TextTitle.drawHorizontal,12,4,16
org.jfree.chart.date.SerialDate.toString,0,0,0
org.jfree.data.time.SimpleTimePeriod.<init>,1,1,2
org.jfree.chart.block.AbstractBlock.getPadding,0,0,0
org.jfree.chart.entity.TitleEntity.equals,12,0,12
org.jfree.chart.plot.MultiplePiePlot.draw,32,0,32
org.jfree.data.statistics.BoxAndWhiskerItem.getMinRegularValue,0,0,0
org.jfree.chart.StandardChartTheme.applyToValueAxis,2,2,4
org.jfree.chart.renderer.category.AbstractCategoryItemRenderer.equals,2,20,22
org.jfree.chart.util.ObjectUtils.clone,2,4,6
org.jfree.chart.plot.dial.DialPointer$Pointer.setOutlinePaint,0,0,0
org.jfree.chart.renderer.xy.XYAreaRenderer.initialise,0,0,0
org.jfree.chart.plot.dial.DialPlot.setCap,0,4,4
org.jfree.chart.renderer.LookupPaintScale$PaintItem.<init>,0,0,0
org.jfree.chart.text.TextFragment.getPaint,0,0,0
org.jfree.data.time.TimePeriodValue.getPeriod,0,0,0
org.jfree.chart.renderer.Outlier.getY,0,0,0
org.jfree.chart.renderer.Outlier.getX,0,0,0
org.jfree.chart.renderer.xy.XYLineAndShapeRenderer.getSeriesLinesVisible,0,0,0
org.jfree.chart.plot.XYPlot.isDomainCrosshairVisible,0,0,0
org.jfree.chart.ChartPanel.chartChanged,1,1,2
org.jfree.chart.LegendItem.isShapeFilled,0,0,0
org.jfree.chart.annotations.XYBoxAnnotation.draw,5,5,10
org.jfree.data.xy.XYBarDataset.equals,3,5,8
org.jfree.chart.plot.CategoryPlot.clearDomainMarkers,9,11,20
org.jfree.chart.plot.PieLabelDistributor.<init>,0,0,0
org.jfree.chart.annotations.AbstractAnnotation.setNotify,2,0,2
org.jfree.chart.renderer.AbstractRenderer.getDefaultLegendTextPaint,0,0,0
org.jfree.chart.plot.dial.StandardDialRange.getInnerRadius,0,0,0
org.jfree.chart.util.RelativeDateFormat.getBaseMillis,0,0,0
org.jfree.chart.renderer.category.AbstractCategoryItemRenderer.getLegendItemToolTipGenerator,0,0,0
org.jfree.chart.title.LegendTitle.setBackgroundPaint,0,0,0
org.jfree.chart.annotations.CategoryTextAnnotation.getCategoryAnchor,0,0,0
org.jfree.chart.renderer.xy.CandlestickRenderer.getVolumePaint,0,0,0
org.jfree.data.time.DynamicTimeSeriesCollection.advanceTime,14,0,14
org.jfree.chart.renderer.category.LineAndShapeRenderer.setUseOutlinePaint,0,0,0
org.jfree.chart.needle.LineNeedle.<init>,0,0,0
org.jfree.chart.renderer.category.LevelRenderer.getItemMiddle,0,0,0
org.jfree.chart.plot.Plot.setOutlineVisible,0,0,0
org.jfree.data.category.DefaultIntervalCategoryDataset.getColumnIndex,0,0,0
org.jfree.chart.util.AttrStringUtils.isHorizontalLeft,10,0,10
org.jfree.chart.plot.CompassPlot.getDrawBorder,0,0,0
org.jfree.chart.annotations.CategoryTextAnnotation.getValue,0,0,0
org.jfree.chart.renderer.xy.XYShapeRenderer.<init>,0,0,0
org.jfree.chart.renderer.xy.XYLineAndShapeRenderer.drawFirstPassShape,0,0,0
org.jfree.chart.plot.Plot.setBackgroundImageAlpha,3,3,6
org.jfree.data.Range.combineIgnoringNaN,4,10,14
org.jfree.data.category.DefaultIntervalCategoryDataset.getColumnKey,0,0,0
org.jfree.data.KeyedObjects.setObject,0,2,2
org.jfree.data.xy.CategoryTableXYDataset.clear,0,0,0
org.jfree.chart.plot.DefaultDrawingSupplier.getNextPaint,0,0,0
org.jfree.chart.axis.NumberAxis.draw,2,2,4
org.jfree.chart.renderer.xy.XYStepAreaRenderer.clone,0,0,0
org.jfree.chart.renderer.xy.StackedXYAreaRenderer2.clone,0,0,0
org.jfree.chart.plot.FastScatterPlot.getData,0,0,0
org.jfree.chart.annotations.XYTitleAnnotation.getTitleAnchor,0,0,0
org.jfree.chart.plot.ThermometerPlot.<clinit>,0,0,0
org.jfree.data.function.NormalDistributionFunction2D.getMean,0,0,0
org.jfree.chart.axis.TickUnit.getSize,0,0,0
org.jfree.chart.plot.PiePlot.setDefaultSectionOutlinePaint,0,0,0
org.jfree.chart.plot.IntervalMarker.<init>,0,0,0
org.jfree.chart.renderer.category.IntervalBarRenderer.drawItem,1,1,2
org.jfree.chart.renderer.LookupPaintScale.equals,2,10,12
org.jfree.data.xy.XYDataItem.equals,3,5,8
org.jfree.data.time.MovingAverage.createMovingAverage,31,15,46
org.jfree.chart.plot.SpiderWebPlot.getBaseSeriesOutlinePaint,0,0,0
org.jfree.chart.title.TextTitle.arrange,22,6,28
org.jfree.chart.title.ImageTitle.drawVertical,10,0,10
org.jfree.data.statistics.BoxAndWhiskerItem.getMedian,0,0,0
org.jfree.chart.ui.ApplicationFrame.windowOpened,0,0,0
org.jfree.data.xy.WindDataItem.<init>,0,0,0
org.jfree.chart.axis.MarkerAxisBand.hashCode,0,0,0
org.jfree.chart.renderer.AbstractRenderer.getNegativeItemLabelPosition,0,0,0
org.jfree.data.general.DatasetChangeEvent.<init>,0,0,0
org.jfree.chart.ui.TextAnchor.isBaseline,2,4,6
org.jfree.chart.plot.ThermometerPlot.equals,10,42,52
org.jfree.chart.axis.CategoryLabelWidthType.equals,1,5,6
org.jfree.chart.renderer.WaferMapRenderer.<init>,6,0,6
org.jfree.data.statistics.SimpleHistogramDataset.<init>,0,0,0
org.jfree.chart.axis.AxisLocation.getOpposite,8,0,8
org.jfree.data.xy.VectorSeries.getYValue,0,0,0
org.jfree.chart.plot.PiePlot.getArcBounds,1,1,2
org.jfree.chart.title.PaintScaleLegend.setBackgroundPaint,0,0,0
org.jfree.data.xy.XYSeries.getRawDataItem,0,0,0
org.jfree.chart.plot.dial.StandardDialScale.getMajorTickPaint,0,0,0
org.jfree.data.xy.DefaultIntervalXYDataset.getStartY,0,0,0
org.jfree.data.xy.DefaultIntervalXYDataset.getStartX,0,0,0
org.jfree.chart.labels.MultipleXYSeriesLabelGenerator.<init>,0,0,0
org.jfree.chart.StandardChartTheme.setErrorIndicatorPaint,0,0,0
org.jfree.data.xy.XYSeriesCollection.<init>,0,2,2
org.jfree.chart.needle.MiddlePinNeedle.hashCode,0,0,0
org.jfree.chart.block.ColumnArrangement.clear,0,0,0
org.jfree.chart.axis.AxisSpace.add,3,5,8
org.jfree.chart.annotations.XYTextAnnotation.equals,1,27,28
org.jfree.chart.renderer.category.GanttRenderer.<init>,0,0,0
org.jfree.chart.plot.dial.DialPointer$Pin.getStroke,0,0,0
org.jfree.chart.plot.dial.ArcDialFrame.hashCode,0,0,0
org.jfree.data.statistics.DefaultBoxAndWhiskerXYDataset.getItemCount,0,0,0
org.jfree.data.jdbc.JDBCPieDataset.<init>,2,0,2
org.jfree.chart.plot.PiePlot.setSectionOutlineStroke,0,0,0
org.jfree.chart.labels.ItemLabelPosition.getTextAnchor,0,0,0
org.jfree.chart.renderer.xy.HighLowRenderer.getDrawOpenTicks,0,0,0
org.jfree.chart.title.Title.setNotify,2,0,2
org.jfree.data.time.TimeTableXYDataset.getStartX,0,0,0
org.jfree.data.time.TimeTableXYDataset.getStartY,0,0,0
org.jfree.data.KeyedObjects.getKeys,2,0,2
org.jfree.data.time.Millisecond.hashCode,0,0,0
org.jfree.chart.labels.BoxAndWhiskerToolTipGenerator.createItemArray,2,0,2
org.jfree.chart.plot.Crosshair.setLabelGenerator,0,0,0
org.jfree.chart.editor.DefaultValueAxisEditor.getMaximumValue,0,0,0
org.jfree.chart.renderer.xy.HighLowRenderer.setCloseTickPaint,0,0,0
org.jfree.chart.renderer.category.AreaRenderer.clone,0,0,0
org.jfree.chart.renderer.xy.AbstractXYItemRenderer.moveTo,0,0,0
org.jfree.data.general.DefaultHeatMapDataset.getMinimumYValue,0,0,0
org.jfree.chart.plot.XYPlot.getDomainCrosshairPaint,0,0,0
org.jfree.data.ComparableObjectSeries.delete,2,0,2
org.jfree.chart.plot.Marker.getListeners,0,0,0
org.jfree.chart.annotations.XYTextAnnotation.getTextAnchor,0,0,0
org.jfree.data.xy.DefaultOHLCDataset.getOpen,0,0,0
org.jfree.chart.renderer.category.CategoryItemRendererState.getBarWidth,0,0,0
org.jfree.chart.plot.CombinedRangeXYPlot.calculateAxisSpace,12,8,20
org.jfree.data.xy.DefaultTableXYDataset.removeAllValuesForX,0,2,2
org.jfree.chart.plot.XYPlot.writeObject,0,2,2
org.jfree.data.time.DynamicTimeSeriesCollection.offsetFromNewest,0,0,0
org.jfree.chart.plot.PolarPlot.clearCornerTextItems,2,0,2
org.jfree.data.xy.CategoryTableXYDataset.getDomainLowerBound,0,0,0
org.jfree.chart.ChartFactory.createRingChart,6,0,6
org.jfree.chart.renderer.xy.XYErrorRenderer.setErrorStroke,0,0,0
org.jfree.chart.renderer.GrayPaintScale.hashCode,0,0,0
org.jfree.data.time.TimePeriodValues.getDataItem,0,0,0
org.jfree.chart.plot.XYPlot.drawZeroDomainBaseline,3,1,4
org.jfree.data.DomainOrder.<clinit>,0,0,0
org.jfree.data.Range.expandToInclude,2,4,6
org.jfree.chart.renderer.xy.XYShapeRenderer.isGuideLinesVisible,0,0,0
org.jfree.chart.axis.SymbolAxis.refreshTicksHorizontal,20,0,20
org.jfree.chart.renderer.xy.AbstractXYItemRenderer.removeAnnotations,4,0,4
org.jfree.data.time.TimeSeries.getItemCount,0,0,0
org.jfree.chart.text.TextBox.getOutlineStroke,0,0,0
org.jfree.data.general.WaferMapDataset.isMaxValue,2,0,2
org.jfree.chart.plot.PiePlot.getLabelBackgroundPaint,0,0,0
org.jfree.chart.block.CenterArrangement.arrange,22,2,24
org.jfree.data.time.DateRange.toString,0,0,0
org.jfree.chart.renderer.xy.XYSplineRenderer.solveTridiag,4,0,4
org.jfree.data.time.ohlc.OHLCSeriesCollection.clone,0,0,0
org.jfree.chart.ChartPanel.setZoomTriggerDistance,0,0,0
org.jfree.chart.plot.PiePlotState.setLinkArea,0,0,0
org.jfree.chart.renderer.xy.XYShapeRenderer.setPaintScale,0,0,0
org.jfree.chart.editor.DefaultTitleEditor.getTitleText,0,0,0
org.jfree.data.statistics.DefaultBoxAndWhiskerXYDataset.getMinOutlier,1,1,2
org.jfree.chart.block.CenterArrangement.<init>,0,0,0
org.jfree.chart.plot.PolarPlot.<clinit>,0,0,0
org.jfree.chart.annotations.XYBoxAnnotation.readObject,0,0,0
org.jfree.chart.renderer.AbstractRenderer.getSeriesStroke,0,0,0
org.jfree.chart.ChartMouseEvent.<init>,0,0,0
org.jfree.chart.renderer.category.StatisticalLineAndShapeRenderer.setErrorIndicatorPaint,0,0,0
org.jfree.data.time.Millisecond.peg,0,0,0
org.jfree.chart.entity.CategoryItemEntity.setRowKey,0,0,0
org.jfree.chart.renderer.AbstractRenderer.notifyListeners,1,3,4
org.jfree.data.time.Week.peg,0,0,0
org.jfree.chart.editor.DefaultNumberAxisEditor.actionPerformed,2,0,2
org.jfree.chart.plot.ThermometerPlot.setValueFont,1,1,2
org.jfree.data.general.Series.addVetoableChangeListener,0,0,0
org.jfree.chart.LegendItem.getOutlinePaint,0,0,0
org.jfree.data.time.TimePeriodValues.getMinStartIndex,0,0,0
org.jfree.chart.entity.ChartEntity.writeObject,0,0,0
org.jfree.chart.annotations.XYPointerAnnotation.hashCode,0,0,0
org.jfree.chart.StandardChartTheme.applyToBlock,4,0,4
org.jfree.chart.annotations.CategoryTextAnnotation.equals,2,10,12
org.jfree.chart.plot.XYPlot.getRangeGridlineStroke,0,0,0
org.jfree.chart.plot.dial.DialValueIndicator.hashCode,0,0,0
org.jfree.chart.editor.DefaultLogAxisEditor.validateTickUnit,2,0,2
org.jfree.chart.PolarChartPanel.getPopupMenuItem,8,0,8
org.jfree.chart.labels.SymbolicXYItemLabelGenerator.round,2,0,2
org.jfree.chart.JFreeChart.addLegend,0,0,0
org.jfree.data.statistics.BoxAndWhiskerItem.getMinOutlier,0,0,0
org.jfree.chart.ui.FontDisplayField.fontToString,2,0,2
org.jfree.chart.renderer.xy.XYShapeRenderer.getPaintScale,0,0,0
org.jfree.data.gantt.SlidingGanttCategoryDataset.getSubIntervalCount,2,0,2
org.jfree.chart.plot.dial.StandardDialScale.setFirstTickLabelVisible,0,0,0
org.jfree.data.xy.XYBarDataset.<init>,0,0,0
org.jfree.chart.plot.CategoryPlot.setDrawSharedDomainAxis,0,0,0
org.jfree.chart.plot.Plot.resolveRangeAxisLocation,15,11,26
org.jfree.chart.renderer.category.BoxAndWhiskerRenderer.initialise,5,7,12
org.jfree.data.time.Month.getYear,0,0,0
org.jfree.chart.renderer.Outlier.toString,0,0,0
org.jfree.chart.title.LegendItemBlockContainer.draw,1,3,4
org.jfree.chart.StandardChartTheme.applyToCategoryItemRenderer,3,5,8
org.jfree.chart.renderer.LookupPaintScale.add,0,2,2
org.jfree.chart.needle.MeterNeedle.getFillPaint,0,0,0
org.jfree.chart.plot.PieLabelRecord.setAllocatedY,0,0,0
org.jfree.chart.plot.MultiplePiePlot.clone,0,0,0
org.jfree.chart.renderer.xy.StandardXYItemRenderer.setPlotImages,1,1,2
org.jfree.chart.axis.Tick.toString,0,0,0
org.jfree.chart.plot.MeterPlot.fillArc,8,4,12
org.jfree.chart.renderer.category.AbstractCategoryItemRenderer.getSeriesItemURLGenerator,0,2,2
org.jfree.data.time.Week.next,2,4,6
org.jfree.chart.editor.DefaultAxisEditor.getLabelFont,0,0,0
org.jfree.chart.plot.XYPlot.getRendererCount,0,0,0
org.jfree.chart.annotations.AbstractAnnotation.hasListener,0,0,0
org.jfree.data.statistics.HistogramDataset.clone,0,2,2
org.jfree.chart.plot.PiePlot.getSimpleLabels,0,0,0
org.jfree.chart.plot.dial.StandardDialScale.getMajorTickLength,0,0,0
org.jfree.chart.title.Title.<init>,0,0,0
org.jfree.chart.renderer.category.StatisticalBarRenderer.writeObject,0,0,0
org.jfree.chart.plot.PiePlotState.getLatestAngle,0,0,0
org.jfree.chart.renderer.AbstractRenderer.setDefaultStroke,1,1,2
org.jfree.chart.renderer.xy.GradientXYBarPainter.<init>,0,0,0
org.jfree.chart.axis.PeriodAxis.<init>,0,0,0
org.jfree.chart.ui.Layer.toString,0,0,0
org.jfree.chart.plot.DefaultDrawingSupplier.equals,1,23,24
org.jfree.data.statistics.DefaultMultiValueCategoryDataset.equals,2,2,4
org.jfree.chart.needle.MeterNeedle.getRotateY,0,0,0
org.jfree.chart.needle.MeterNeedle.getRotateX,0,0,0
org.jfree.chart.renderer.xy.XYShapeRenderer.setUseFillPaint,0,0,0
org.jfree.chart.needle.PointerNeedle.<init>,0,0,0
org.jfree.chart.annotations.TextAnnotation.<init>,0,0,0
org.jfree.chart.annotations.XYPointerAnnotation.<init>,0,0,0
org.jfree.data.time.ohlc.OHLC.equals,2,10,12
org.jfree.data.category.DefaultCategoryDataset.addValue,0,0,0
org.jfree.chart.block.BlockBorder.getPaint,0,0,0
org.jfree.data.time.ohlc.OHLCSeries.getDataItem,0,0,0
org.jfree.chart.plot.SeriesRenderingOrder.readResolve,2,2,4
org.jfree.chart.plot.XYPlot.setDatasetRenderingOrder,0,0,0
org.jfree.chart.editor.DefaultPlotEditor.getOutlinePaint,0,0,0
org.jfree.data.KeyedObjects.getObject,1,3,4
org.jfree.chart.axis.CategoryLabelPositions.equals,2,10,12
org.jfree.data.time.Month.previous,1,3,4
org.jfree.data.time.Quarter.hashCode,0,0,0
org.jfree.chart.axis.Axis.getTickMarkPaint,0,0,0
org.jfree.chart.renderer.xy.CandlestickRenderer.getAutoWidthFactor,0,0,0
org.jfree.chart.plot.ThermometerPlot.getUpperBound,0,0,0
org.jfree.chart.LegendItem.getDatasetIndex,0,0,0
org.jfree.chart.plot.FastScatterPlot.<clinit>,0,0,0
org.jfree.data.statistics.DefaultBoxAndWhiskerCategoryDataset.equals,2,2,4
org.jfree.data.category.CategoryToPieDataset.getExtractType,0,0,0
org.jfree.chart.plot.MeterInterval.readObject,0,0,0
org.jfree.chart.plot.AbstractPieLabelDistributor.getItemCount,0,0,0
org.jfree.chart.renderer.category.MinMaxCategoryRenderer.getObjectIcon,0,0,0
org.jfree.chart.StandardChartTheme.getGridBandPaint,0,0,0
org.jfree.chart.plot.Crosshair.setVisible,0,0,0
org.jfree.chart.plot.Crosshair.getPaint,0,0,0
org.jfree.data.statistics.Statistics.getCorrelation,3,5,8
org.jfree.chart.renderer.xy.CyclicXYItemRenderer$OverwriteDataSet.indexOf,0,0,0
org.jfree.data.category.DefaultIntervalCategoryDataset.generateKeys,0,2,2
org.jfree.chart.JFreeChart.equals,3,27,30
org.jfree.chart.block.AbstractBlock.getID,0,0,0
org.jfree.data.time.TimeSeries.getValue,0,2,2
org.jfree.chart.renderer.AbstractRenderer.lookupLegendTextPaint,1,1,2
org.jfree.chart.plot.PieLabelRecord.getAllocatedY,0,0,0
org.jfree.chart.plot.PolarPlot.setRadiusGridlinesVisible,1,1,2
org.jfree.chart.renderer.xy.DeviationRenderer.drawItem,24,0,24
org.jfree.chart.plot.MeterPlot.drawArc,2,2,4
org.jfree.data.statistics.DefaultMultiValueCategoryDataset.getRowIndex,0,0,0
org.jfree.chart.title.LegendTitle.draw,5,9,14
org.jfree.chart.PolarChartPanel.<init>,0,0,0
org.jfree.chart.axis.Axis.setLabelPaint,0,0,0
org.jfree.chart.plot.CategoryPlot.getRangeAxisForDataset,0,2,2
org.jfree.chart.renderer.xy.XYBarRenderer.writeObject,0,0,0
org.jfree.chart.block.LabelBlock.<init>,0,0,0
org.jfree.chart.renderer.category.GanttRenderer.drawTask,24,12,36
org.jfree.chart.needle.MeterNeedle.getHighlightPaint,0,0,0
org.jfree.chart.plot.SpiderWebPlot.setDirection,0,0,0
org.jfree.data.xy.XYSeriesCollection.getSeriesKey,0,0,0
org.jfree.chart.renderer.xy.XYSplineRenderer$XYSplineState.<init>,0,0,0
org.jfree.chart.plot.dial.StandardDialFrame.clone,0,0,0
org.jfree.chart.plot.PolarAxisLocation.<init>,0,0,0
org.jfree.chart.plot.PlotRenderingInfo.writeObject,0,0,0
org.jfree.chart.renderer.DefaultPolarItemRenderer.setSeriesFilled,0,0,0
org.jfree.chart.labels.ItemLabelPosition.getAngle,0,0,0
org.jfree.chart.entity.PieSectionEntity.setDataset,0,0,0
org.jfree.chart.plot.CategoryPlot.cloneMarkerMap,1,1,2
org.jfree.chart.StandardChartTheme.getItemLabelPaint,0,0,0
org.jfree.chart.plot.XYPlot.setDomainCrosshairValue,3,1,4
org.jfree.chart.block.LineBorder.getPaint,0,0,0
org.jfree.data.time.TimeSeries.updateMinMaxYByIteration,0,2,2
org.jfree.data.KeyedObjects.clone,0,2,2
org.jfree.data.general.DefaultHeatMapDataset.getYValue,0,0,0
org.jfree.chart.title.Title.getVerticalAlignment,0,0,0
org.jfree.chart.plot.PiePlotState.setPieWRadius,0,0,0
org.jfree.data.time.DynamicTimeSeriesCollection.getRangeUpperBound,2,0,2
org.jfree.chart.plot.XYPlot.getDatasetsMappedToDomainAxis,0,8,8
org.jfree.data.xy.IntervalXYDelegate.recalculateInterval,0,2,2
org.jfree.chart.renderer.category.BarRenderer.getDefaultShadowsVisible,0,0,0
org.jfree.data.xy.DefaultTableXYDataset.getStartY,0,0,0
org.jfree.chart.axis.ValueAxis.getDefaultAutoRange,0,0,0
org.jfree.chart.renderer.AbstractRenderer.hasListener,0,0,0
org.jfree.data.xy.DefaultTableXYDataset.getStartX,0,0,0
org.jfree.chart.plot.PiePlotState.getPieWRadius,0,0,0
org.jfree.data.xml.PieDatasetHandler.addItem,0,0,0
org.jfree.chart.axis.CategoryAxis.calculateTextBlockHeight,0,0,0
org.jfree.chart.ChartPanel.mouseReleased,36,0,36
org.jfree.chart.renderer.category.LayeredBarRenderer.<init>,0,0,0
org.jfree.chart.plot.dial.DialTextAnnotation.writeObject,0,0,0
org.jfree.chart.plot.dial.StandardDialScale.setMinorTickLength,1,1,2
org.jfree.data.jdbc.JDBCXYDataset.isTimeSeries,0,0,0
org.jfree.chart.plot.Marker.getOutlinePaint,0,0,0
org.jfree.chart.event.TitleChangeEvent.<init>,0,0,0
org.jfree.chart.renderer.category.GradientBarPainter.splitHorizontalBar,0,0,0
org.jfree.chart.plot.DialShape.hashCode,0,0,0
org.jfree.chart.title.PaintScaleLegend.getScale,0,0,0
org.jfree.chart.plot.CategoryPlot.datasetsMappedToRangeAxis,0,8,8
org.jfree.data.xy.YIntervalSeriesCollection.getStartYValue,0,0,0
org.jfree.chart.plot.CombinedDomainXYPlot.setFixedRangeAxisSpaceForSubplots,0,2,2
org.jfree.chart.util.LineUtils.<init>,0,0,0
org.jfree.chart.renderer.AbstractRenderer.setDefaultItemLabelsVisible,1,1,2
org.jfree.chart.renderer.xy.XYErrorRenderer.<init>,0,0,0
org.jfree.data.statistics.DefaultBoxAndWhiskerXYDataset.setOutlierCoefficient,0,0,0
org.jfree.data.function.LineFunction2D.equals,2,4,6
org.jfree.chart.renderer.xy.StandardXYItemRenderer.getPlotImages,0,0,0
org.jfree.data.statistics.HistogramBin.getEndBoundary,0,0,0
org.jfree.chart.plot.PolarAxisLocation.<clinit>,0,0,0
org.jfree.chart.urls.StandardXYURLGenerator.<init>,0,0,0
org.jfree.chart.plot.CombinedDomainXYPlot.plotChanged,0,0,0
org.jfree.chart.block.LineBorder.getStroke,0,0,0
org.jfree.chart.util.AbstractObjectList.clear,0,0,0
org.jfree.chart.editor.DefaultChartEditor.getTitleEditor,0,0,0
org.jfree.chart.labels.HighLowItemLabelGenerator.clone,2,2,4
org.jfree.data.statistics.Regression.getOLSRegression,2,6,8
org.jfree.data.time.ohlc.OHLCSeriesCollection.getLow,0,0,0
org.jfree.chart.plot.RingPlot.getSeparatorStroke,0,0,0
org.jfree.chart.renderer.category.LayeredBarRenderer.calculateBarWidth,5,5,10
org.jfree.chart.plot.SpiderWebPlot.getLabelGenerator,0,0,0
org.jfree.chart.annotations.TextAnnotation.hashCode,0,0,0
org.jfree.chart.renderer.category.AbstractCategoryItemRenderer.setLegendItemToolTipGenerator,0,0,0
org.jfree.chart.renderer.AbstractRenderer.setAutoPopulateSeriesStroke,0,0,0
org.jfree.data.time.TimePeriodAnchor.hashCode,0,0,0
org.jfree.chart.plot.XYPlot.setDomainCrosshairStroke,0,0,0
org.jfree.chart.renderer.category.LineAndShapeRenderer.getLegendItem,8,8,16
org.jfree.chart.renderer.xy.XYBlockRenderer.getBlockHeight,0,0,0
org.jfree.data.time.DynamicTimeSeriesCollection.invalidateRangeInfo,0,0,0
org.jfree.data.function.NormalDistributionFunction2D.hashCode,0,0,0
org.jfree.chart.annotations.XYTitleAnnotation.<init>,0,0,0
org.jfree.chart.renderer.category.BoxAndWhiskerRenderer.isMedianVisible,0,0,0
org.jfree.data.xy.XIntervalSeries.getX,0,0,0
org.jfree.chart.plot.XYPlot.clearAnnotations,2,0,2
org.jfree.chart.editor.DefaultAxisEditor.isTickLabelsVisible,0,0,0
org.jfree.chart.axis.CategoryAxis.getUpperMargin,0,0,0
org.jfree.chart.entity.ChartEntity.equals,2,8,10
org.jfree.chart.plot.CompassPlot.zoom,0,0,0
org.jfree.chart.PolarChartPanel.checkChart,2,0,2
org.jfree.chart.renderer.xy.CyclicXYItemRenderer$OverwriteDataSet.getSeriesKey,0,0,0
org.jfree.chart.ui.RectangleInsets.equals,4,10,14
org.jfree.chart.block.BorderArrangement.clear,0,0,0
org.jfree.chart.ui.VerticalAlignment.toString,0,0,0
org.jfree.chart.annotations.XYDataImageAnnotation.getY,0,0,0
org.jfree.chart.renderer.category.LevelRenderer.calculateBarW0,3,3,6
org.jfree.chart.axis.ModuloAxis.getDisplayCentralValue,0,0,0
org.jfree.chart.axis.DateAxis.setTickUnit,0,4,4
org.jfree.chart.annotations.XYDataImageAnnotation.getX,0,0,0
org.jfree.chart.plot.ThermometerPlot.setDataset,4,0,4
org.jfree.chart.ChartUtils.<init>,0,0,0
org.jfree.chart.panel.CrosshairOverlay.addDomainCrosshair,0,0,0
org.jfree.chart.plot.XYPlot.getDomainTickBandPaint,0,0,0
org.jfree.chart.renderer.AbstractRenderer.getItemStroke,0,0,0
org.jfree.chart.editor.DefaultChartEditor.<init>,2,0,2
org.jfree.chart.renderer.xy.XYBoxAndWhiskerRenderer.drawHighFarOut,0,0,0
org.jfree.data.xy.OHLCDataItem.getLow,0,0,0
org.jfree.chart.renderer.xy.StandardXYItemRenderer.setSeriesShapesFilled,0,0,0
org.jfree.data.DefaultKeyedValues2D.getColumnCount,0,0,0
org.jfree.chart.title.PaintScaleLegend.getAxisLocation,0,0,0
org.jfree.chart.plot.SpiderWebPlot.setLabelGenerator,0,0,0
org.jfree.chart.util.ShapeList.equals,2,6,8
org.jfree.chart.ui.LengthAdjustmentType.toString,0,0,0
org.jfree.data.general.DatasetUtils.findStackedRangeBounds,2,42,44
org.jfree.data.time.DynamicTimeSeriesCollection.findMaxValue,6,0,6
org.jfree.chart.ui.RectangleInsets.calculateBottomInset,1,1,2
org.jfree.chart.renderer.category.LineAndShapeRenderer.getDefaultLinesVisible,0,0,0
org.jfree.chart.axis.Axis.getLabelPaint,0,0,0
org.jfree.chart.labels.AbstractXYItemLabelGenerator.clone,2,6,8
org.jfree.chart.title.LegendGraphic.hashCode,0,0,0
org.jfree.chart.StandardChartTheme.getErrorIndicatorPaint,0,0,0
org.jfree.chart.axis.Axis.setTickMarkInsideLength,0,0,0
org.jfree.data.statistics.HistogramBin.getStartBoundary,0,0,0
org.jfree.chart.annotations.XYBoxAnnotation.writeObject,0,0,0
org.jfree.chart.axis.PeriodAxis.createInstance,0,0,0
org.jfree.chart.ChartPanel.setMaximumDrawWidth,0,0,0
org.jfree.chart.renderer.category.StatisticalLineAndShapeRenderer.findRangeBounds,0,0,0
org.jfree.chart.block.LabelBlock.setTextAnchor,0,0,0
org.jfree.data.xy.CategoryTableXYDataset.getIntervalWidth,0,0,0
org.jfree.chart.date.SpreadsheetDate.getMonth,0,0,0
org.jfree.chart.plot.FastScatterPlot.writeObject,0,0,0
org.jfree.data.DefaultKeyedValues.hashCode,2,0,2
org.jfree.chart.title.LegendTitle.getLegendItemGraphicLocation,0,0,0
org.jfree.chart.plot.CategoryMarker.setDrawAsLine,0,0,0
org.jfree.chart.ui.PaintSample.paintComponent,0,0,0
org.jfree.chart.labels.StandardCategoryToolTipGenerator.<init>,0,0,0
org.jfree.chart.plot.CompassPlot.setRevolutionDistance,2,0,2
org.jfree.chart.plot.dial.StandardDialRange.setInnerRadius,0,0,0
org.jfree.chart.block.AbstractBlock.clone,1,1,2
org.jfree.data.xy.DefaultWindDataset.getSeriesCount,0,0,0
org.jfree.chart.block.BlockBorder.draw,4,4,8
org.jfree.chart.JFreeChart.readObject,1,3,4
org.jfree.data.xy.XYSeries.addOrUpdate,5,13,18
org.jfree.chart.plot.PiePlot.setLabelLinkPaint,0,0,0
org.jfree.chart.plot.XYPlot.setDomainMinorGridlineStroke,0,0,0
org.jfree.chart.renderer.xy.XYShapeRenderer.findRangeBounds,1,3,4
org.jfree.data.xy.CategoryTableXYDataset.<init>,0,0,0
org.jfree.chart.needle.LineNeedle.hashCode,0,0,0
org.jfree.chart.plot.PiePlot.writeObject,0,0,0
org.jfree.chart.plot.Plot.fireChangeEvent,0,0,0
org.jfree.chart.block.ColorBlock.arrange,0,0,0
org.jfree.chart.editor.DefaultValueAxisEditor.<init>,4,0,4
org.jfree.chart.axis.CompassFormat.parse,0,0,0
org.jfree.chart.block.BorderArrangement.<clinit>,1,1,2
org.jfree.data.json.impl.JSONArray.<init>,0,0,0
org.jfree.chart.axis.CategoryAxis.setMaximumCategoryLabelWidthRatio,0,0,0
org.jfree.chart.axis.CategoryLabelPositions.createDownRotationLabelPositions,0,0,0
org.jfree.chart.util.HexNumberFormat.<init>,0,0,0
org.jfree.chart.renderer.xy.CyclicXYItemRenderer$OverwriteDataSet.<init>,2,0,2
org.jfree.chart.renderer.category.StandardBarPainter.equals,1,3,4
org.jfree.chart.renderer.xy.XYLineAndShapeRenderer.drawSecondaryPass,17,13,30
org.jfree.chart.plot.PiePlotState.setPieHRadius,0,0,0
org.jfree.chart.plot.XYPlot.getRangeAxisEdge,0,0,0
org.jfree.chart.plot.CompassPlot.<clinit>,0,0,0
org.jfree.data.statistics.SimpleHistogramDataset.getX,0,0,0
org.jfree.data.xy.DefaultTableXYDataset.getSeriesKey,0,0,0
org.jfree.data.statistics.SimpleHistogramDataset.getY,0,0,0
org.jfree.chart.renderer.DefaultPolarItemRenderer.addEntity,10,0,10
org.jfree.chart.axis.Axis.getMinorTickMarkInsideLength,0,0,0
org.jfree.chart.axis.NumberAxis.setAutoRangeStickyZero,2,2,4
org.jfree.data.xy.DefaultOHLCDataset.getSeriesKey,0,0,0
org.jfree.chart.plot.SpiderWebPlot.getDataset,0,0,0
org.jfree.chart.renderer.category.CategoryItemRendererState.setVisibleSeriesArray,0,0,0
org.jfree.chart.renderer.xy.SamplingXYLineRenderer.writeObject,0,0,0
org.jfree.chart.axis.Axis.getLabelLocation,0,0,0
org.jfree.chart.renderer.AbstractRenderer.getAutoPopulateSeriesPaint,0,0,0
org.jfree.chart.axis.NumberAxis.refreshTicksVertical,8,16,24
org.jfree.data.statistics.DefaultBoxAndWhiskerCategoryDataset.getValue,0,0,0
org.jfree.chart.plot.CategoryPlot.getDomainGridlineStroke,0,0,0
org.jfree.chart.ui.LengthAdjustmentType.readResolve,2,4,6
org.jfree.chart.renderer.category.LevelRenderer.hashCode,0,0,0
org.jfree.chart.plot.dial.DialValueIndicator.setPaint,0,0,0
org.jfree.chart.plot.SpiderWebPlot.setAxisLineStroke,0,0,0
org.jfree.data.xy.XYSeries.updateBoundsForAddedItem,0,2,2
org.jfree.chart.plot.Marker.getLabelOffset,0,0,0
org.jfree.data.time.TimeSeriesCollection.getSeriesIndex,0,4,4
org.jfree.chart.axis.NumberAxis.valueToJava2D,2,4,6
org.jfree.chart.renderer.xy.XYDifferenceRenderer.setPositivePaint,0,0,0
org.jfree.chart.plot.ThermometerPlot.getGap,0,0,0
org.jfree.data.time.TimeSeriesCollection.clone,0,0,0
org.jfree.data.time.Minute.getLastMillisecond,0,0,0
org.jfree.chart.StandardChartTheme.setItemLabelPaint,0,0,0
org.jfree.chart.renderer.xy.XYBarRenderer.getMargin,0,0,0
org.jfree.chart.block.LineBorder.getInsets,0,0,0
org.jfree.chart.plot.XYPlot.drawBackground,0,0,0
org.jfree.chart.util.LogFormat.<init>,0,0,0
org.jfree.chart.renderer.xy.GradientXYBarPainter.splitVerticalBar,0,0,0
org.jfree.chart.text.TextBox.setTextBlock,0,0,0
org.jfree.chart.plot.Plot.setChart,0,0,0
org.jfree.chart.axis.Tick.getText,0,0,0
org.jfree.data.function.PolynomialFunction2D.getCoefficients,0,0,0
org.jfree.chart.renderer.xy.StandardXYItemRenderer.setGapThreshold,0,0,0
org.jfree.chart.axis.DateAxis.createStandardDateTickUnits,0,0,0
org.jfree.chart.plot.CategoryPlot.removeDomainMarker,6,2,8
org.jfree.chart.util.StrokeList.hashCode,0,0,0
org.jfree.chart.plot.PiePlotState.setLatestAngle,0,0,0
org.jfree.chart.ChartFactory.createPolarChart,0,0,0
org.jfree.chart.ui.FontChooserPanel.getSelectedFont,0,0,0
org.jfree.chart.panel.AbstractOverlay.notifyListeners,3,1,4
org.jfree.data.jdbc.JDBCCategoryDataset.getTranspose,0,0,0
org.jfree.chart.plot.dial.ArcDialFrame.setForegroundPaint,0,0,0
org.jfree.chart.ChartRenderingInfo.<init>,0,0,0
org.jfree.chart.plot.dial.ArcDialFrame.readObject,0,0,0
org.jfree.chart.renderer.xy.XYDifferenceRenderer.clone,0,0,0
org.jfree.chart.plot.PiePlot.getLabelFont,0,0,0
org.jfree.chart.StandardChartTheme.setXYBarPainter,0,0,0
org.jfree.chart.plot.dial.DialPlot.getScaleForDataset,2,0,2
org.jfree.chart.renderer.xy.XYShapeRenderer.getDrawOutlines,0,0,0
org.jfree.data.jdbc.JDBCXYDataset.getRangeBounds,0,0,0
org.jfree.chart.plot.CombinedDomainXYPlot.zoomRangeAxes,8,0,8
org.jfree.chart.renderer.xy.XYErrorRenderer.getErrorStroke,0,0,0
org.jfree.chart.axis.AxisState.getCursor,0,0,0
org.jfree.data.time.Year.next,0,2,2
org.jfree.chart.renderer.category.StandardBarPainter.createShadow,16,0,16
org.jfree.chart.renderer.AbstractRenderer.getDefaultEntityRadius,0,0,0
org.jfree.chart.renderer.xy.XYStepAreaRenderer.restrictValueToDataArea,5,3,8
org.jfree.chart.ui.Align.align,12,0,12
org.jfree.chart.plot.PiePlot3D.draw,19,35,54
org.jfree.chart.util.XYCoordinateType.toString,0,0,0
org.jfree.chart.renderer.xy.XYSplineRenderer.initialise,0,0,0
org.jfree.data.xy.XYIntervalSeriesCollection.getSeriesKey,0,0,0
org.jfree.chart.axis.CategoryAxis.setTickLabelFont,0,2,2
org.jfree.chart.util.ShapeUtils.createDiamond,0,0,0
org.jfree.chart.block.RectangleConstraint.<clinit>,0,0,0
org.jfree.chart.annotations.XYTextAnnotation.setOutlineStroke,0,0,0
org.jfree.chart.renderer.xy.XYBoxAndWhiskerRenderer.lookupBoxPaint,1,1,2
org.jfree.data.time.Minute.next,1,3,4
org.jfree.chart.ChartPanel.setMaximumDrawHeight,0,0,0
org.jfree.chart.plot.Plot.setNoDataMessageFont,0,0,0
org.jfree.chart.util.DefaultShadowGenerator.getShadowColor,0,0,0
org.jfree.data.xy.XYSeries.getDataItem,0,0,0
org.jfree.data.general.DatasetUtils.calculateStackTotal,4,0,4
org.jfree.data.time.TimePeriodValues.getItemCount,0,0,0
org.jfree.chart.renderer.category.GanttRenderer.drawTasks,34,2,36
org.jfree.data.time.DynamicTimeSeriesCollection.getStartX,0,0,0
org.jfree.data.xy.MatrixSeriesCollection.clone,0,0,0
org.jfree.data.time.DynamicTimeSeriesCollection.getStartY,0,0,0
org.jfree.data.xml.KeyHandler.clearCurrentText,0,0,0
org.jfree.chart.util.RelativeDateFormat.equals,5,25,30
org.jfree.chart.util.SerialUtils.readShape,5,19,24
org.jfree.chart.axis.LogTick.getAttributedLabel,0,0,0
org.jfree.chart.needle.PlumNeedle.equals,3,3,6
org.jfree.chart.plot.CompassPlot.setDrawBorder,0,0,0
org.jfree.chart.plot.CategoryPlot.setRenderers,2,0,2
org.jfree.data.xy.XYIntervalSeries.getDataItem,0,0,0
org.jfree.chart.LegendItem.setShape,0,0,0
org.jfree.chart.axis.AxisSpace.getLeft,0,0,0
org.jfree.chart.renderer.xy.StackedXYAreaRenderer$StackedXYAreaRendererState.getLastSeriesPoints,0,0,0
org.jfree.chart.needle.ShipNeedle.clone,0,0,0
org.jfree.chart.axis.Axis.setLabel,0,0,0
org.jfree.chart.LegendItem.getDataset,0,0,0
org.jfree.chart.plot.PolarPlot.setAxisLocation,2,0,2
org.jfree.chart.ChartTransferable.isDataFlavorSupported,0,0,0
org.jfree.chart.renderer.xy.StandardXYItemRenderer.getPlotDiscontinuous,0,0,0
org.jfree.chart.ChartPanel.isDomainZoomable,0,0,0
org.jfree.chart.renderer.category.GanttRenderer.setEndPercent,0,0,0
org.jfree.chart.axis.ModuloAxis.java2DToValue,2,0,2
org.jfree.chart.ChartPanel.saveAsPDF,14,0,14
org.jfree.chart.renderer.DefaultPolarItemRenderer.setConnectFirstAndLastPoint,0,0,0
org.jfree.data.xy.AbstractIntervalXYDataset.getEndYValue,0,2,2
org.jfree.chart.labels.AbstractCategoryItemLabelGenerator.equals,2,8,10
org.jfree.chart.renderer.AbstractRenderer.setSeriesOutlineStroke,1,1,2
org.jfree.chart.needle.PointerNeedle.hashCode,0,0,0
org.jfree.chart.plot.CategoryMarker.<init>,0,0,0
org.jfree.chart.axis.CategoryAxis.calculateTextBlockWidth,0,0,0
org.jfree.data.category.CategoryToPieDataset.getIndex,3,3,6
org.jfree.data.time.TimePeriodValuesCollection.getDomainBounds,5,7,12
org.jfree.data.time.TimePeriodAnchor.<clinit>,0,0,0
org.jfree.chart.ui.HorizontalAlignment.readResolve,1,5,6
org.jfree.data.gantt.SlidingGanttCategoryDataset.getUnderlyingDataset,0,0,0
org.jfree.data.xy.DefaultWindDataset.equals,3,5,8
org.jfree.chart.plot.CombinedRangeXYPlot.isDomainPannable,4,0,4
org.jfree.chart.editor.DefaultValueAxisEditor.focusLost,4,0,4
org.jfree.chart.renderer.xy.ClusteredXYBarRenderer.drawItem,50,0,50
org.jfree.chart.plot.dial.DialValueIndicator.<init>,0,0,0
org.jfree.chart.plot.dial.StandardDialScale.getFirstTickLabelVisible,0,0,0
org.jfree.chart.needle.LongNeedle.drawNeedle,12,0,12
org.jfree.chart.imagemap.StandardURLTagFragmentGenerator.generateURLFragment,0,0,0
org.jfree.chart.title.LegendTitle.getWrapper,0,0,0
org.jfree.chart.panel.CrosshairOverlay.clearDomainCrosshairs,4,0,4
org.jfree.chart.block.EmptyBlock.clone,0,0,0
org.jfree.chart.renderer.xy.XYBlockRenderer.setBlockHeight,1,1,2
org.jfree.data.ComparableObjectSeries.add,4,16,20
org.jfree.chart.LegendItem.getAttributedLabel,0,0,0
org.jfree.data.xy.XYDataItem.<init>,0,0,0
org.jfree.chart.renderer.Outlier.compareTo,6,0,6
org.jfree.chart.annotations.XYTextAnnotation.getOutlinePaint,0,0,0
org.jfree.data.statistics.DefaultBoxAndWhiskerCategoryDataset.getMeanValue,2,2,4
org.jfree.chart.plot.DefaultDrawingSupplier.getNextOutlinePaint,0,0,0
org.jfree.data.general.DatasetUtils.findDomainBounds,0,4,4
org.jfree.chart.needle.MeterNeedle.setOutlineStroke,1,1,2
org.jfree.chart.labels.HighLowItemLabelGenerator.equals,2,6,8
org.jfree.data.general.WaferMapDataset.<init>,2,0,2
org.jfree.chart.axis.AxisLabelLocation.toString,0,0,0
org.jfree.chart.plot.CategoryPlot.getRangeZeroBaselineStroke,0,0,0
org.jfree.chart.entity.TitleEntity.toString,0,0,0
org.jfree.chart.axis.CategoryAxis.setUpperMargin,0,0,0
org.jfree.chart.LegendItem.setDataset,0,0,0
org.jfree.chart.renderer.xy.XYDotRenderer.drawItem,8,0,8
org.jfree.chart.plot.dial.DialCap.equals,1,11,12
org.jfree.chart.plot.dial.StandardDialFrame.getBackgroundPaint,0,0,0
org.jfree.chart.plot.CombinedRangeXYPlot.findSubplot,2,0,2
org.jfree.chart.renderer.category.BarRenderer.getBarPainter,0,0,0
org.jfree.chart.axis.Axis.setTickLabelsVisible,1,1,2
org.jfree.chart.title.TextTitle.writeObject,0,0,0
org.jfree.chart.axis.ModuloAxis.equals,4,6,10
org.jfree.chart.plot.FastScatterPlot.calculateXDataRange,2,8,10
org.jfree.chart.plot.PiePlot.getLabelShadowPaint,0,0,0
org.jfree.chart.annotations.TextAnnotation.setText,0,0,0
org.jfree.chart.plot.dial.StandardDialRange.setLowerBound,1,1,2
org.jfree.chart.renderer.category.AbstractCategoryItemRenderer.getDomainAxis,1,1,2
org.jfree.chart.block.BlockContainer.draw,1,11,12
org.jfree.chart.renderer.category.AreaRenderer.drawItem,32,0,32
org.jfree.data.DataUtils.<init>,0,0,0
org.jfree.chart.labels.AbstractCategoryItemLabelGenerator.generateLabelString,0,0,0
org.jfree.chart.LegendItem.getSeriesIndex,0,0,0
org.jfree.data.general.DatasetUtils.isEmptyOrNull,6,22,28
org.jfree.data.time.TimeSeriesCollection.getY,0,0,0
org.jfree.data.xy.DefaultHighLowDataset.getHigh,0,0,0
org.jfree.chart.needle.MeterNeedle.writeObject,0,0,0
org.jfree.data.DomainOrder.<init>,0,0,0
org.jfree.chart.axis.CategoryAxis.clearCategoryLabelToolTips,0,0,0
org.jfree.chart.renderer.GrayPaintScale.getAlpha,0,0,0
org.jfree.data.statistics.HistogramBin.getBinWidth,0,0,0
org.jfree.data.time.TimeSeries.maxIgnoreNaN,0,4,4
org.jfree.chart.plot.dial.StandardDialFrame.setBackgroundPaint,0,0,0
org.jfree.chart.text.TextBox.hashCode,16,0,16
org.jfree.chart.ChartFactory.createBarChart,1,7,8
org.jfree.chart.axis.ValueAxis.setFixedAutoRange,1,1,2
org.jfree.data.time.TimeSeriesCollection.getX,3,3,6
org.jfree.chart.axis.ValueAxis.getRightArrow,0,0,0
org.jfree.chart.axis.PeriodAxis.autoAdjustRange,5,1,6
org.jfree.chart.renderer.AreaRendererEndType.toString,0,0,0
org.jfree.chart.plot.XYPlot.getRangeMarkers,1,5,6
org.jfree.chart.event.ChartProgressEvent.<init>,0,0,0
org.jfree.chart.plot.ThermometerPlot.getLowerBound,0,0,0
org.jfree.chart.util.ObjectUtils.hashCode,0,2,2
org.jfree.chart.renderer.xy.VectorRenderer.findDomainBounds,14,0,14
org.jfree.chart.util.Rotation.<clinit>,0,0,0
org.jfree.chart.renderer.category.StatisticalBarRenderer.drawVerticalItem,29,15,44
org.jfree.chart.util.ResourceBundleWrapper.getBundle,3,1,4
org.jfree.chart.plot.CombinedRangeCategoryPlot.handleClick,4,0,4
org.jfree.chart.util.LogFormat.calculateLog,0,0,0
org.jfree.chart.ui.LengthAdjustmentType.<init>,0,0,0
org.jfree.chart.annotations.CategoryPointerAnnotation.<init>,0,0,0
org.jfree.data.general.DefaultPieDataset.insertValue,0,0,0
org.jfree.chart.JFreeChart.createAlignedRectangle2D,6,6,12
org.jfree.data.time.TimePeriodValuesCollection.getXPosition,0,0,0
org.jfree.chart.plot.PieLabelDistributor.sort,0,0,0
org.jfree.chart.plot.dial.DialValueIndicator.setBackgroundPaint,0,0,0
org.jfree.chart.entity.LegendItemEntity.setDataset,0,0,0
org.jfree.chart.plot.FastScatterPlot.panDomainAxes,6,0,6
org.jfree.data.statistics.SimpleHistogramDataset.getXValue,0,0,0
org.jfree.data.xy.XYBarDataset.getSeriesKey,0,0,0
org.jfree.chart.plot.PiePlot.setSimpleLabels,0,0,0
org.jfree.chart.renderer.xy.XYStepAreaRenderer.getShapesVisible,0,0,0
org.jfree.data.xy.DefaultTableXYDataset.setIntervalWidth,0,0,0
org.jfree.chart.renderer.AreaRendererEndType.<clinit>,0,0,0
org.jfree.chart.StrokeMap.equals,0,10,10
org.jfree.chart.editor.DefaultPlotEditor.createPlotTabs,14,0,14
org.jfree.data.time.DynamicTimeSeriesCollection.getSeriesCount,0,0,0
org.jfree.data.xy.XIntervalSeriesCollection.getStartY,0,0,0
org.jfree.chart.axis.AxisLocation.<init>,0,0,0
org.jfree.chart.annotations.CategoryPointerAnnotation.setArrowLength,0,0,0
org.jfree.data.xy.XIntervalSeriesCollection.getStartX,0,0,0
org.jfree.data.general.DefaultHeatMapDataset.clone,0,0,0
org.jfree.chart.plot.XYPlot.getRendererForDataset,0,4,4
org.jfree.chart.axis.CategoryLabelPositions.getLabelPosition,4,4,8
org.jfree.chart.renderer.xy.YIntervalRenderer.getAdditionalItemLabelGenerator,0,0,0
org.jfree.chart.renderer.category.BoxAndWhiskerRenderer.equals,4,16,20
org.jfree.data.gantt.XYTaskDataset.getSeriesKey,0,0,0
org.jfree.chart.axis.SymbolAxis.isGridBandsVisible,0,0,0
org.jfree.chart.axis.CyclicNumberAxis.setAdvanceLinePaint,0,0,0
org.jfree.chart.editor.DefaultLogAxisEditor.<init>,0,0,0
org.jfree.data.time.DynamicTimeSeriesCollection.getRangeLowerBound,2,0,2
org.jfree.chart.editor.DefaultValueAxisEditor.validateMinimum,2,0,2
org.jfree.chart.JFreeChart.setBorderPaint,0,0,0
org.jfree.chart.ui.UIUtils.positionDialogRelativeToParent,2,0,2
org.jfree.chart.text.TextUtils.calcAlignedStringBounds,0,0,0
org.jfree.chart.axis.SubCategoryAxis.getMaxDim,3,1,4
org.jfree.chart.plot.PiePlot.setPieIndex,0,0,0
org.jfree.chart.plot.ThermometerPlot.setLowerBound,0,0,0
org.jfree.chart.ChartPanel.zoomInRange,1,1,2
org.jfree.chart.plot.PiePlot.setLabelPadding,0,0,0
org.jfree.chart.axis.ValueAxis.setUpperBound,1,1,2
org.jfree.chart.plot.SpiderWebPlot.getBaseSeriesOutlineStroke,0,0,0
org.jfree.chart.ui.RectangleInsets.toString,0,0,0
org.jfree.chart.axis.TickUnits.clone,0,0,0
org.jfree.chart.plot.PiePlot.setLabelLinkStroke,0,0,0
org.jfree.chart.plot.CategoryPlot.setRangeCrosshairLockedOnData,1,1,2
org.jfree.data.xy.XYSeriesCollection.getIntervalPositionFactor,0,0,0
org.jfree.chart.plot.CrosshairState.setAnchor,0,0,0
org.jfree.chart.plot.PiePlot.setAutoPopulateSectionOutlineStroke,0,0,0
org.jfree.chart.editor.DefaultLogAxisEditor.focusLost,2,0,2
org.jfree.chart.block.LineBorder.<init>,0,0,0
org.jfree.chart.date.SpreadsheetDate.isOn,2,0,2
org.jfree.chart.plot.ThermometerPlot.setRangeAxis,0,0,0
org.jfree.data.xml.CategorySeriesHandler.setSeriesKey,0,0,0
org.jfree.chart.util.AttrStringUtils.getTextBounds,0,0,0
org.jfree.data.time.TimeSeriesCollection.getRangeBounds,0,4,4
org.jfree.data.function.LineFunction2D.getSlope,0,0,0
org.jfree.chart.title.PaintScaleLegend.setStripOutlinePaint,0,0,0
org.jfree.chart.renderer.AbstractRenderer.setDefaultSeriesVisible,1,1,2
org.jfree.chart.labels.StandardPieSectionLabelGenerator.clone,0,0,0
org.jfree.chart.ui.StrokeChooserPanel.getSelectedStroke,0,0,0
org.jfree.chart.plot.CategoryPlot.setDomainCrosshairPaint,0,0,0
org.jfree.chart.plot.dial.StandardDialScale.draw,20,0,20
org.jfree.data.gantt.TaskSeriesCollection.getSeries,2,6,8
org.jfree.chart.renderer.xy.AbstractXYItemRenderer.initialise,0,0,0
org.jfree.chart.plot.PiePlot.getLabelOutlinePaint,0,0,0
org.jfree.chart.renderer.xy.ClusteredXYBarRenderer.getPassCount,0,0,0
org.jfree.chart.renderer.category.CategoryItemRendererState.setSeriesRunningTotal,0,0,0
org.jfree.chart.ChartPanel.generateSVG,2,0,2
org.jfree.data.xy.CategoryTableXYDataset.getDomainBounds,2,0,2
org.jfree.chart.plot.CategoryPlot.setRangeCrosshairPaint,0,0,0
org.jfree.chart.renderer.xy.XYBarRenderer.setPositiveItemLabelPositionFallback,0,0,0
org.jfree.data.KeyedValues2DItemKey.toJSONString,0,0,0
org.jfree.data.Range.contains,0,4,4
org.jfree.chart.axis.MarkerAxisBand.getHeight,2,0,2
org.jfree.chart.axis.NumberAxis.setTickUnit,0,4,4
org.jfree.chart.axis.CategoryAxis.<init>,0,0,0
org.jfree.chart.renderer.xy.WindItemRenderer.clone,0,0,0
org.jfree.data.xml.KeyHandler.endElement,2,0,2
org.jfree.chart.axis.NumberTick.getNumber,0,0,0
org.jfree.chart.panel.CrosshairOverlay.getDomainCrosshairs,0,0,0
org.jfree.chart.renderer.xy.StandardXYBarPainter.paintBarShadow,4,0,4
org.jfree.chart.renderer.xy.DeviationRenderer$State.<init>,0,0,0
org.jfree.chart.block.RectangleConstraint.toRangeWidth,0,0,0
org.jfree.chart.renderer.xy.StackedXYAreaRenderer.writeObject,0,0,0
org.jfree.chart.util.StrokeList.getStroke,0,0,0
org.jfree.data.category.DefaultIntervalCategoryDataset.setEndValue,1,5,6
org.jfree.chart.renderer.xy.AbstractXYItemRenderer.addAnnotation,1,3,4
org.jfree.data.xy.YInterval.equals,2,8,10
org.jfree.data.statistics.MeanAndStandardDeviation.toString,0,0,0
org.jfree.chart.plot.dial.StandardDialScale.getTickLabelFormatter,0,0,0
org.jfree.chart.renderer.xy.StandardXYItemRenderer.getDrawSeriesLineAsPath,0,0,0
org.jfree.data.general.DefaultKeyedValueDataset.<init>,0,0,0
org.jfree.chart.plot.dial.DialBackground.equals,0,8,8
org.jfree.chart.renderer.xy.StackedXYBarRenderer.drawItem,74,0,74
org.jfree.chart.renderer.xy.StandardXYBarPainter.paintBar,10,0,10
org.jfree.chart.plot.PiePlot.getPlotType,0,0,0
org.jfree.chart.axis.DateAxis$DefaultTimeline.equals,3,3,6
org.jfree.chart.plot.dial.DialValueIndicator.setAngle,0,0,0
org.jfree.chart.plot.PiePlot.clearSectionPaints,1,1,2
org.jfree.chart.annotations.TextAnnotation.setFont,0,0,0
org.jfree.chart.axis.Axis.drawAxisLine,4,4,8
org.jfree.chart.JFreeChart.plotChanged,0,0,0
org.jfree.chart.ui.RectangleInsets.createAdjustedRectangle,10,0,10
org.jfree.data.xy.VectorSeriesCollection.getSeriesKey,0,0,0
org.jfree.chart.renderer.xy.XYBarRenderer.<init>,0,0,0
org.jfree.chart.ChartUtils.getImageMap,0,0,0
org.jfree.chart.util.XYCoordinateType.readResolve,4,2,6
org.jfree.data.Range.shiftWithNoZeroCrossing,0,4,4
org.jfree.chart.util.RelativeDateFormat.getDaySuffix,0,0,0
org.jfree.chart.axis.DateTickMarkPosition.toString,0,0,0
org.jfree.chart.plot.PieLabelDistributor.toString,2,0,2
org.jfree.chart.plot.Plot.getLegendItems,0,0,0
org.jfree.chart.renderer.AbstractRenderer.setAutoPopulateSeriesFillPaint,0,0,0
org.jfree.data.time.TimePeriodValues.update,0,0,0
org.jfree.data.xy.NormalizedMatrixSeries.<init>,0,0,0
org.jfree.chart.renderer.xy.CandlestickRenderer.setDownPaint,0,0,0
org.jfree.chart.renderer.xy.XYBlockRenderer.<init>,0,0,0
org.jfree.chart.plot.XYPlot.<clinit>,0,0,0
org.jfree.chart.LegendItem.isLineVisible,0,0,0
org.jfree.data.statistics.DefaultBoxAndWhiskerCategoryDataset.getQ3Value,2,2,4
org.jfree.chart.renderer.category.BoxAndWhiskerRenderer.getUseOutlinePaintForWhiskers,0,0,0
org.jfree.chart.labels.ItemLabelPosition.getItemLabelAnchor,0,0,0
org.jfree.chart.LegendItem.getLine,0,0,0
org.jfree.chart.plot.MeterPlot.readObject,0,2,2
org.jfree.chart.renderer.xy.SamplingXYLineRenderer.clone,2,0,2
org.jfree.chart.plot.dial.StandardDialScale.getTickLabelPaint,0,0,0
org.jfree.chart.axis.DateTickUnit.dateToString,0,0,0
org.jfree.data.xy.DefaultIntervalXYDataset.getXValue,0,0,0
org.jfree.data.statistics.DefaultStatisticalCategoryDataset.add,2,42,44
org.jfree.chart.renderer.category.AbstractCategoryItemRenderer.getLegendItemURLGenerator,0,0,0
org.jfree.chart.plot.FastScatterPlot.equals,5,27,32
org.jfree.chart.renderer.category.AreaRenderer.equals,1,5,6
org.jfree.data.time.Hour.previous,1,3,4
org.jfree.chart.plot.MeterPlot.setNeedlePaint,0,0,0
org.jfree.chart.renderer.OutlierList.add,0,0,0
org.jfree.data.gantt.SlidingGanttCategoryDataset.getMaximumCategoryCount,0,0,0
org.jfree.chart.plot.XYPlot.getDomainAxisLocation,1,1,2
org.jfree.chart.block.RectangleConstraint.toRangeHeight,0,0,0
org.jfree.chart.plot.CombinedDomainXYPlot.setRenderer,2,0,2
org.jfree.chart.renderer.xy.XYDifferenceRenderer.getNegativePaint,0,0,0
org.jfree.chart.axis.LogarithmicAxis.adjustedLog10,3,5,8
org.jfree.chart.labels.MultipleXYSeriesLabelGenerator.createItemArray,0,0,0
org.jfree.chart.title.CompositeTitle.readObject,0,0,0
org.jfree.chart.title.TextTitle.setTextAlignment,0,0,0
org.jfree.data.time.TimeSeriesDataItem.hashCode,1,3,4
org.jfree.data.xy.Vector.equals,2,6,8
org.jfree.chart.plot.PolarPlot.getAngleLabelPaint,0,0,0
org.jfree.chart.plot.PolarPlot.getDataset,0,2,2
org.jfree.chart.MouseWheelHandler.mouseWheelMoved,6,0,6
org.jfree.chart.plot.dial.StandardDialScale.setMajorTickLength,1,1,2
org.jfree.chart.axis.NumberTickUnitSource.<init>,0,0,0
org.jfree.chart.plot.PolarPlot.getRenderer,0,2,2
org.jfree.data.KeyedObjects2D.getRowCount,0,0,0
org.jfree.chart.title.LegendGraphic.getFillPaintTransformer,0,0,0
org.jfree.chart.renderer.xy.HighLowRenderer.equals,3,13,16
org.jfree.data.general.DatasetUtils.findYValue,0,4,4
org.jfree.data.xy.XIntervalSeriesCollection.clone,0,0,0
org.jfree.chart.renderer.AbstractRenderer.fireChangeEvent,0,0,0
org.jfree.data.time.TimeSeriesDataItem.getPeriod,0,0,0
org.jfree.chart.urls.CustomCategoryURLGenerator.getURL,3,3,6
org.jfree.chart.renderer.xy.XYBarRenderer.getBarAlignmentFactor,0,0,0
org.jfree.data.xy.VectorSeries.remove,0,0,0
org.jfree.chart.plot.CategoryPlot.getRangeGridlinePaint,0,0,0
org.jfree.data.time.Quarter.getYearValue,0,0,0
org.jfree.chart.plot.PolarPlot.getAxisIndex,1,3,4
org.jfree.chart.editor.DefaultAxisEditor.attemptLabelFontSelection,2,0,2
org.jfree.chart.renderer.category.BarRenderer.setShadowPaint,0,0,0
org.jfree.data.xy.DefaultOHLCDataset.getCloseValue,2,0,2
org.jfree.chart.plot.XYPlot.setRangeMinorGridlinePaint,0,0,0
org.jfree.chart.axis.AxisSpace.getRight,0,0,0
org.jfree.chart.ui.ApplicationFrame.windowDeiconified,0,0,0
org.jfree.chart.plot.ThermometerPlot.zoomDomainAxes,0,0,0
org.jfree.chart.axis.ValueAxis.setUpperMargin,1,1,2
org.jfree.data.time.TimeSeriesTableModel.<init>,0,0,0
org.jfree.chart.axis.CategoryAnchor.<init>,0,0,0
org.jfree.chart.labels.StandardPieSectionLabelGenerator.generateAttributedSectionLabel,0,0,0
org.jfree.chart.plot.DatasetRenderingOrder.<init>,0,0,0
org.jfree.chart.axis.CategoryLabelPosition.getWidthType,0,0,0
org.jfree.chart.plot.dial.DialCap.getOutlinePaint,0,0,0
org.jfree.chart.block.BorderArrangement.<init>,0,0,0
org.jfree.chart.plot.WaferMapPlot.getPlotType,0,0,0
org.jfree.chart.plot.dial.StandardDialFrame.getForegroundPaint,0,0,0
org.jfree.chart.axis.NumberAxis.refreshTicks,1,3,4
org.jfree.data.time.Second.parseSecond,14,0,14
org.jfree.data.statistics.DefaultStatisticalCategoryDataset.remove,10,6,16
org.jfree.chart.axis.LogAxis.resizeRange,0,0,0
org.jfree.chart.axis.Axis.getLabelAngle,0,0,0
org.jfree.chart.plot.PiePlot.setMinimumArcAngleToDraw,0,0,0
org.jfree.chart.plot.CompassPlot.addDataset,8,0,8
org.jfree.chart.axis.SubCategoryAxis.addSubCategory,0,0,0
org.jfree.chart.ChartFactory.createScatterPlot,2,2,4
org.jfree.chart.LegendItem.setOutlinePaint,0,0,0
org.jfree.chart.title.TextTitle.<init>,3,3,6
org.jfree.chart.StandardChartTheme.applyToMeterPlot,0,0,0
org.jfree.chart.axis.Axis.setAxisLineVisible,0,0,0
org.jfree.chart.block.LengthConstraintType.<init>,0,0,0
org.jfree.chart.axis.DateTickUnit.toString,0,0,0
org.jfree.chart.axis.PeriodAxisLabelInfo.getLabelPaint,0,0,0
org.jfree.chart.text.TextUtils.deriveTextBoundsAnchorOffsets,13,17,30
org.jfree.chart.title.Title.notifyListeners,2,4,6
org.jfree.chart.plot.XYPlot.drawDomainCrosshair,4,0,4
org.jfree.chart.renderer.xy.StandardXYItemRenderer.getBaseShapesVisible,0,0,0
org.jfree.data.time.RegularTimePeriod.getMillisecond,1,5,6
org.jfree.chart.axis.AxisState.cursorUp,0,0,0
org.jfree.chart.renderer.AbstractRenderer.removeChangeListener,0,0,0
org.jfree.data.xy.XYInterval.getXHigh,0,0,0
org.jfree.data.xy.VectorSeriesCollection.getVectorYValue,0,0,0
org.jfree.chart.plot.FastScatterPlot.zoomDomainAxes,2,0,2
org.jfree.chart.JFreeChart.fireChartChanged,0,0,0
org.jfree.chart.entity.PlotEntity.toString,0,0,0
org.jfree.chart.renderer.xy.XYShapeRenderer.getUseFillPaint,0,0,0
org.jfree.chart.plot.CombinedRangeXYPlot.setDomainPannable,2,0,2
org.jfree.chart.axis.LogAxis.getBaseFormatter,0,0,0
org.jfree.chart.plot.PolarPlot.datasetChanged,2,4,6
org.jfree.chart.renderer.DefaultPolarItemRenderer.isSeriesFilled,1,1,2
org.jfree.chart.plot.WaferMapPlot.rendererChanged,0,0,0
org.jfree.data.xy.XYBarDataset.getUnderlyingDataset,0,0,0
org.jfree.data.KeyedObjects2D.getColumnIndex,0,0,0
org.jfree.chart.ChartPanel.zoomOutDomain,1,1,2
org.jfree.data.statistics.DefaultStatisticalCategoryDataset.clear,0,0,0
org.jfree.data.statistics.DefaultBoxAndWhiskerXYDataset.getMaxOutlier,1,1,2
org.jfree.chart.renderer.xy.AbstractXYItemRenderer.getPlot,0,0,0
org.jfree.data.xy.DefaultOHLCDataset.getHighValue,1,1,2
org.jfree.chart.plot.PieLabelLinkStyle.<init>,0,0,0
org.jfree.data.xy.DefaultTableXYDataset.getX,0,0,0
org.jfree.data.xy.DefaultTableXYDataset.getY,0,0,0
org.jfree.chart.util.UnitType.<clinit>,0,0,0
org.jfree.chart.renderer.xy.XYStepRenderer.hashCode,0,0,0
org.jfree.chart.plot.CategoryPlot.getRangeMinorGridlineStroke,0,0,0
org.jfree.data.xy.XYSeries.getItems,0,0,0
org.jfree.data.xml.ItemHandler.setValue,0,0,0
org.jfree.chart.axis.PeriodAxis.setMajorTickTimePeriodClass,0,0,0
org.jfree.chart.renderer.xy.ClusteredXYBarRenderer.findDomainBounds,0,4,4
org.jfree.data.xy.XYDataItem.setY,0,0,0
org.jfree.data.statistics.MeanAndStandardDeviation.getStandardDeviation,0,0,0
org.jfree.chart.annotations.XYShapeAnnotation.draw,10,0,10
org.jfree.chart.date.SerialDate.getFollowingDayOfWeek,4,0,4
org.jfree.chart.plot.DefaultDrawingSupplier.createStandardSeriesShapes,0,0,0
org.jfree.chart.block.LabelBlock.getTextAnchor,0,0,0
org.jfree.chart.util.ShapeUtils.createTranslatedShape,3,3,6
org.jfree.chart.renderer.category.BarRenderer.setShadowVisible,0,0,0
org.jfree.chart.needle.ArrowNeedle.equals,2,6,8
org.jfree.chart.renderer.category.GradientBarPainter.splitVerticalBar,0,0,0
org.jfree.chart.plot.XYPlot.setDomainMinorGridlinePaint,0,0,0
org.jfree.chart.plot.MeterPlot.getValueFont,0,0,0
org.jfree.chart.plot.CompassPlot.<init>,0,2,2
org.jfree.chart.plot.CombinedDomainCategoryPlot.getLegendItems,2,4,6
org.jfree.chart.renderer.category.BarRenderer.getPositiveItemLabelPositionFallback,0,0,0
org.jfree.data.xy.DefaultHighLowDataset.getClose,0,0,0
org.jfree.chart.renderer.xy.CandlestickRenderer.initialise,8,0,8
org.jfree.chart.renderer.xy.AbstractXYItemRenderer.getPassCount,0,0,0
org.jfree.chart.panel.CrosshairOverlay.clearRangeCrosshairs,4,0,4
org.jfree.chart.plot.XYPlot.getDomainCrosshairStroke,0,0,0
org.jfree.chart.labels.AbstractCategoryItemLabelGenerator.<init>,0,0,0
org.jfree.chart.ChartPanel.scale,0,0,0
org.jfree.data.time.TimeSeries.<init>,0,0,0
org.jfree.chart.axis.PeriodAxis.isMinorTickMarksVisible,0,0,0
org.jfree.chart.axis.Tick.equals,2,10,12
org.jfree.chart.plot.CompassPlot.getRoseCenterPaint,0,0,0
org.jfree.chart.entity.LegendItemEntity.getDataset,0,0,0
org.jfree.data.general.AbstractDataset.writeObject,0,0,0
org.jfree.data.time.TimeSeries.getTimePeriod,0,0,0
org.jfree.chart.plot.PolarPlot.setAngleGridlinePaint,0,0,0
org.jfree.chart.plot.dial.StandardDialRange.getOuterRadius,0,0,0
org.jfree.chart.axis.DateTickUnit.getRollMultiple,0,0,0
org.jfree.chart.renderer.DefaultPolarItemRenderer.getURLGenerator,0,0,0
org.jfree.chart.labels.HighLowItemLabelGenerator.hashCode,0,0,0
org.jfree.chart.plot.CategoryPlot.setRangeCrosshairStroke,0,0,0
org.jfree.chart.editor.DefaultAxisEditor.actionPerformed,6,0,6
org.jfree.chart.plot.PiePlotState.getPieHRadius,0,0,0
org.jfree.chart.plot.PolarPlot.translateToJava2D,1,1,2
org.jfree.chart.LegendItemCollection.get,0,0,0
org.jfree.data.statistics.DefaultBoxAndWhiskerXYDataset.clone,0,0,0
org.jfree.chart.axis.LogarithmicAxis.zoomRange,2,0,2
org.jfree.data.general.Series.getNotify,0,0,0
org.jfree.chart.util.SerialUtils.writeStroke,2,4,6
org.jfree.chart.annotations.CategoryTextAnnotation.hashCode,0,0,0
org.jfree.chart.plot.CategoryPlot.getDomainCrosshairColumnKey,0,0,0
org.jfree.chart.axis.ValueAxis.setAutoRangeMinimumSize,4,4,8
org.jfree.chart.renderer.AbstractRenderer.getItemCreateEntity,1,1,2
org.jfree.data.xy.DefaultTableXYDataset.getDomainUpperBound,0,0,0
org.jfree.chart.renderer.AbstractRenderer.lookupSeriesOutlineStroke,5,3,8
org.jfree.data.xy.IntervalXYDelegate.isAutoWidth,0,0,0
org.jfree.data.DefaultKeyedValues2D.addValue,0,0,0
org.jfree.chart.renderer.xy.VectorRenderer.equals,4,4,8
org.jfree.chart.annotations.XYTextAnnotation.writeObject,0,0,0
org.jfree.data.DomainOrder.toString,0,0,0
org.jfree.chart.renderer.category.BarRenderer.setIncludeBaseInRange,0,2,2
org.jfree.chart.plot.Plot.<init>,0,0,0
org.jfree.chart.axis.TickUnit.valueToString,0,0,0
org.jfree.chart.editor.DefaultChartEditor.getAntiAlias,0,0,0
org.jfree.chart.axis.ValueAxis.setStandardTickUnits,0,0,0
org.jfree.data.category.SlidingCategoryDataset.getUnderlyingDataset,0,0,0
org.jfree.chart.StandardChartTheme.applyToSpiderWebPlot,0,0,0
org.jfree.data.statistics.DefaultStatisticalCategoryDataset.getRowIndex,0,0,0
org.jfree.chart.renderer.xy.CandlestickRenderer.setAutoWidthFactor,1,1,2
org.jfree.chart.plot.Plot.readObject,0,0,0
org.jfree.data.time.ohlc.OHLC.getHigh,0,0,0
org.jfree.chart.util.DirectionalGradientPaintTransformer.transform,20,0,20
org.jfree.chart.plot.CategoryPlot.clone,0,22,22
org.jfree.chart.plot.SpiderWebPlot.drawRadarPoly,11,7,18
org.jfree.chart.plot.RingPlot.<init>,0,0,0
org.jfree.chart.util.SerialUtils.readComposite,4,4,8
org.jfree.data.xy.XYItemKey.hashCode,0,0,0
org.jfree.chart.plot.dial.DialValueIndicator.getMaxTemplateValue,0,0,0
org.jfree.chart.util.PaintList.writeObject,1,3,4
org.jfree.data.Range.getLength,0,0,0
org.jfree.chart.plot.PiePlot.setAutoPopulateSectionOutlinePaint,0,0,0
org.jfree.chart.plot.CombinedDomainXYPlot.draw,4,6,10
org.jfree.chart.plot.Plot.drawBackground,0,0,0
org.jfree.chart.plot.SpiderWebPlot.setURLGenerator,0,0,0
org.jfree.chart.annotations.XYTextAnnotation.setBackgroundPaint,0,0,0
org.jfree.chart.plot.ThermometerPlot.zoom,0,0,0
org.jfree.chart.plot.Crosshair.getStroke,0,0,0
org.jfree.chart.util.PaintList.equals,3,7,10
org.jfree.data.ComparableObjectSeries.<init>,0,0,0
org.jfree.data.statistics.SimpleHistogramDataset.removeAllBins,0,0,0
org.jfree.data.Range.constrain,0,6,6
org.jfree.chart.block.BlockContainer.arrange,0,0,0
org.jfree.chart.annotations.XYImageAnnotation.equals,14,0,14
org.jfree.chart.plot.XYPlot.setRangeCrosshairLockedOnData,1,1,2
org.jfree.data.Range.expand,0,2,2
org.jfree.data.time.DynamicTimeSeriesCollection.getRangeBounds,2,0,2
org.jfree.chart.plot.dial.DialValueIndicator.equals,3,29,32
org.jfree.chart.plot.XYPlot.readObject,0,18,18
org.jfree.chart.renderer.xy.XYAreaRenderer.getUseFillPaint,0,0,0
org.jfree.chart.axis.DateAxis.draw,2,2,4
org.jfree.data.general.DefaultValueDataset.getValue,0,0,0
org.jfree.chart.plot.MeterPlot.getPlotType,0,0,0
org.jfree.chart.plot.PiePlot.setSimpleLabelOffset,0,0,0
org.jfree.chart.text.TextUtils.getDrawStringsWithFontAttributes,0,0,0
org.jfree.chart.plot.CategoryPlot.getRangeAxisIndex,1,3,4
org.jfree.chart.editor.DefaultValueAxisEditor.isAutoTickUnitSelection,0,0,0
org.jfree.chart.util.StrokeList.equals,3,3,6
org.jfree.data.statistics.SimpleHistogramDataset.addBin,1,3,4
org.jfree.chart.renderer.category.IntervalBarRenderer.equals,1,3,4
org.jfree.chart.renderer.AbstractRenderer.setDefaultOutlineStroke,1,1,2
org.jfree.chart.plot.MeterInterval.getRange,0,0,0
org.jfree.chart.renderer.xy.XYLineAndShapeRenderer.drawPrimaryLine,11,13,24
org.jfree.chart.plot.dial.DialBackground.<init>,0,0,0
org.jfree.chart.plot.dial.ArcDialFrame.setBackgroundPaint,0,0,0
org.jfree.chart.renderer.category.GradientBarPainter.<init>,0,0,0
org.jfree.chart.axis.AxisState.moveCursor,8,0,8
org.jfree.chart.renderer.xy.CyclicXYItemRenderer$OverwriteDataSet.getDomainOrder,0,0,0
org.jfree.data.category.DefaultCategoryDataset.getColumnCount,0,0,0
org.jfree.chart.text.TextBox.writeObject,0,0,0
org.jfree.chart.renderer.category.WaterfallBarRenderer.getNegativeBarPaint,0,0,0
org.jfree.chart.JFreeChart.getBackgroundPaint,0,0,0
org.jfree.chart.title.CompositeTitle.arrange,0,0,0
org.jfree.data.general.WaferMapDataset.getMaxChipY,0,0,0
org.jfree.data.general.WaferMapDataset.getMaxChipX,0,0,0
org.jfree.chart.axis.PeriodAxisLabelInfo.<clinit>,0,0,0
org.jfree.chart.axis.Tick.getRotationAnchor,0,0,0
org.jfree.chart.renderer.AbstractRenderer.<clinit>,0,0,0
org.jfree.chart.axis.CyclicNumberAxis.setAdvanceLineStroke,0,0,0
org.jfree.chart.plot.PolarPlot.getAngleTickUnit,0,0,0
org.jfree.chart.plot.CategoryCrosshairState.updateCrosshairX,6,0,6
org.jfree.data.time.Day.equals,2,4,6
org.jfree.data.json.impl.JSONValue.writeJSONString,28,0,28
org.jfree.data.xy.MatrixSeriesCollection.getSeriesKey,0,0,0
org.jfree.data.time.TimeSeriesCollection.getXPosition,0,0,0
org.jfree.chart.renderer.category.StatisticalBarRenderer.<init>,0,0,0
org.jfree.data.statistics.DefaultBoxAndWhiskerCategoryDataset.remove,5,3,8
org.jfree.data.KeyedValueComparatorType.<clinit>,0,0,0
org.jfree.chart.plot.RingPlot.setOuterSeparatorExtension,0,0,0
org.jfree.data.time.ohlc.OHLCItem.getOpenValue,1,1,2
org.jfree.chart.annotations.CategoryPointerAnnotation.setLabelOffset,0,0,0
org.jfree.chart.axis.ValueAxis.setRightArrow,0,0,0
org.jfree.data.xy.XYIntervalSeriesCollection.getStartYValue,0,0,0
org.jfree.data.xy.OHLCDataItem.getDate,0,0,0
org.jfree.chart.ui.PaintSample.<init>,0,0,0
org.jfree.chart.plot.CategoryPlot.calculateDomainAxisSpace,4,10,14
org.jfree.chart.ChartFactory.createWaterfallChart,5,3,8
org.jfree.chart.annotations.XYTextAnnotation.getRotationAnchor,0,0,0
org.jfree.data.xy.DefaultTableXYDataset.equals,4,8,12
org.jfree.data.time.MovingAverage.<init>,0,0,0
org.jfree.chart.axis.LogAxis.getBase,0,0,0
org.jfree.data.xy.XYIntervalDataItem.getYHighValue,1,1,2
org.jfree.chart.renderer.xy.AbstractXYItemRenderer.<init>,0,0,0
org.jfree.chart.util.ExportUtils.<init>,0,0,0
org.jfree.chart.ui.UIUtils.positionFrameOnScreen,0,0,0
org.jfree.chart.axis.ValueAxis.drawTickMarksAndLabels,17,25,42
org.jfree.data.DefaultKeyedValues.rebuildIndex,0,2,2
org.jfree.chart.plot.dial.DialPlot.getDialFrame,0,0,0
org.jfree.chart.plot.Plot.notifyListeners,1,5,6
org.jfree.chart.renderer.category.CategoryItemRendererState.<init>,0,0,0
org.jfree.chart.renderer.xy.XYStepAreaRenderer.getStepPoint,0,0,0
org.jfree.chart.renderer.xy.XYLineAndShapeRenderer$State.setLastPointGood,0,0,0
org.jfree.chart.plot.Crosshair.getLabelBackgroundPaint,0,0,0
org.jfree.data.statistics.MeanAndStandardDeviation.getMean,0,0,0
org.jfree.chart.plot.ThermometerPlot.setUpperBound,0,0,0
org.jfree.chart.plot.XYPlot.drawQuadrants,37,7,44
org.jfree.chart.annotations.CategoryPointerAnnotation.getArrowWidth,0,0,0
org.jfree.data.statistics.DefaultMultiValueCategoryDataset.getRangeUpperBound,2,0,2
org.jfree.chart.plot.IntervalMarker.setEndValue,0,0,0
org.jfree.chart.plot.CombinedDomainXYPlot.setRangePannable,2,0,2
org.jfree.chart.entity.PieSectionEntity.hashCode,0,0,0
org.jfree.chart.plot.XYPlot.getAxisOffset,0,0,0
org.jfree.chart.renderer.xy.XYLineAndShapeRenderer.isLinePass,0,2,2
org.jfree.chart.plot.CategoryPlot.setDomainAxes,2,0,2
org.jfree.chart.axis.Axis.fireChangeEvent,0,0,0
org.jfree.chart.plot.PiePlot.getMinimumArcAngleToDraw,0,0,0
org.jfree.data.statistics.Regression.getPowerRegression,2,6,8
org.jfree.chart.renderer.category.BarRenderer.getGradientPaintTransformer,0,0,0
org.jfree.chart.axis.CategoryLabelPosition.equals,2,14,16
org.jfree.data.xy.Vector.getLength,0,0,0
org.jfree.chart.axis.Axis.clone,0,0,0
org.jfree.chart.plot.PiePlot.setIgnoreZeroValues,0,0,0
org.jfree.chart.plot.PlotRenderingInfo.setPlotArea,0,0,0
org.jfree.chart.plot.XYPlot.getPlotType,0,0,0
org.jfree.chart.block.ColumnArrangement.arrange,24,0,24
org.jfree.chart.title.PaintScaleLegend.writeObject,0,0,0
org.jfree.data.time.DynamicTimeSeriesCollection.findDomainLimits,2,0,2
org.jfree.data.xml.PieDatasetHandler.getDataset,0,0,0
org.jfree.chart.annotations.XYTextAnnotation.setRotationAnchor,0,0,0
org.jfree.data.time.TimeSeriesTableModel.getColumnClass,4,0,4
org.jfree.data.time.TimePeriodValuesCollection.addSeries,0,0,0
org.jfree.chart.plot.Crosshair.isLabelOutlineVisible,0,0,0
org.jfree.chart.text.TextFragment.calculateBaselineOffset,7,1,8
org.jfree.data.general.DefaultPieDataset.getKeys,0,0,0
org.jfree.chart.plot.PolarPlot.setDataset,2,2,4
org.jfree.chart.axis.Axis.setMinorTickMarksVisible,1,1,2
org.jfree.chart.plot.Marker.getLabelFont,0,0,0
org.jfree.chart.axis.CategoryAxis.setCategoryMargin,0,0,0
org.jfree.chart.axis.CategoryAxis.getCategoryMargin,0,0,0
org.jfree.data.xy.XYDatasetTableModel.datasetChanged,0,0,0
org.jfree.data.statistics.HistogramBin.<init>,1,1,2
org.jfree.data.general.AbstractDataset.getGroup,0,0,0
org.jfree.chart.plot.CategoryPlot.drawRangeMarkers,2,6,8
org.jfree.chart.needle.PlumNeedle.clone,0,0,0
org.jfree.chart.axis.StandardTickUnitSource.getCeilingTickUnit,0,0,0
org.jfree.chart.renderer.AbstractRenderer.getDefaultItemLabelFont,0,0,0
org.jfree.chart.renderer.xy.CandlestickRenderer.setCandleWidth,1,1,2
org.jfree.data.gantt.Task.getDuration,0,0,0
org.jfree.chart.ui.VerticalAlignment.<clinit>,0,0,0
org.jfree.chart.axis.ExtendedCategoryAxis.setSubLabelPaint,0,0,0
org.jfree.chart.ChartFactory.createLineChart,1,3,4
org.jfree.chart.renderer.category.GanttRenderer.getEndPercent,0,0,0
org.jfree.chart.ui.GradientPaintTransformType.equals,2,4,6
org.jfree.chart.axis.TickType.<clinit>,0,0,0
org.jfree.chart.plot.MeterInterval.<init>,0,0,0
org.jfree.data.time.DynamicTimeSeriesCollection.setPosition,0,0,0
org.jfree.chart.axis.NumberAxis.setAutoRangeIncludesZero,1,3,4
org.jfree.chart.renderer.AbstractRenderer.getItemLabelPaint,2,0,2
org.jfree.data.xy.YIntervalDataItem.<init>,0,0,0
org.jfree.chart.axis.NumberAxis.getNumberFormatOverride,0,0,0
org.jfree.chart.plot.CombinedRangeXYPlot.setFixedDomainAxisSpaceForSubplots,0,2,2
org.jfree.chart.plot.Crosshair.setLabelAnchor,0,0,0
org.jfree.chart.LegendItem.setLabelFont,0,0,0
org.jfree.chart.title.LegendGraphic.getShape,0,0,0
org.jfree.data.general.DefaultKeyedValueDataset.setValue,0,0,0
org.jfree.chart.StandardChartTheme.setLabelLinkStyle,0,0,0
org.jfree.chart.ChartFactory.createPieChart3D,3,3,6
org.jfree.data.xy.DefaultIntervalXYDataset.equals,7,13,20
org.jfree.data.general.SeriesException.<init>,0,0,0
org.jfree.chart.event.ChartChangeEvent.getType,0,0,0
org.jfree.chart.annotations.AbstractAnnotation.fireAnnotationChanged,1,1,2
org.jfree.chart.labels.StandardCategoryToolTipGenerator.generateToolTip,0,0,0
org.jfree.data.DomainOrder.equals,0,6,6
org.jfree.chart.annotations.XYPolygonAnnotation.clone,0,0,0
org.jfree.chart.StandardChartTheme.getLabelLinkStyle,0,0,0
org.jfree.data.gantt.TaskSeriesCollection.getRowIndex,0,4,4
org.jfree.chart.title.TextTitle.getFont,0,0,0
org.jfree.chart.title.LegendGraphic.setShapeVisible,0,0,0
org.jfree.chart.plot.CategoryPlot.setDomainAxis,1,7,8
org.jfree.data.xy.XYSeriesCollection.isAutoWidth,0,0,0
org.jfree.data.KeyedObjects.<init>,0,0,0
org.jfree.chart.renderer.GrayPaintScale.equals,0,10,10
org.jfree.chart.plot.PiePlot.getLabelLinksVisible,0,0,0
org.jfree.chart.axis.SymbolAxis.readObject,0,0,0
org.jfree.chart.panel.CrosshairOverlay.calculateLabelPoint,42,0,42
org.jfree.chart.renderer.xy.XYBoxAndWhiskerRenderer.setBoxPaint,0,0,0
org.jfree.data.xy.XYSeries.delete,0,0,0
org.jfree.chart.urls.CustomCategoryURLGenerator.getListCount,0,0,0
org.jfree.chart.renderer.DefaultPolarItemRenderer.getBaseToolTipGenerator,0,0,0
org.jfree.chart.renderer.xy.StackedXYAreaRenderer.getPassCount,0,0,0
org.jfree.chart.plot.PieLabelRecord.compareTo,4,2,6
org.jfree.chart.plot.SpiderWebPlot.setHeadPercent,0,0,0
org.jfree.data.ComparableObjectItem.<init>,0,0,0
org.jfree.data.xy.MatrixSeriesCollection.equals,3,3,6
org.jfree.chart.axis.Axis.getAxisLineStroke,0,0,0
org.jfree.chart.plot.CategoryPlot.setRangeMinorGridlinesVisible,1,1,2
org.jfree.chart.ChartPanel.getMinimumDrawWidth,0,0,0
org.jfree.chart.plot.Crosshair.setPaint,0,0,0
org.jfree.chart.renderer.category.StatisticalBarRenderer.readObject,0,0,0
org.jfree.chart.labels.StandardPieSectionLabelGenerator.<init>,0,0,0
org.jfree.data.xy.XYIntervalSeries.<init>,0,0,0
org.jfree.chart.renderer.xy.XYDifferenceRenderer.drawItem,4,0,4
org.jfree.chart.renderer.xy.XYShapeRenderer.findZBounds,0,2,2
org.jfree.chart.plot.PolarPlot.setAngleGridlinesVisible,1,1,2
org.jfree.chart.StandardChartTheme.setCrosshairPaint,0,0,0
org.jfree.chart.renderer.xy.StackedXYAreaRenderer.getPreviousHeight,1,3,4
org.jfree.chart.plot.dial.AbstractDialLayer.isVisible,0,0,0
org.jfree.chart.util.PaintList.getPaint,0,0,0
org.jfree.data.xy.XYDatasetTableModel.getColumnCount,2,0,2
org.jfree.data.general.WaferMapDataset.setValue,4,0,4
org.jfree.data.gantt.TaskSeries.equals,2,6,8
org.jfree.chart.plot.DatasetRenderingOrder.toString,0,0,0
org.jfree.chart.renderer.xy.VectorRenderer.clone,0,0,0
org.jfree.chart.ChartPanel.readObject,2,0,2
org.jfree.data.statistics.DefaultStatisticalCategoryDataset.getRangeLowerBound,0,4,4
org.jfree.chart.block.FlowArrangement.arrangeNF,0,0,0
org.jfree.chart.renderer.xy.XYBarRenderer.getLegendBar,0,0,0
org.jfree.chart.plot.ThermometerPlot.getOrientation,0,0,0
org.jfree.chart.LegendItem.getFillPaintTransformer,0,0,0
org.jfree.chart.axis.PeriodAxis.reserveSpace,16,0,16
org.jfree.chart.annotations.TextAnnotation.getFont,0,0,0
org.jfree.data.xy.IntervalXYDelegate.getIntervalWidth,1,3,4
org.jfree.chart.renderer.category.StatisticalBarRenderer.equals,2,6,8
org.jfree.chart.ui.StandardGradientPaintTransformer.clone,0,0,0
org.jfree.chart.renderer.category.BarRenderer.calculateBarWidth,5,9,14
org.jfree.chart.ChartPanel.overlayChanged,0,0,0
org.jfree.chart.ChartPanel.getDefaultDirectoryForSaveAs,0,0,0
org.jfree.chart.urls.StandardXYURLGenerator.equals,4,6,10
org.jfree.chart.plot.Plot.isOutlineVisible,0,0,0
org.jfree.chart.renderer.AbstractRenderer.clearSeriesPaints,1,1,2
org.jfree.chart.plot.XYPlot.isRangeGridlinesVisible,0,0,0
org.jfree.chart.plot.MeterPlot.getNeedlePaint,0,0,0
org.jfree.data.resources.DataPackageResources.<clinit>,0,0,0
org.jfree.chart.renderer.xy.StandardXYItemRenderer.getImage,0,0,0
org.jfree.chart.util.AbstractObjectList.indexOf,0,4,4
org.jfree.data.gantt.TaskSeriesCollection.getColumnIndex,0,0,0
org.jfree.chart.util.ShapeUtils.intersects,8,0,8
org.jfree.chart.annotations.AbstractAnnotation.removeChangeListener,0,0,0
org.jfree.chart.JFreeChart.<init>,1,5,6
org.jfree.chart.plot.dial.ArcDialFrame.getExtent,0,0,0
org.jfree.chart.plot.PiePlot.getLabelDistributor,0,0,0
org.jfree.data.time.Day.previous,0,2,2
org.jfree.data.statistics.SimpleHistogramBin.clone,0,0,0
org.jfree.chart.ui.NumberCellRenderer.getTableCellRendererComponent,4,0,4
org.jfree.chart.plot.dial.DialValueIndicator.setDatasetIndex,0,0,0
org.jfree.chart.date.SpreadsheetDate.isOnOrAfter,2,0,2
org.jfree.chart.plot.RingPlot.setCenterTextFont,0,0,0
org.jfree.chart.JFreeChart.isNotify,0,0,0
org.jfree.data.jdbc.JDBCXYDataset.getX,0,0,0
org.jfree.data.jdbc.JDBCXYDataset.getY,0,0,0
org.jfree.chart.axis.LogarithmicAxis.computeLogCeil,8,0,8
org.jfree.chart.renderer.category.LineAndShapeRenderer.getItemShapeFilled,0,0,0
org.jfree.chart.plot.XYPlot.getQuadrantOrigin,0,0,0
org.jfree.chart.labels.ItemLabelAnchor.readResolve,22,28,50
org.jfree.chart.block.LabelBlock.draw,10,2,12
org.jfree.chart.plot.ThermometerPlot.getBulbRadius,0,0,0
org.jfree.chart.labels.StandardXYItemLabelGenerator.equals,1,3,4
org.jfree.chart.renderer.xy.XYErrorRenderer.equals,2,12,14
org.jfree.data.category.DefaultIntervalCategoryDataset.getColumnKeys,1,1,2
org.jfree.data.general.DefaultPieDataset.clear,0,2,2
org.jfree.chart.ChartPanel.getReshowDelay,0,0,0
org.jfree.chart.plot.PiePlot.setLegendLabelURLGenerator,0,0,0
org.jfree.chart.entity.XYItemEntity.<init>,0,0,0
org.jfree.chart.plot.CombinedDomainCategoryPlot.findSubplot,2,0,2
org.jfree.chart.editor.DefaultAxisEditor.isTickMarksVisible,0,0,0
org.jfree.data.xy.MatrixSeriesCollection.getItemCount,0,0,0
org.jfree.chart.axis.CategoryLabelPosition.getWidthRatio,0,0,0
org.jfree.chart.block.FlowArrangement.arrangeRF,2,0,2
org.jfree.chart.plot.CategoryPlot.getLegendItems,2,6,8
org.jfree.data.time.ohlc.OHLC.<init>,0,0,0
org.jfree.chart.title.LegendItemBlockContainer.getToolTipText,0,0,0
org.jfree.chart.plot.dial.DialPlot.draw,26,0,26
org.jfree.data.statistics.DefaultBoxAndWhiskerCategoryDataset.removeRow,0,0,0
org.jfree.data.xy.DefaultOHLCDataset.equals,2,6,8
org.jfree.data.statistics.DefaultBoxAndWhiskerXYDataset.<init>,0,0,0
org.jfree.data.time.TimePeriodAnchor.toString,0,0,0
org.jfree.chart.entity.TickLabelEntity.<init>,0,0,0
org.jfree.chart.renderer.xy.XYLineAndShapeRenderer.getDefaultLinesVisible,0,0,0
org.jfree.chart.plot.CombinedDomainCategoryPlot.handleClick,4,0,4
org.jfree.chart.event.ChartChangeEvent.<init>,0,0,0
org.jfree.chart.renderer.xy.CandlestickRenderer.setAutoWidthGap,1,1,2
org.jfree.chart.block.CenterArrangement.arrangeRR,2,0,2
org.jfree.data.xy.MatrixSeriesCollection.removeAllSeries,2,0,2
org.jfree.data.general.DatasetGroup.getID,0,0,0
org.jfree.chart.renderer.xy.GradientXYBarPainter.equals,1,9,10
org.jfree.chart.plot.XYPlot.setOrientation,0,2,2
org.jfree.chart.block.GridArrangement.<init>,0,0,0
org.jfree.chart.labels.MultipleXYSeriesLabelGenerator.clone,3,1,4
org.jfree.data.general.Series.fireVetoableChange,0,0,0
org.jfree.chart.axis.Axis.isTickMarksVisible,0,0,0
org.jfree.chart.editor.DefaultPolarPlotEditor.actionPerformed,4,0,4
org.jfree.data.time.Quarter.getYear,0,0,0
org.jfree.chart.renderer.AbstractRenderer.getAutoPopulateSeriesStroke,0,0,0
org.jfree.data.DefaultKeyedValues2D.getRowCount,0,0,0
org.jfree.data.xml.RootHandler.getCurrentHandler,6,0,6
org.jfree.chart.block.LineBorder.writeObject,0,0,0
org.jfree.chart.plot.PieLabelRecord.getKey,0,0,0
org.jfree.data.statistics.HistogramBin.clone,0,0,0
org.jfree.chart.ChartPanel.setRefreshBuffer,0,0,0
org.jfree.data.KeyToGroupMap.getGroup,0,2,2
org.jfree.chart.block.FlowArrangement.arrangeNN,5,9,14
org.jfree.chart.entity.TitleEntity.writeObject,0,0,0
org.jfree.chart.axis.CategoryAnchor.readResolve,4,2,6
org.jfree.chart.text.TextBox.getShadowYOffset,0,0,0
org.jfree.chart.annotations.XYPolygonAnnotation.equals,3,11,14
org.jfree.data.time.TimePeriodValuesCollection.getStartY,0,0,0
org.jfree.chart.plot.PiePlot.getLabelPadding,0,0,0
org.jfree.chart.util.PaintAlpha.darkerTexturePaint,18,0,18
org.jfree.data.time.TimePeriodValuesCollection.getStartX,0,0,0
org.jfree.chart.renderer.category.StackedBarRenderer.getRenderAsPercentages,0,0,0
org.jfree.chart.ui.Size2D.setHeight,0,0,0
org.jfree.chart.annotations.CategoryTextAnnotation.<init>,0,0,0
org.jfree.chart.plot.ThermometerPlot.setBulbRadius,0,0,0
org.jfree.data.xml.ItemHandler.getValue,0,0,0
org.jfree.data.xy.XYIntervalDataItem.getXLowValue,1,1,2
org.jfree.data.general.DefaultPieDataset.<init>,2,0,2
org.jfree.chart.plot.PiePlot.getLegendLabelURLGenerator,0,0,0
org.jfree.chart.imagemap.ImageMapUtils.<init>,0,0,0
org.jfree.chart.plot.XYPlot.getFixedLegendItems,0,0,0
org.jfree.chart.editor.DefaultValueAxisEditor.focusGained,0,0,0
org.jfree.chart.renderer.xy.XYItemRendererState.getProcessVisibleItemsOnly,0,0,0
org.jfree.chart.labels.StandardPieToolTipGenerator.<init>,0,0,0
org.jfree.data.DefaultKeyedValues.removeValue,0,2,2
org.jfree.data.time.DynamicTimeSeriesCollection.addSeries,16,0,16
org.jfree.chart.event.ChartProgressEvent.getPercent,0,0,0
org.jfree.chart.axis.ModuloAxis.resizeRange,2,0,2
org.jfree.chart.editor.DefaultTitleEditor.getTitleFont,0,0,0
org.jfree.chart.title.LegendTitle.createLegendItemBlock,2,2,4
org.jfree.chart.util.PaintAlpha.darkerLinearGradientPaint,2,0,2
org.jfree.chart.renderer.DefaultPolarItemRenderer.setURLGenerator,0,0,0
org.jfree.chart.plot.CompassPlot.setSeriesOutlineStroke,4,0,4
org.jfree.chart.editor.DefaultAxisEditor.getLabelInsets,2,0,2
org.jfree.chart.event.ChartChangeEvent.setType,0,0,0
org.jfree.chart.plot.CategoryPlot.drawBackground,0,0,0
org.jfree.chart.labels.IntervalCategoryToolTipGenerator.equals,1,3,4
org.jfree.chart.renderer.xy.XYItemRendererState.setProcessVisibleItemsOnly,0,0,0
org.jfree.chart.plot.Crosshair.readObject,0,0,0
org.jfree.chart.axis.NumberAxis.getAutoRangeIncludesZero,0,0,0
org.jfree.data.xml.CategoryDatasetHandler.addItem,0,0,0
org.jfree.chart.axis.LogAxis.estimateMaximumTickLabelHeight,0,0,0
org.jfree.chart.renderer.category.ScatterRenderer.getItemMargin,0,0,0
org.jfree.chart.plot.dial.DialPlot.getPlotType,0,0,0
org.jfree.chart.plot.XYPlot.setRangeAxes,2,0,2
org.jfree.chart.block.AbstractBlock.trimToContentWidth,1,5,6
org.jfree.chart.axis.CategoryAxis.addCategoryLabelToolTip,0,0,0
org.jfree.chart.plot.dial.StandardDialFrame.hashCode,0,0,0
org.jfree.chart.axis.CategoryAxis.getCategorySeriesMiddle,3,1,4
org.jfree.chart.title.Title.getPosition,0,0,0
org.jfree.data.json.JSONUtils.writeKeyedValues2D,16,0,16
org.jfree.chart.renderer.category.ScatterRenderer.getUseOutlinePaint,0,0,0
org.jfree.chart.ChartPanel.getToolTipText,6,0,6
org.jfree.chart.date.SerialDate.addMonths,0,0,0
org.jfree.chart.axis.Axis.setTickMarkStroke,1,1,2
org.jfree.chart.renderer.LookupPaintScale$PaintItem.compareTo,0,4,4
org.jfree.data.KeyedValueComparatorType.toString,0,0,0
org.jfree.chart.entity.TitleEntity.readObject,0,0,0
org.jfree.chart.util.SerialUtils.writeAttributedString,1,7,8
org.jfree.chart.needle.MeterNeedle.setRotateX,0,0,0
org.jfree.chart.LegendItem.<clinit>,0,0,0
org.jfree.chart.needle.MeterNeedle.setRotateY,0,0,0
org.jfree.chart.plot.dial.DialTextAnnotation.getRadius,0,0,0
org.jfree.data.time.Day.getSerialIndex,0,0,0
org.jfree.chart.renderer.category.BarRenderer.drawItemLabel,16,0,16
org.jfree.chart.axis.AxisLabelLocation.<clinit>,0,0,0
org.jfree.data.xy.MatrixSeries.update,0,0,0
org.jfree.chart.axis.CategoryAxis.clone,0,0,0
org.jfree.chart.axis.TickType.toString,0,0,0
org.jfree.chart.renderer.Outlier.overlaps,8,0,8
org.jfree.chart.entity.CategoryLabelEntity.toString,0,0,0
org.jfree.chart.plot.PiePlot.getArcCenter,8,0,8
org.jfree.chart.text.TextBlock.setLineAlignment,1,1,2
org.jfree.data.xy.CategoryTableXYDataset.getIntervalPositionFactor,0,0,0
org.jfree.chart.labels.BoxAndWhiskerXYToolTipGenerator.<init>,0,0,0
org.jfree.chart.plot.XYPlot.clearRangeMarkers,9,11,20
org.jfree.data.time.Quarter.next,1,3,4
org.jfree.chart.plot.CompassPlot.getLegendItems,0,0,0
org.jfree.chart.entity.ChartEntity.<init>,0,0,0
org.jfree.chart.plot.CategoryPlot.getDomainMarkers,1,5,6
org.jfree.chart.PolarChartPanel.setChart,0,0,0
org.jfree.data.time.DynamicTimeSeriesCollection$ValueSequence.getData,0,0,0
org.jfree.data.xy.XIntervalDataItem.<init>,0,0,0
org.jfree.chart.plot.Plot.getBackgroundImage,0,0,0
org.jfree.chart.plot.CategoryPlot.panDomainAxes,0,0,0
org.jfree.chart.axis.AxisSpace.setLeft,0,0,0
org.jfree.chart.axis.Axis.getTickLabelFont,0,0,0
org.jfree.data.time.Month.findSeparator,1,5,6
org.jfree.chart.labels.AbstractXYItemLabelGenerator.getYDateFormat,0,0,0
org.jfree.chart.renderer.DefaultPolarItemRenderer.setUseFillPaint,0,0,0
org.jfree.chart.plot.MultiplePiePlot.getDataset,0,0,0
org.jfree.chart.plot.SpiderWebPlot.setDataset,4,0,4
org.jfree.chart.renderer.category.LayeredBarRenderer.drawVerticalItem,28,14,42
org.jfree.chart.panel.CrosshairOverlay.getRangeCrosshairs,0,0,0
org.jfree.data.general.DefaultHeatMapDataset.getMaximumXValue,0,0,0
org.jfree.chart.annotations.CategoryLineAnnotation.<init>,0,0,0
org.jfree.chart.axis.PeriodAxis.setFirst,0,0,0
org.jfree.data.category.DefaultIntervalCategoryDataset.equal,5,7,12
org.jfree.chart.renderer.GrayPaintScale.clone,0,0,0
org.jfree.chart.text.TextLine.equals,3,3,6
org.jfree.data.general.Series.addChangeListener,0,0,0
org.jfree.chart.plot.Marker.notifyListeners,1,3,4
org.jfree.chart.renderer.category.LineAndShapeRenderer.getUseFillPaint,0,0,0
org.jfree.data.time.ohlc.OHLCSeries.add,1,3,4
org.jfree.chart.title.PaintScaleLegend.getAxis,0,0,0
org.jfree.chart.plot.XYPlot.setRangeAxis,4,10,14
org.jfree.chart.block.AbstractBlock.getFrame,0,0,0
org.jfree.chart.util.SerialUtils.readPoint2D,2,2,4
org.jfree.chart.imagemap.StandardURLTagFragmentGenerator.<init>,0,0,0
org.jfree.chart.plot.CategoryPlot.setRowRenderingOrder,0,0,0
org.jfree.data.xy.XYIntervalSeries.getXHighValue,0,0,0
org.jfree.data.xy.XIntervalSeries.add,0,0,0
org.jfree.data.xy.IntervalXYDelegate.setIntervalPositionFactor,2,2,4
org.jfree.chart.renderer.xy.XYStepRenderer.drawItem,14,16,30
org.jfree.data.general.DatasetUtils.findItemIndicesForX,14,34,48
org.jfree.chart.annotations.TextAnnotation.setRotationAnchor,0,0,0
org.jfree.chart.renderer.xy.XYBoxAndWhiskerRenderer.setArtifactPaint,0,0,0
org.jfree.chart.renderer.xy.CandlestickRenderer.drawItem,48,0,48
org.jfree.chart.renderer.xy.AbstractXYItemRenderer.setURLGenerator,0,0,0
org.jfree.chart.renderer.category.MinMaxCategoryRenderer.setGroupStroke,0,0,0
org.jfree.chart.plot.Plot.equals,4,30,34
org.jfree.chart.plot.PlotRenderingInfo.getSubplotIndex,4,0,4
org.jfree.data.xy.VectorSeriesCollection.<init>,0,0,0
org.jfree.chart.block.BlockResult.<init>,0,0,0
org.jfree.chart.renderer.category.BarRenderer.isInternalAnchor,26,0,26
org.jfree.data.xy.XIntervalSeriesCollection.addSeries,0,0,0
org.jfree.chart.axis.NumberAxis.selectHorizontalAutoTickUnit,0,6,6
org.jfree.chart.renderer.category.LineAndShapeRenderer.getDefaultShapesFilled,0,0,0
org.jfree.data.xy.CategoryTableXYDataset.getSeriesKey,0,0,0
org.jfree.chart.plot.dial.DialPlot.hashCode,0,0,0
org.jfree.chart.block.FlowArrangement.arrangeFF,0,0,0
org.jfree.data.time.TimeTableXYDataset.getEndXValue,0,0,0
org.jfree.chart.util.ObjectUtils.equal,0,4,4
org.jfree.chart.JFreeChart.setTitle,3,5,8
org.jfree.chart.renderer.AbstractRenderer.getSeriesPositiveItemLabelPosition,2,0,2
org.jfree.chart.block.FlowArrangement.arrangeFN,1,5,6
org.jfree.chart.ChartUtils.encodeAsPNG,0,0,0
org.jfree.data.time.FixedMillisecond.<init>,0,0,0
org.jfree.data.xy.XYIntervalSeriesCollection.getY,0,0,0
org.jfree.data.xy.XYIntervalSeriesCollection.getX,0,0,0
org.jfree.data.xy.DefaultTableXYDataset.hashCode,8,0,8
org.jfree.chart.block.FlowArrangement.arrangeFR,1,1,2
org.jfree.chart.labels.AbstractXYItemLabelGenerator.getXFormat,0,0,0
org.jfree.data.xy.CategoryTableXYDataset.isAutoWidth,0,0,0
org.jfree.chart.annotations.XYTitleAnnotation.equals,6,12,18
org.jfree.chart.renderer.category.ScatterRenderer.setItemMargin,4,0,4
org.jfree.data.xy.XYSeries.setMaximumItemCount,0,2,2
org.jfree.chart.labels.AbstractXYItemLabelGenerator.equals,3,13,16
org.jfree.chart.plot.PolarPlot.isRadiusGridlinesVisible,0,0,0
org.jfree.data.time.Minute.getFirstMillisecond,0,0,0
org.jfree.chart.axis.SymbolAxis.autoAdjustRange,19,1,20
org.jfree.chart.needle.ShipNeedle.hashCode,0,0,0
org.jfree.chart.axis.Axis.setLabelLocation,0,0,0
org.jfree.data.statistics.DefaultBoxAndWhiskerCategoryDataset.updateBounds,7,15,22
org.jfree.chart.ui.RectangleInsets.calculateLeftInset,1,1,2
org.jfree.chart.plot.XYPlot.setQuadrantPaint,2,2,4
org.jfree.chart.ChartFrame.<init>,2,0,2
org.jfree.chart.renderer.xy.AbstractXYItemRenderer.drawAnnotations,2,4,6
org.jfree.chart.renderer.DefaultPolarItemRenderer.getConnectFirstAndLastPoint,0,0,0
org.jfree.chart.plot.PiePlot.isCircular,0,0,0
org.jfree.chart.renderer.xy.StackedXYAreaRenderer$StackedXYAreaRendererState.getSeriesArea,0,0,0
org.jfree.chart.plot.XYPlot.setDomainCrosshairLockedOnData,2,0,2
org.jfree.chart.axis.Axis.setTickLabelFont,1,1,2
org.jfree.data.time.Hour.getMonth,0,0,0
org.jfree.chart.plot.PolarPlot.setCounterClockwise,0,0,0
org.jfree.chart.axis.StandardTickUnitSource.getLargerTickUnit,0,0,0
org.jfree.chart.renderer.category.BarRenderer.setMinimumBarLength,1,1,2
org.jfree.chart.plot.XYPlot.getRangeAxisIndex,0,4,4
org.jfree.data.gantt.XYTaskDataset.getStartYValue,2,0,2
org.jfree.chart.block.CenterArrangement.arrangeFR,2,0,2
org.jfree.chart.block.CenterArrangement.arrangeFN,0,0,0
org.jfree.data.category.DefaultIntervalCategoryDataset.getSeriesKey,4,0,4
org.jfree.chart.renderer.xy.XYAreaRenderer2.drawItem,15,7,22
org.jfree.data.statistics.BoxAndWhiskerCalculator.<init>,0,0,0
org.jfree.data.statistics.SimpleHistogramBin.getItemCount,0,0,0
org.jfree.data.time.TimeSeries.getMaxY,0,0,0
org.jfree.chart.plot.dial.DialTextAnnotation.isClippedToWindow,0,0,0
org.jfree.chart.plot.XYPlot.setDomainGridlinesVisible,1,1,2
org.jfree.chart.renderer.category.MinMaxCategoryRenderer.readObject,0,0,0
org.jfree.chart.block.CenterArrangement.arrangeFF,0,0,0
org.jfree.chart.plot.XYPlot.isRangeCrosshairLockedOnData,0,0,0
org.jfree.chart.renderer.xy.XYBarRenderer.getShadowXOffset,0,0,0
org.jfree.data.xy.XYDataItem.getX,0,0,0
org.jfree.chart.axis.AxisLocation.toString,0,0,0
org.jfree.data.xy.XYDataItem.getY,0,0,0
org.jfree.chart.renderer.xy.XYAreaRenderer$XYAreaRendererState.<init>,0,0,0
org.jfree.data.gantt.TaskSeries.add,0,0,0
org.jfree.chart.util.DirectionalGradientPaintTransformer.<init>,0,0,0
org.jfree.chart.plot.dial.StandardDialScale.setMinorTickPaint,0,0,0
org.jfree.chart.renderer.category.MinMaxCategoryRenderer.getGroupStroke,0,0,0
org.jfree.data.xy.DefaultTableXYDataset.getItemCount,1,1,2
org.jfree.data.time.TimeSeries.getNextTimePeriod,0,0,0
org.jfree.data.xy.XYSeriesCollection.setAutoWidth,0,0,0
org.jfree.chart.plot.CombinedDomainCategoryPlot.zoomRangeAxes,8,0,8
org.jfree.chart.title.LegendTitle.writeObject,0,0,0
org.jfree.chart.ChartFactory.createGanttChart,2,2,4
org.jfree.chart.axis.CategoryLabelPosition.<init>,0,0,0
org.jfree.chart.util.Args.nullNotPermitted,0,2,2
org.jfree.chart.plot.FastScatterPlot.getDomainGridlineStroke,0,0,0
org.jfree.chart.JFreeChart.getBackgroundImageAlpha,0,0,0
org.jfree.chart.axis.AxisSpace.toString,0,0,0
org.jfree.chart.axis.LogAxis.java2DToValue,1,5,6
org.jfree.chart.date.SerialDate.monthCodeToQuarter,2,3,5
org.jfree.chart.axis.PeriodAxis.drawTickMarksVertical,0,0,0
org.jfree.chart.ui.Layer.<clinit>,0,0,0
org.jfree.chart.util.AbstractObjectList.equals,2,8,10
org.jfree.chart.ui.HorizontalAlignment.equals,2,4,6
org.jfree.chart.LegendItem.isShapeOutlineVisible,0,0,0
org.jfree.chart.block.AbstractBlock.getWidth,0,0,0
org.jfree.chart.plot.MeterPlot.<clinit>,0,0,0
org.jfree.chart.axis.LogAxis.estimateMaximumTickLabelWidth,1,1,2
org.jfree.chart.block.AbstractBlock.setWidth,0,0,0
org.jfree.chart.plot.dial.DialTextAnnotation.getAnchor,0,0,0
org.jfree.chart.annotations.XYTextAnnotation.draw,5,5,10
org.jfree.chart.ui.Size2D.equals,8,0,8
org.jfree.chart.plot.PolarPlot.setRadiusMinorGridlinesVisible,0,0,0
org.jfree.chart.PaintMap.writeObject,0,2,2
org.jfree.chart.editor.DefaultValueAxisEditor.createTickUnitPanel,0,0,0
org.jfree.data.time.TimePeriodValues.updateBounds,0,24,24
org.jfree.chart.axis.DateTickUnit.getMillisecondCount,1,13,14
org.jfree.data.xy.DefaultHighLowDataset.getOpen,0,0,0
org.jfree.chart.plot.PiePlot.getAutoPopulateSectionOutlineStroke,0,0,0
org.jfree.chart.annotations.XYImageAnnotation.hashCode,0,0,0
org.jfree.data.general.DatasetUtils.iterateRangeBounds,6,58,64
org.jfree.chart.axis.CategoryAnchor.<clinit>,0,0,0
org.jfree.chart.axis.DateAxis.<init>,0,0,0
org.jfree.chart.plot.XYPlot.calculateRangeAxisSpace,5,7,12
org.jfree.chart.renderer.category.BoxAndWhiskerRenderer.getWhiskerWidth,0,0,0
org.jfree.chart.renderer.AbstractRenderer.setSeriesVisible,1,1,2
org.jfree.chart.util.AttrStringUtils.isHorizontalRight,10,0,10
org.jfree.chart.plot.PiePlotState.setTotal,0,0,0
org.jfree.data.xy.IntervalXYDelegate.calculateIntervalForSeries,0,4,4
org.jfree.chart.title.PaintScaleLegend.setStripOutlineStroke,0,0,0
org.jfree.chart.annotations.CategoryLineAnnotation.setCategory2,0,0,0
org.jfree.chart.annotations.CategoryLineAnnotation.setCategory1,0,0,0
org.jfree.chart.title.TextTitle.setText,1,1,2
org.jfree.chart.renderer.xy.XYBarRenderer.setNegativeItemLabelPositionFallback,0,0,0
org.jfree.chart.plot.DatasetRenderingOrder.equals,2,4,6
org.jfree.chart.annotations.CategoryPointerAnnotation.getArrowLength,0,0,0
org.jfree.data.json.impl.JSONObject.<init>,0,0,0
org.jfree.chart.plot.PiePlot.drawLeftLabel,4,4,8
org.jfree.chart.plot.Plot.isNotify,0,0,0
org.jfree.chart.plot.Plot.removeChangeListener,0,0,0
org.jfree.chart.labels.StandardCrosshairLabelGenerator.getNumberFormat,0,0,0
org.jfree.chart.plot.FastScatterPlot.getDomainGridlinePaint,0,0,0
org.jfree.data.function.PowerFunction2D.equals,2,4,6
org.jfree.data.jdbc.JDBCXYDataset.<init>,0,0,0
org.jfree.chart.labels.StandardXYToolTipGenerator.getTimeSeriesInstance,0,0,0
org.jfree.data.xy.XYInterval.getY,0,0,0
org.jfree.chart.axis.DateAxis.getTickMarkPosition,0,0,0
org.jfree.chart.renderer.category.StatisticalLineAndShapeRenderer.writeObject,0,0,0
org.jfree.data.general.AbstractSeriesDataset.indexOf,0,4,4
org.jfree.chart.plot.XYPlot.isRangePannable,0,0,0
org.jfree.chart.annotations.CategoryPointerAnnotation.getArrowStroke,0,0,0
org.jfree.chart.axis.AxisSpace.equals,1,11,12
org.jfree.chart.ChartPanel.updateUI,1,1,2
org.jfree.chart.JFreeChart.setAntiAlias,2,0,2
org.jfree.chart.renderer.AbstractRenderer.lookupSeriesShape,3,5,8
org.jfree.data.xml.RootHandler.characters,2,0,2
org.jfree.data.ComparableObjectSeries.getItemCount,0,0,0
org.jfree.chart.entity.StandardEntityCollection.clone,0,2,2
org.jfree.chart.axis.LogarithmicAxis.setupSmallLogFlag,2,4,6
org.jfree.chart.plot.XYPlot.getOrientation,0,0,0
org.jfree.data.xy.CategoryTableXYDataset.add,1,1,2
org.jfree.chart.plot.XYPlot.setDataset,1,3,4
org.jfree.chart.LegendItem.setLineVisible,0,0,0
org.jfree.chart.needle.PointerNeedle.equals,3,3,6
org.jfree.data.time.TimeSeries.setMaximumItemAge,1,1,2
org.jfree.data.time.TimeSeriesCollection.removeAllSeries,0,2,2
org.jfree.data.statistics.DefaultMultiValueCategoryDataset.getValue,14,6,20
org.jfree.data.xy.VectorDataItem.<init>,0,0,0
org.jfree.chart.axis.ModuloAxis.setDisplayRange,1,1,2
org.jfree.data.DataUtils.clone,0,4,4
org.jfree.chart.JFreeChart.createBufferedImage,0,0,0
org.jfree.chart.plot.WaferMapPlot.drawWaferEdge,2,0,2
org.jfree.chart.plot.CategoryPlot.getCategories,1,1,2
org.jfree.chart.encoders.SunJPEGEncoderAdapter.getQuality,0,0,0
org.jfree.chart.plot.Crosshair.getLabelOutlineStroke,0,0,0
org.jfree.chart.plot.RingPlot.getCenterTextMode,0,0,0
org.jfree.chart.title.LegendTitle.getLegendItemGraphicPadding,0,0,0
org.jfree.chart.renderer.category.WaterfallBarRenderer.findRangeBounds,2,10,12
org.jfree.chart.title.ImageTitle.arrange,0,0,0
org.jfree.chart.title.LegendTitle.<clinit>,0,0,0
org.jfree.chart.encoders.SunJPEGEncoderAdapter.setQuality,4,0,4
org.jfree.chart.renderer.category.BoxAndWhiskerRenderer.getFillBox,0,0,0
org.jfree.chart.plot.CategoryPlot.configureRangeAxes,0,4,4
org.jfree.chart.renderer.xy.XYStepRenderer.getStepPoint,0,0,0
org.jfree.chart.plot.MeterPlot.getTickSize,0,0,0
org.jfree.chart.PaintMap.getPaint,0,0,0
org.jfree.chart.annotations.XYPolygonAnnotation.draw,16,0,16
org.jfree.data.time.TimeSeriesTableModel.getValueAt,10,0,10
org.jfree.chart.axis.LogAxis.pan,0,0,0
org.jfree.chart.plot.Marker.getOutlineStroke,0,0,0
org.jfree.chart.renderer.DefaultPolarItemRenderer.getLegendItemURLGenerator,0,0,0
org.jfree.data.xy.XYSeries.getMaximumItemCount,0,0,0
org.jfree.chart.resources.JFreeChartResources.getContents,0,0,0
org.jfree.chart.axis.Axis.<clinit>,0,0,0
org.jfree.chart.renderer.category.GanttRenderer.setCompletePaint,0,0,0
org.jfree.chart.plot.XYPlot.setSeriesRenderingOrder,0,0,0
org.jfree.data.DefaultKeyedValues.getIndex,0,2,2
org.jfree.chart.util.HMSNumberFormat.parse,0,0,0
org.jfree.data.time.TimeSeriesTableModel.setValueAt,8,0,8
org.jfree.chart.renderer.xy.HighLowRenderer.setDrawCloseTicks,0,0,0
org.jfree.chart.plot.CategoryPlot.getPlotType,0,0,0
org.jfree.chart.plot.dial.ArcDialFrame.getWindow,0,0,0
org.jfree.chart.axis.DateTickMarkPosition.readResolve,3,3,6
org.jfree.chart.axis.CategoryLabelPositions.<clinit>,0,0,0
org.jfree.data.ComparableObjectItem.equals,2,6,8
org.jfree.chart.block.CenterArrangement.arrangeNN,0,0,0
org.jfree.chart.plot.FastScatterPlot.panRangeAxes,6,0,6
org.jfree.chart.text.TextBox.setShadowYOffset,0,0,0
org.jfree.chart.title.PaintScaleLegend.<clinit>,1,1,2
org.jfree.chart.block.CenterArrangement.arrangeRN,2,0,2
org.jfree.data.time.ohlc.OHLCItem.<init>,0,0,0
org.jfree.chart.util.RelativeDateFormat.setMinuteSuffix,0,0,0
org.jfree.data.time.Day.<init>,0,0,0
org.jfree.chart.date.SerialDate.isValidWeekInMonthCode,2,0,2
org.jfree.chart.annotations.XYPolygonAnnotation.writeObject,0,0,0
org.jfree.chart.block.CenterArrangement.equals,4,0,4
org.jfree.chart.StandardChartTheme.getLargeFont,0,0,0
org.jfree.chart.block.CenterArrangement.arrangeRF,2,0,2
org.jfree.data.xml.DatasetReader.readCategoryDatasetFromXML,0,0,0
org.jfree.chart.axis.DateTickUnit.<init>,2,2,4
org.jfree.chart.urls.URLUtilities.<init>,0,0,0
org.jfree.data.general.DefaultHeatMapDataset.setZValue,0,2,2
org.jfree.chart.plot.CategoryPlot.checkAxisIndices,4,6,10
org.jfree.chart.plot.SpiderWebPlot.readObject,1,1,2
org.jfree.chart.renderer.category.AbstractCategoryItemRenderer.findRangeBounds,1,7,8
org.jfree.chart.plot.dial.DialValueIndicator.setRadius,0,0,0
org.jfree.chart.plot.CategoryPlot.drawDomainCrosshair,2,0,2
org.jfree.chart.plot.dial.DialPlot.dialLayerChanged,0,0,0
org.jfree.chart.block.FlowArrangement.arrangeRR,0,2,2
org.jfree.data.xy.XIntervalSeries.getDataItem,0,0,0
org.jfree.chart.axis.NumberTickUnitSource.getMinorTickCount,0,4,4
org.jfree.chart.ui.RectangleInsets.getRight,0,0,0
org.jfree.chart.ChartPanel.setZoomOutFactor,0,0,0
org.jfree.chart.block.FlowArrangement.arrangeRN,2,0,2
org.jfree.chart.renderer.category.ScatterRenderer.setUseFillPaint,0,0,0
org.jfree.data.gantt.SlidingGanttCategoryDataset.getColumnCount,2,0,2
org.jfree.chart.annotations.CategoryPointerAnnotation.setArrowWidth,0,0,0
org.jfree.chart.plot.dial.DialBackground.getPaint,0,0,0
org.jfree.chart.axis.ValueAxis.getLowerBound,0,0,0
org.jfree.chart.plot.PolarPlot.rendererChanged,0,0,0
org.jfree.chart.plot.XYPlot.getSeriesCount,2,0,2
org.jfree.data.xy.DefaultXYDataset.getSeriesKey,0,4,4
org.jfree.data.statistics.DefaultBoxAndWhiskerCategoryDataset.add,1,19,20
org.jfree.chart.title.TextTitle.readObject,0,0,0
org.jfree.chart.plot.PolarAxisLocation.toString,0,0,0
org.jfree.chart.plot.PiePlot.getDefaultSectionPaint,0,0,0
org.jfree.chart.axis.PeriodAxis.equals,2,24,26
org.jfree.data.time.Hour.hashCode,0,0,0
org.jfree.chart.renderer.xy.XYLineAndShapeRenderer.getLegendLine,0,0,0
org.jfree.chart.axis.LogarithmicAxis.<clinit>,0,0,0
org.jfree.chart.JFreeChart.removeLegend,0,0,0
org.jfree.chart.renderer.xy.XYBoxAndWhiskerRenderer.writeObject,0,0,0
org.jfree.data.time.TimeTableXYDataset.equals,3,9,12
org.jfree.chart.renderer.category.MinMaxCategoryRenderer.equals,2,8,10
org.jfree.chart.axis.PeriodAxisLabelInfo.equals,1,19,20
org.jfree.chart.plot.dial.DialPlot.setView,0,0,0
org.jfree.chart.renderer.xy.XYSplineRenderer.setFillType,0,0,0
org.jfree.chart.title.LegendGraphic.setShapeFilled,0,0,0
org.jfree.chart.plot.CompassPlot.setSeriesNeedle,12,3,15
org.jfree.chart.axis.SymbolAxis.drawGridBands,4,0,4
org.jfree.chart.axis.AxisState.cursorDown,0,0,0
org.jfree.data.xy.XYSeries.hashCode,2,8,10
org.jfree.chart.plot.XYPlot.draw,43,49,92
org.jfree.chart.plot.PiePlot.drawRightLabel,4,4,8
org.jfree.chart.axis.DateTickUnitType.getCalendarField,0,0,0
org.jfree.chart.entity.LegendItemEntity.<init>,0,0,0
org.jfree.chart.renderer.category.AbstractCategoryItemRenderer.calculateDomainMarkerTextAnchorPoint,4,0,4
org.jfree.chart.ChartPanel.getVerticalTraceLine,0,0,0
org.jfree.data.DefaultKeyedValue.<init>,0,0,0
org.jfree.chart.block.CenterArrangement.arrangeNF,0,0,0
org.jfree.chart.plot.PiePlot.getToolTipGenerator,0,0,0
org.jfree.chart.renderer.category.AbstractCategoryItemRenderer.setSeriesToolTipGenerator,1,1,2
org.jfree.chart.ui.HorizontalAlignment.toString,0,0,0
org.jfree.chart.plot.RingPlot.getLabelLinkDepth,0,0,0
org.jfree.chart.annotations.XYShapeAnnotation.writeObject,0,0,0
org.jfree.chart.StandardChartTheme.applyToMultiplePiePlot,0,0,0
org.jfree.chart.entity.AxisEntity.hashCode,0,0,0
org.jfree.chart.ui.RectangleInsets.createOutsetRectangle,3,3,6
org.jfree.chart.axis.ValueAxis.setRangeAboutValue,0,0,0
org.jfree.chart.axis.CategoryTick.getLabelAnchor,0,0,0
org.jfree.chart.renderer.OutlierListCollection.setHighFarOut,0,0,0
org.jfree.chart.needle.PinNeedle.equals,3,3,6
org.jfree.chart.plot.dial.AbstractDialLayer.hasListener,0,0,0
org.jfree.chart.plot.CombinedRangeXYPlot.panDomainAxes,10,0,10
org.jfree.data.time.Month.compareTo,3,3,6
org.jfree.chart.axis.DateAxis.setTickMarkPosition,0,0,0
org.jfree.chart.renderer.xy.SamplingXYLineRenderer.readObject,0,0,0
org.jfree.chart.plot.PiePlot.getLabelGap,0,0,0
org.jfree.chart.plot.Plot.getDrawingSupplier,0,2,2
org.jfree.chart.renderer.category.AbstractCategoryItemRenderer.setDefaultToolTipGenerator,1,1,2
org.jfree.chart.axis.DateTick.getDate,0,0,0
org.jfree.chart.plot.CategoryPlot.setRenderer,3,3,6
org.jfree.chart.renderer.xy.XYShapeRenderer.setGuideLineStroke,0,0,0
org.jfree.data.io.CSV.extractColumnKeys,6,0,6
org.jfree.chart.editor.DefaultTitleEditor.getTitlePaint,0,0,0
org.jfree.chart.plot.XYPlot.mapDatasetToRangeAxis,0,0,0
org.jfree.chart.plot.MeterPlot.getLegendItems,1,3,4
org.jfree.chart.plot.dial.StandardDialRange.setScaleIndex,0,0,0
org.jfree.data.xy.XYSeries.getAutoSort,0,0,0
org.jfree.chart.plot.dial.StandardDialScale.setTickLabelsVisible,0,0,0
org.jfree.chart.renderer.category.AreaRenderer.<init>,0,0,0
org.jfree.chart.ChartFactory.createMultiplePieChart,4,0,4
org.jfree.data.xy.XYIntervalSeriesCollection.getEndY,0,0,0
org.jfree.chart.axis.DateTickUnit.addToDate,0,0,0
org.jfree.chart.plot.CategoryMarker.equals,3,7,10
org.jfree.chart.plot.PlotOrientation.<init>,0,0,0
org.jfree.chart.plot.dial.StandardDialRange.getScaleIndex,0,0,0
org.jfree.data.xy.XYIntervalSeriesCollection.getEndX,0,0,0
org.jfree.data.xy.XYSeries.<init>,0,0,0
org.jfree.chart.plot.PiePlot.drawLabels,7,11,18
org.jfree.chart.axis.StandardTickUnitSource.hashCode,0,0,0
org.jfree.chart.urls.StandardPieURLGenerator.equals,1,9,10
org.jfree.data.statistics.Statistics.<init>,0,0,0
org.jfree.data.time.Second.next,1,3,4
org.jfree.chart.axis.Axis.getFixedDimension,0,0,0
org.jfree.chart.plot.CategoryPlot.mapDatasetToDomainAxis,0,0,0
org.jfree.chart.editor.DefaultNumberAxisEditor.setAxisProperties,2,0,2
org.jfree.chart.axis.ValueAxis.getUpperBound,0,0,0
org.jfree.data.time.RegularTimePeriod.getMiddleMillisecond,0,0,0
org.jfree.chart.util.ShapeList.clone,0,0,0
org.jfree.chart.axis.MarkerAxisBand.<init>,0,0,0
org.jfree.chart.plot.MeterPlot.zoom,0,0,0
org.jfree.data.KeyToGroupMap.getGroupIndex,0,4,4
org.jfree.chart.renderer.category.MinMaxCategoryRenderer$2.getIconHeight,0,0,0
org.jfree.chart.StandardChartTheme.apply,2,4,6
org.jfree.data.general.DefaultPieDataset.getItemCount,0,0,0
org.jfree.chart.axis.CyclicNumberAxis.setOffset,0,0,0
org.jfree.chart.entity.ChartEntity.getImageMapAreaTag,18,0,18
org.jfree.chart.axis.DateTickUnit.equals,5,7,12
org.jfree.chart.plot.XYPlot.calculateAxisSpace,0,0,0
org.jfree.chart.renderer.xy.StackedXYBarRenderer.hashCode,0,2,2
org.jfree.data.xy.WindDataItem.getX,0,0,0
org.jfree.chart.axis.PeriodAxis.setAutoRangeTimePeriodClass,0,0,0
org.jfree.chart.renderer.xy.StackedXYAreaRenderer2.setRoundXCoordinates,0,0,0
org.jfree.chart.editor.DefaultPlotEditor.getRangeAxisPropertyEditPanel,0,0,0
org.jfree.data.category.DefaultCategoryDataset.getRowKey,0,0,0
org.jfree.chart.renderer.xy.XYStepAreaRenderer.getPlotArea,0,0,0
org.jfree.data.gantt.SlidingGanttCategoryDataset.getRowKey,0,0,0
org.jfree.chart.labels.StandardCategoryItemLabelGenerator.<init>,0,0,0
org.jfree.chart.urls.URLUtilities.encode,0,0,0
org.jfree.chart.renderer.category.StatisticalBarRenderer.drawItem,3,5,8
org.jfree.chart.plot.dial.DialPointer$Pin.equals,2,6,8
org.jfree.chart.axis.DateAxis.getTimeline,0,0,0
org.jfree.chart.renderer.xy.DefaultXYItemRenderer.<init>,0,0,0
org.jfree.chart.editor.ChartEditorManager.<clinit>,0,0,0
org.jfree.chart.plot.MultiplePiePlot.setDataset,1,3,4
org.jfree.chart.event.ChartChangeEvent.getChart,0,0,0
org.jfree.chart.plot.dial.StandardDialFrame.getStroke,0,0,0
org.jfree.chart.util.ShapeUtils.createDownTriangle,0,0,0
org.jfree.chart.plot.XYPlot.mapDatasetToRangeAxes,0,0,0
org.jfree.chart.plot.ThermometerPlot.setUseSubrangePaint,0,0,0
org.jfree.chart.plot.dial.DialBackground.setGradientPaintTransformer,0,0,0
org.jfree.chart.plot.PolarPlot.setAngleLabelFont,0,0,0
org.jfree.chart.plot.CategoryCrosshairState.<init>,0,0,0
org.jfree.data.statistics.Statistics.getSlope,4,0,4
org.jfree.chart.StandardChartTheme$1.apply,0,0,0
org.jfree.chart.plot.ThermometerPlot.setRange,0,0,0
org.jfree.data.function.PowerFunction2D.<init>,0,0,0
org.jfree.data.Range.getUpperBound,0,0,0
org.jfree.chart.axis.NumberAxis.getAutoRangeStickyZero,0,0,0
org.jfree.chart.plot.PolarPlot.getAxisForDataset,2,0,2
org.jfree.chart.renderer.DefaultPolarItemRenderer.getSeriesToolTipGenerator,0,0,0
org.jfree.chart.plot.SpiderWebPlot.getInteriorGap,0,0,0
org.jfree.chart.renderer.category.StackedAreaRenderer.adjustedStackValues,8,0,8
org.jfree.chart.plot.dial.StandardDialScale.equals,3,35,38
org.jfree.chart.title.LegendTitle.getSortOrder,0,0,0
org.jfree.chart.plot.PolarPlot.isDomainZoomable,0,0,0
org.jfree.data.statistics.DefaultMultiValueCategoryDataset.getRangeBounds,0,0,0
org.jfree.chart.renderer.xy.XYAreaRenderer2.equals,2,6,8
org.jfree.chart.ui.TextAnchor.toString,0,0,0
org.jfree.data.xy.VectorSeriesCollection.getItemCount,0,0,0
org.jfree.chart.entity.CategoryItemEntity.<init>,0,0,0
org.jfree.chart.axis.SubCategoryAxis.setSubLabelFont,0,0,0
org.jfree.chart.plot.dial.DialValueIndicator.setInsets,0,0,0
org.jfree.chart.plot.Plot.addChangeListener,0,0,0
org.jfree.chart.plot.FastScatterPlot.setDomainGridlinesVisible,1,1,2
org.jfree.chart.renderer.xy.XYAreaRenderer.getPlotArea,0,0,0
org.jfree.chart.util.LogFormat.equals,3,11,14
org.jfree.data.time.TimeSeriesCollection.getStartY,0,0,0
org.jfree.chart.renderer.xy.CandlestickRenderer.setMaxCandleWidthInMilliseconds,0,0,0
org.jfree.chart.labels.StandardCrosshairLabelGenerator.generateLabel,0,0,0
org.jfree.chart.annotations.XYDataImageAnnotation.getHeight,0,0,0
org.jfree.chart.axis.DateAxis.equals,2,14,16
org.jfree.chart.ui.StandardGradientPaintTransformer.hashCode,1,1,2
org.jfree.chart.entity.CategoryItemEntity.equals,5,5,10
org.jfree.data.json.impl.JSONValue.<init>,0,0,0
org.jfree.data.time.SimpleTimePeriod.getEndMillis,0,0,0
org.jfree.data.time.TimeSeriesCollection.getStartX,0,0,0
org.jfree.chart.axis.AxisSpace.ensureAtLeast,11,5,16
org.jfree.chart.axis.SymbolAxis.draw,4,0,4
org.jfree.chart.plot.XYPlot.getRangeCrosshairValue,0,0,0
org.jfree.chart.util.RelativeDateFormat.getHourSuffix,0,0,0
org.jfree.chart.plot.PieLabelRecord.getLabelHeight,0,0,0
org.jfree.chart.plot.FastScatterPlot.setRangeAxis,0,0,0
org.jfree.data.xy.DefaultHighLowDataset.getSeriesKey,0,0,0
org.jfree.data.time.Month.hashCode,0,0,0
org.jfree.data.xy.VectorSeries.add,0,0,0
org.jfree.chart.renderer.xy.AbstractXYItemRenderer.setLegendItemToolTipGenerator,0,0,0
org.jfree.chart.renderer.AbstractRenderer.beginElementGroup,0,0,0
org.jfree.chart.renderer.xy.XYBarRenderer.getShadowsVisible,0,0,0
org.jfree.data.xy.XYBarDataset.getSeriesCount,0,0,0
org.jfree.data.statistics.HistogramDataset.getItemCount,0,0,0
org.jfree.chart.labels.StandardCategoryToolTipGenerator.equals,1,3,4
org.jfree.chart.ui.ApplicationFrame.windowActivated,0,0,0
org.jfree.data.statistics.DefaultStatisticalCategoryDataset.updateBounds,3,23,26
org.jfree.data.general.DefaultKeyedValueDataset.clone,0,0,0
org.jfree.chart.renderer.OutlierList.setAveragedOutlier,0,0,0
org.jfree.chart.renderer.WaferMapRenderer.makePaintIndex,9,0,9
org.jfree.chart.plot.Crosshair.setLabelXOffset,0,0,0
org.jfree.data.time.DateRange.getUpperMillis,0,0,0
org.jfree.chart.renderer.xy.XYBarRenderer.setBarPainter,0,0,0
org.jfree.chart.axis.PeriodAxis.getMinorTickMarkStroke,0,0,0
org.jfree.chart.axis.PeriodAxisLabelInfo.getDividerPaint,0,0,0
org.jfree.data.general.AbstractDataset.notifyListeners,1,3,4
org.jfree.chart.renderer.category.BarRenderer.getMinimumBarLength,0,0,0
org.jfree.chart.util.AbstractObjectList.set,2,2,4
org.jfree.chart.plot.XYPlot.drawRangeCrosshair,4,0,4
org.jfree.chart.renderer.xy.XYBarRenderer.getBarPainter,0,0,0
org.jfree.data.time.Week.getSerialIndex,0,0,0
org.jfree.chart.renderer.category.BoxAndWhiskerRenderer.<init>,0,0,0
org.jfree.chart.util.RelativeDateFormat.setHourSuffix,0,0,0
org.jfree.chart.axis.CategoryAxis.getTickLabelPaint,1,1,2
org.jfree.chart.plot.PiePlot.getLabelLinkStyle,0,0,0
org.jfree.chart.plot.FastScatterPlot.getRangeGridlineStroke,0,0,0
org.jfree.chart.renderer.OutlierList.<init>,0,0,0
org.jfree.chart.renderer.xy.StandardXYBarPainter.<init>,0,0,0
org.jfree.chart.ChartFactory.createStackedBarChart,0,4,4
org.jfree.chart.axis.CyclicNumberAxis.getAdvanceLinePaint,0,0,0
org.jfree.chart.renderer.AbstractRenderer.isSeriesVisibleInLegend,0,2,2
org.jfree.chart.plot.dial.StandardDialRange.setOuterRadius,0,0,0
org.jfree.chart.panel.CrosshairOverlay.drawVerticalCrosshair,10,0,10
org.jfree.chart.text.TextBlockAnchor.toString,0,0,0
org.jfree.chart.axis.CategoryAxis.refreshTicks,9,13,22
org.jfree.data.time.TimePeriodValues.getTimePeriod,0,0,0
org.jfree.chart.ChartPanel.getZoomOutFactor,0,0,0
org.jfree.chart.axis.Tick.<init>,0,0,0
org.jfree.data.xy.XIntervalSeries.getYValue,0,0,0
org.jfree.data.xy.AbstractXYDataset.getYValue,0,2,2
org.jfree.chart.plot.CompassPlot.equals,6,18,24
org.jfree.chart.plot.XYPlot.calculateDomainAxisSpace,3,9,12
org.jfree.chart.renderer.category.BoxAndWhiskerRenderer.drawLowFarOut,0,0,0
org.jfree.data.xy.XYIntervalDataItem.getYLowValue,1,1,2
org.jfree.chart.plot.PieLabelLinkStyle.equals,1,5,6
org.jfree.data.xy.XYSeries.clear,1,1,2
org.jfree.chart.axis.Axis.getLabel,0,0,0
org.jfree.chart.block.AbstractBlock.getContentXOffset,0,0,0
org.jfree.chart.editor.DefaultPolarPlotEditor.focusLost,4,0,4
org.jfree.chart.entity.ChartEntity.getRectCoords,4,0,4
org.jfree.chart.plot.Crosshair.getLabelYOffset,0,0,0
org.jfree.chart.renderer.xy.XYDifferenceRenderer.getLegendLine,0,0,0
org.jfree.data.xy.IntervalXYDelegate.getStartX,1,1,2
org.jfree.chart.axis.Axis.writeObject,0,0,0
org.jfree.chart.plot.CategoryPlot.setAnchorValue,1,1,2
org.jfree.chart.urls.StandardXYZURLGenerator.<init>,0,0,0
org.jfree.chart.ChartPanel.setPopupMenu,0,0,0
org.jfree.chart.axis.Axis.drawLabel,5,7,12
org.jfree.chart.axis.CategoryAxis.equals,0,26,26
org.jfree.data.time.TimeSeriesCollection.hashCode,4,0,4
org.jfree.chart.annotations.XYTitleAnnotation.clone,0,0,0
org.jfree.chart.plot.dial.StandardDialRange.getUpperBound,0,0,0
org.jfree.data.xy.XYSeriesCollection.removeAllSeries,0,2,2
org.jfree.chart.axis.CategoryAxis.removeCategoryLabelToolTip,2,0,2
org.jfree.data.general.AbstractDataset.setGroup,0,0,0
org.jfree.chart.ui.RectangleInsets.<init>,1,1,2
org.jfree.chart.axis.ValueTick.<init>,0,0,0
org.jfree.chart.plot.CategoryPlot.setDomainCrosshairColumnKey,0,2,2
org.jfree.chart.title.CompositeTitle.setBackgroundPaint,0,0,0
org.jfree.chart.renderer.xy.XYBarRenderer.initialise,0,0,0
org.jfree.data.DefaultKeyedValues2D.setValue,0,6,6
org.jfree.data.statistics.DefaultBoxAndWhiskerXYDataset.getFaroutCoefficient,0,0,0
org.jfree.chart.axis.LogarithmicAxis.switchedLog10,0,2,2
org.jfree.chart.ui.StrokeSample.getPreferredSize,0,0,0
org.jfree.data.jdbc.JDBCPieDataset.executeQuery,11,0,11
org.jfree.chart.ui.StrokeSample.setStroke,0,0,0
org.jfree.chart.panel.CrosshairOverlay.removeDomainCrosshair,2,0,2
org.jfree.chart.renderer.category.AbstractCategoryItemRenderer.getLegendItem,6,6,12
org.jfree.chart.StandardChartTheme.getChartBackgroundPaint,0,0,0
org.jfree.chart.block.BorderArrangement.equals,2,12,14
org.jfree.chart.plot.PiePlotState.getTotal,0,0,0
org.jfree.chart.plot.Crosshair.getLabelAnchor,0,0,0
org.jfree.chart.axis.ValueTick.equals,3,5,8
org.jfree.chart.renderer.AbstractRenderer.getDefaultItemLabelsVisible,0,0,0
org.jfree.data.time.ohlc.OHLCSeriesCollection.getY,0,0,0
org.jfree.chart.renderer.xy.XYAreaRenderer.equals,2,16,18
org.jfree.data.time.ohlc.OHLCSeriesCollection.getX,6,0,6
org.jfree.chart.renderer.OutlierListCollection.setLowFarOut,0,0,0
org.jfree.chart.block.ColorBlock.draw,0,0,0
org.jfree.data.DefaultKeyedValues2D.clone,0,0,0
org.jfree.data.xy.MatrixSeriesCollection.getX,0,0,0
org.jfree.chart.renderer.xy.XYLineAndShapeRenderer.setDrawOutlines,0,0,0
org.jfree.chart.renderer.xy.CandlestickRenderer.getCandleWidth,0,0,0
org.jfree.chart.renderer.AbstractRenderer.clearSeriesStrokes,1,1,2
org.jfree.data.xy.MatrixSeriesCollection.getZ,0,0,0
org.jfree.chart.title.LegendGraphic.setOutlineStroke,0,0,0
org.jfree.data.xy.MatrixSeriesCollection.getY,0,0,0
org.jfree.data.xy.DefaultXYDataset.getDomainOrder,0,0,0
org.jfree.chart.plot.PolarPlot.getRadiusGridlineStroke,0,0,0
org.jfree.chart.plot.PlotOrientation.isHorizontal,0,0,0
org.jfree.chart.axis.Axis.setLabelAngle,0,0,0
org.jfree.chart.renderer.category.MinMaxCategoryRenderer.getIcon,0,0,0
org.jfree.chart.renderer.xy.XYShapeRenderer.getGuideLinePaint,0,0,0
org.jfree.chart.renderer.xy.XYAreaRenderer.<init>,0,10,10
org.jfree.chart.plot.dial.DialPointer$Pointer.getOutlinePaint,0,0,0
org.jfree.chart.text.TextLine.<init>,3,3,6
org.jfree.chart.date.SpreadsheetDate.hashCode,0,0,0
org.jfree.chart.plot.Crosshair.clone,0,0,0
org.jfree.chart.plot.XYPlot.isDomainZoomable,0,0,0
org.jfree.chart.plot.Plot.getChart,0,0,0
org.jfree.chart.axis.DateAxis.setTimeZone,0,0,0
org.jfree.chart.entity.CategoryLabelEntity.<init>,0,0,0
org.jfree.chart.axis.LogAxis.setNumberFormatOverride,0,0,0
org.jfree.chart.plot.XYPlot.setShadowGenerator,0,0,0
org.jfree.chart.renderer.category.WaterfallBarRenderer.setNegativeBarPaint,0,0,0
org.jfree.chart.renderer.AbstractRenderer.setDefaultLegendTextPaint,0,0,0
org.jfree.chart.renderer.xy.VectorRenderer.findRangeBounds,14,0,14
org.jfree.data.time.TimeSeriesDataItem.compareTo,1,1,2
org.jfree.chart.renderer.xy.XYBarRenderer.readObject,0,0,0
org.jfree.chart.renderer.NotOutlierException.<init>,0,0,0
org.jfree.chart.plot.PolarPlot.isRangeZoomable,0,0,0
org.jfree.data.statistics.HistogramDataset.getType,0,0,0
org.jfree.data.statistics.DefaultBoxAndWhiskerCategoryDataset.getRangeBounds,0,0,0
org.jfree.chart.plot.XYPlot.getDataset,0,0,0
org.jfree.chart.renderer.xy.AbstractXYItemRenderer.getDefaultItemLabelGenerator,0,0,0
org.jfree.data.statistics.HistogramDataset.setType,0,0,0
org.jfree.data.time.Year.equals,0,6,6
org.jfree.data.xy.XIntervalDataItem.getYValue,1,1,2
org.jfree.chart.plot.dial.DialPointer$Pin.draw,0,0,0
org.jfree.chart.annotations.XYPolygonAnnotation.<init>,1,1,2
org.jfree.chart.title.TextTitle.arrangeNN,0,0,0
org.jfree.chart.plot.dial.DialCap.setRadius,1,1,2
org.jfree.chart.plot.XYPlot.setDomainGridlineStroke,0,0,0
org.jfree.data.general.DatasetGroup.clone,0,0,0
org.jfree.data.gantt.SlidingGanttCategoryDataset.setFirstCategoryIndex,2,2,4
org.jfree.chart.editor.DefaultChartEditor.getPlotEditor,0,0,0
org.jfree.chart.title.LegendItemBlockContainer.getSeriesIndex,0,0,0
org.jfree.chart.title.TextTitle.getText,0,0,0
org.jfree.chart.plot.DefaultDrawingSupplier.getNextFillPaint,0,0,0
org.jfree.chart.renderer.category.AbstractCategoryItemRenderer.setDefaultItemLabelGenerator,1,1,2
org.jfree.chart.axis.NumberAxis.refreshTicksHorizontal,7,17,24
org.jfree.chart.labels.AbstractXYItemLabelGenerator.generateLabelString,0,0,0
org.jfree.data.time.Month.peg,0,0,0
org.jfree.chart.labels.AbstractXYItemLabelGenerator.createItemArray,5,3,8
org.jfree.chart.StandardChartTheme.applyToXYItemRenderer,1,3,4
org.jfree.chart.encoders.ImageEncoderFactory.<clinit>,0,0,0
org.jfree.chart.renderer.xy.StackedXYAreaRenderer2.averageStackValues,0,0,0
org.jfree.chart.renderer.AbstractRenderer.setDefaultShape,1,1,2
org.jfree.chart.plot.CenterTextMode.<clinit>,0,0,0
org.jfree.data.xy.WindDataItem.compareTo,2,4,6
org.jfree.chart.plot.CategoryMarker.getDrawAsLine,0,0,0
org.jfree.data.time.RegularTimePeriod.createInstance,0,0,0
org.jfree.chart.panel.AbstractOverlay.removeChangeListener,0,0,0
org.jfree.data.xy.DefaultOHLCDataset.<init>,0,0,0
org.jfree.chart.panel.CrosshairOverlay.flipAnchorV,12,0,12
org.jfree.chart.plot.CategoryPlot.isRangeZeroBaselineVisible,0,0,0
org.jfree.chart.axis.ValueAxis.setDefaultAutoRange,0,0,0
org.jfree.data.time.Month.getLastMillisecond,0,0,0
org.jfree.chart.plot.SpiderWebPlot.setLabelFont,0,0,0
org.jfree.chart.ui.Layer.<init>,0,0,0
org.jfree.chart.panel.CrosshairOverlay.flipAnchorH,12,0,12
org.jfree.chart.renderer.category.AbstractCategoryItemRenderer.getRangeAxis,2,0,2
org.jfree.data.xy.DefaultXYDataset.getY,0,0,0
org.jfree.chart.title.LegendGraphic.isShapeVisible,0,0,0
org.jfree.chart.renderer.xy.XYBarRenderer.isInternalAnchor,26,0,26
org.jfree.chart.title.LegendTitle.arrange,1,3,4
org.jfree.chart.title.LegendItemBlockContainer.setURLText,0,0,0
org.jfree.data.time.TimeSeriesCollection.vetoableChange,2,4,6
org.jfree.data.xy.XYSeriesCollection.getX,0,0,0
org.jfree.chart.title.TextTitle.arrangeRN,2,0,2
org.jfree.chart.plot.PiePlotState.getPassesRequired,0,0,0
org.jfree.chart.annotations.XYDataImageAnnotation.clone,0,0,0
org.jfree.data.xy.XYSeriesCollection.getY,0,0,0
org.jfree.data.general.AbstractDataset.fireDatasetChanged,1,1,2
org.jfree.chart.plot.SpiderWebPlot.setSeriesOutlinePaint,0,0,0
org.jfree.data.xy.XYSeriesCollection.getItemCount,0,0,0
org.jfree.data.xy.DefaultXYDataset.getX,0,0,0
org.jfree.chart.renderer.AbstractRenderer.lookupSeriesOutlinePaint,2,6,8
org.jfree.chart.StandardChartTheme.getSmallFont,0,0,0
org.jfree.chart.block.RectangleConstraint.getHeightRange,0,0,0
org.jfree.chart.plot.CombinedDomainCategoryPlot.setOrientation,2,0,2
org.jfree.data.resources.DataPackageResources_es.<clinit>,0,0,0
org.jfree.chart.util.ExportUtils.writeAsPNG,0,0,0
org.jfree.chart.title.LegendTitle.setItemFont,0,0,0
org.jfree.chart.title.TextTitle.arrangeRR,10,2,12
org.jfree.chart.plot.dial.StandardDialRange.setUpperBound,1,1,2
org.jfree.chart.axis.PeriodAxisLabelInfo.<init>,0,0,0
org.jfree.chart.plot.CategoryPlot.removeRangeMarker,6,2,8
org.jfree.chart.renderer.category.LevelRenderer.calculateItemWidth,7,7,14
org.jfree.chart.renderer.category.IntervalBarRenderer.drawInterval,13,11,24
org.jfree.chart.renderer.category.AbstractCategoryItemRenderer.hashCode,0,0,0
org.jfree.chart.axis.ValueAxis.getDownArrow,0,0,0
org.jfree.chart.plot.PieLabelDistributor.adjustUpwards,1,3,4
org.jfree.chart.plot.ThermometerPlot.getValueLocation,0,0,0
org.jfree.chart.plot.PiePlot.setCircular,0,2,2
org.jfree.data.time.ohlc.OHLCItem.getPeriod,0,0,0
org.jfree.data.general.WaferMapDataset.isMinValue,2,0,2
org.jfree.chart.block.AbstractBlock.setHeight,0,0,0
org.jfree.chart.axis.Axis.drawAttributedLabel,10,0,10
org.jfree.data.xy.DefaultHighLowDataset.equals,2,16,18
org.jfree.data.statistics.SimpleHistogramBin.overlapsWith,2,14,16
org.jfree.data.Range.getLowerBound,0,0,0
org.jfree.data.time.FixedMillisecond.getLastMillisecond,0,0,0
org.jfree.chart.axis.DateAxis.calculateLowestVisibleTickValue,0,0,0
org.jfree.chart.ChartPanel.setRangeZoomable,8,0,8
org.jfree.chart.renderer.xy.XYDifferenceRenderer.setLegendLine,0,0,0
org.jfree.chart.plot.dial.DialBackground.clone,0,0,0
org.jfree.chart.renderer.xy.XYBarRenderer.findDomainBounds,0,0,0
org.jfree.chart.renderer.category.CategoryItemRendererState.getCrosshairState,0,0,0
org.jfree.chart.util.BooleanList.getBoolean,0,0,0
org.jfree.chart.JFreeChart.getBorderPaint,0,0,0
org.jfree.chart.date.SerialDate.isValidWeekdayCode,2,0,2
org.jfree.chart.urls.TimeSeriesURLGenerator.generateURL,4,4,8
org.jfree.chart.ChartPanel.setAnchor,0,0,0
org.jfree.chart.plot.dial.StandardDialRange.clone,0,0,0
org.jfree.chart.plot.CategoryPlot.removeAnnotation,4,0,4
org.jfree.chart.renderer.xy.XYBlockRenderer.findDomainBounds,0,4,4
org.jfree.chart.axis.SymbolAxis.<clinit>,0,0,0
org.jfree.chart.editor.DefaultPlotEditor.attemptDrawLinesSelection,0,0,0
org.jfree.data.xy.XYItemKey.compareTo,2,0,2
org.jfree.data.xy.DefaultXYDataset.getSeriesCount,0,0,0
org.jfree.chart.renderer.xy.XYStepAreaRenderer.isOutline,0,0,0
org.jfree.chart.renderer.category.CategoryStepRenderer$State.<init>,0,0,0
org.jfree.chart.labels.AbstractCategoryItemLabelGenerator.getNumberFormat,0,0,0
org.jfree.chart.plot.MeterPlot.clone,1,1,2
org.jfree.chart.axis.AxisSpace.<init>,0,0,0
org.jfree.chart.ui.StrokeSample.paintComponent,2,0,2
org.jfree.chart.plot.CombinedDomainXYPlot.datasetChanged,1,7,8
org.jfree.chart.ChartPanel.getVerticalAxisTrace,0,0,0
org.jfree.chart.renderer.xy.StandardXYItemRenderer.writeObject,0,0,0
org.jfree.data.general.DefaultValueDataset.hashCode,2,0,2
org.jfree.chart.renderer.xy.DeviationRenderer.isLinePass,2,0,2
org.jfree.chart.needle.PlumNeedle.<init>,0,0,0
org.jfree.chart.renderer.xy.XYAreaRenderer2.<init>,0,0,0
org.jfree.data.DefaultKeyedValues.clear,0,0,0
org.jfree.chart.renderer.xy.XYDotRenderer.setDotWidth,1,1,2
org.jfree.chart.plot.PiePlot.getDefaultSectionOutlineStroke,0,0,0
org.jfree.chart.plot.dial.AbstractDialLayer.readObject,0,0,0
org.jfree.chart.event.AxisChangeEvent.getAxis,0,0,0
org.jfree.chart.plot.RingPlot.getSeparatorPaint,0,0,0
org.jfree.chart.labels.IntervalXYToolTipGenerator.clone,0,0,0
org.jfree.chart.renderer.category.LevelRenderer.drawItem,11,7,18
org.jfree.chart.axis.PeriodAxis.getLabelInfo,0,0,0
org.jfree.chart.plot.RingPlot.setCenterTextColor,0,0,0
org.jfree.chart.axis.NumberAxis.configure,0,2,2
org.jfree.chart.plot.FastScatterPlot.isDomainZoomable,0,0,0
org.jfree.chart.entity.XYItemEntity.equals,2,8,10
org.jfree.chart.plot.XYPlot.panRangeAxes,8,0,8
org.jfree.chart.annotations.CategoryLineAnnotation.setPaint,0,0,0
org.jfree.chart.axis.CategoryTick.hashCode,0,0,0
org.jfree.data.time.TimeTableXYDataset.getXPosition,0,0,0
org.jfree.chart.encoders.SunPNGEncoderAdapter.setEncodingAlpha,0,0,0
org.jfree.chart.labels.BubbleXYItemLabelGenerator.hashCode,0,0,0
org.jfree.chart.util.ArrayUtils.equalReferencesInArrays,20,0,20
org.jfree.data.xy.XYSeries.getAllowDuplicateXValues,0,0,0
org.jfree.chart.text.TextBlock.hashCode,1,1,2
org.jfree.data.xy.DefaultOHLCDataset.getItemCount,0,0,0
org.jfree.chart.plot.Plot.getForegroundAlpha,0,0,0
org.jfree.chart.LegendItem.setFillPaint,0,0,0
org.jfree.chart.util.SerialUtils.writeComposite,4,4,8
org.jfree.chart.title.PaintScaleLegend.setScale,0,0,0
org.jfree.chart.title.TextTitle.arrangeFN,12,0,12
org.jfree.chart.renderer.DefaultPolarItemRenderer.writeObject,0,0,0
org.jfree.chart.util.RelativeDateFormat.getShowZeroDays,0,0,0
org.jfree.chart.needle.PlumNeedle.hashCode,0,0,0
org.jfree.chart.plot.CrosshairState.setDatasetIndex,0,0,0
org.jfree.data.xy.VectorSeriesCollection.getVector,0,0,0
org.jfree.chart.ChartRenderingInfo.setChartArea,0,0,0
org.jfree.data.time.ohlc.OHLC.getClose,0,0,0
org.jfree.chart.plot.CategoryPlot.setRangeZeroBaselineStroke,0,0,0
org.jfree.data.gantt.XYTaskDataset.getY,0,0,0
org.jfree.data.gantt.XYTaskDataset.getX,0,0,0
org.jfree.chart.renderer.category.BoxAndWhiskerRenderer.drawEllipse,0,0,0
org.jfree.data.xy.MatrixSeries.getItem,0,0,0
org.jfree.chart.renderer.RendererState.getEntityCollection,0,4,4
org.jfree.chart.axis.TickUnits.get,0,0,0
org.jfree.chart.axis.ValueAxis.setNegativeArrowVisible,0,0,0
org.jfree.chart.ChartRenderingInfo.setEntityCollection,0,0,0
org.jfree.data.general.DefaultPieDataset.setValue,0,0,0
org.jfree.chart.axis.CategoryLabelPosition.getRotationAnchor,0,0,0
org.jfree.chart.labels.AbstractXYItemLabelGenerator.<init>,0,0,0
org.jfree.chart.util.ExportUtils.writeAsPDF,2,0,2
org.jfree.chart.plot.PiePlot.setMaximumLabelWidth,0,0,0
org.jfree.chart.renderer.xy.XYAreaRenderer.clone,0,0,0
org.jfree.chart.renderer.xy.XYDifferenceRenderer.setNegativePaint,0,0,0
org.jfree.chart.axis.CategoryLabelPositions.replaceBottomPosition,0,0,0
org.jfree.chart.axis.DateAxis.correctTickDateForPosition,1,3,4
org.jfree.chart.plot.PiePlot.setLabelDistributor,0,0,0
org.jfree.chart.annotations.CategoryTextAnnotation.setCategoryAnchor,0,0,0
org.jfree.chart.title.LegendGraphic.clone,0,0,0
org.jfree.data.time.DynamicTimeSeriesCollection.getYValue,0,0,0
org.jfree.chart.servlet.DisplayChart.service,20,0,20
org.jfree.chart.annotations.XYDrawableAnnotation.clone,0,0,0
org.jfree.chart.urls.CustomPieURLGenerator.getListCount,0,0,0
org.jfree.data.general.SeriesChangeEvent.<init>,0,0,0
org.jfree.chart.plot.ThermometerPlot.setThermometerPaint,1,1,2
org.jfree.chart.ChartPanel.getRefreshBuffer,0,0,0
org.jfree.data.function.LineFunction2D.getValue,0,0,0
org.jfree.chart.plot.XYPlot.zoomRangeAxes,5,7,12
org.jfree.chart.util.StringUtils.getLineSeparator,0,0,0
org.jfree.chart.plot.PiePlot.setLegendLabelGenerator,0,0,0
org.jfree.chart.plot.dial.StandardDialScale.<init>,1,1,2
org.jfree.chart.renderer.AbstractRenderer.getSeriesPaint,0,0,0
org.jfree.data.statistics.SimpleHistogramDataset.getStartYValue,0,0,0
org.jfree.data.statistics.Regression.<init>,0,0,0
org.jfree.chart.axis.DateTickUnitType.toString,0,0,0
org.jfree.chart.renderer.AbstractRenderer.setAutoPopulateSeriesPaint,0,0,0
org.jfree.data.time.TimeSeries.getTimePeriods,2,0,2
org.jfree.chart.JFreeChart.getBorderStroke,0,0,0
org.jfree.chart.plot.dial.StandardDialFrame.writeObject,0,0,0
org.jfree.chart.renderer.category.AbstractCategoryItemRenderer.drawDomainGridline,4,4,8
org.jfree.data.time.TimeTableXYDataset.clear,1,1,2
org.jfree.chart.axis.NumberAxis.setRangeType,0,0,0
org.jfree.chart.plot.dial.DialCap.hashCode,0,0,0
org.jfree.data.xy.DefaultXYZDataset.getXValue,0,0,0
org.jfree.data.gantt.XYTaskDataset.getXValue,2,0,2
org.jfree.data.time.Quarter.getSerialIndex,0,0,0
org.jfree.chart.plot.CategoryPlot.addDomainMarker,4,6,10
org.jfree.chart.util.BooleanList.setBoolean,0,0,0
org.jfree.chart.annotations.XYDataImageAnnotation.getIncludeInDataBounds,0,0,0
org.jfree.data.gantt.XYTaskDataset.getItemStartValue,0,0,0
org.jfree.chart.plot.Marker.setLabelBackgroundColor,0,0,0
org.jfree.chart.renderer.xy.XYLineAndShapeRenderer.setLegendLine,0,0,0
org.jfree.data.time.Day.toString,0,0,0
org.jfree.chart.axis.DateAxis.clone,1,1,2
org.jfree.data.DefaultKeyedValue.equals,5,7,12
org.jfree.chart.renderer.xy.SamplingXYLineRenderer.initialise,0,0,0
org.jfree.chart.plot.dial.StandardDialRange.getLowerBound,0,0,0
org.jfree.chart.editor.DefaultPolarPlotEditor.createPlotPanel,0,0,0
org.jfree.chart.plot.Plot.handleClick,0,0,0
org.jfree.data.time.DynamicTimeSeriesCollection.translateGet,4,0,4
org.jfree.chart.entity.ChartEntity.getPolyCoords,4,0,4
org.jfree.chart.plot.CategoryPlot.mapDatasetToDomainAxes,0,0,0
org.jfree.chart.renderer.category.AbstractCategoryItemRenderer.getDefaultToolTipGenerator,0,0,0
org.jfree.chart.plot.PolarPlot.setAngleTickUnit,0,0,0
org.jfree.chart.axis.AxisCollection.getAxesAtLeft,0,0,0
org.jfree.chart.renderer.category.GanttRenderer.drawItem,1,1,2
org.jfree.chart.entity.TitleEntity.hashCode,0,0,0
org.jfree.data.time.ohlc.OHLC.getOpen,0,0,0
org.jfree.data.xy.IntervalXYDelegate.getStartXValue,0,0,0
org.jfree.chart.ui.Size2D.clone,0,0,0
org.jfree.chart.renderer.category.BarRenderer.setDefaultShadowsVisible,0,0,0
org.jfree.chart.labels.AbstractPieItemLabelGenerator.generateSectionLabel,1,1,2
org.jfree.data.time.ohlc.OHLCSeriesCollection.getVolume,0,0,0
org.jfree.chart.ui.RectangleInsets.trimHeight,0,0,0
org.jfree.chart.plot.CompassPlot.clone,6,8,14
org.jfree.chart.plot.dial.StandardDialScale.getTickLabelOffset,0,0,0
org.jfree.chart.util.PaintAlpha.setLegacyAlpha,0,0,0
org.jfree.chart.ChartPanel.getZoomAroundAnchor,0,0,0
org.jfree.chart.editor.DefaultAxisEditor.getTickLabelInsets,2,0,2
org.jfree.chart.plot.XYPlot.drawZeroRangeBaseline,1,1,2
org.jfree.chart.urls.StandardPieURLGenerator.<init>,0,0,0
org.jfree.chart.servlet.ServletUtilities.searchReplace,4,0,4
org.jfree.chart.plot.CombinedRangeCategoryPlot.draw,7,7,14
org.jfree.chart.text.TextBlock.getLineAlignment,0,0,0
org.jfree.data.resources.DataPackageResources_ru.getContents,0,0,0
org.jfree.data.gantt.TaskSeries.removeAll,0,0,0
org.jfree.chart.plot.CategoryPlot.setDomainCrosshairStroke,0,0,0
org.jfree.chart.ui.FontChooserPanel.getSelectedStyle,8,0,8
org.jfree.chart.plot.Plot.isSubplot,2,0,2
org.jfree.chart.block.BlockBorder.getInsets,0,0,0
org.jfree.chart.axis.QuarterDateFormat.parse,0,0,0
org.jfree.chart.title.PaintScaleLegend.setAxis,0,0,0
org.jfree.chart.renderer.category.LineAndShapeRenderer.getDefaultShapesVisible,0,0,0
org.jfree.data.statistics.Regression.calculateSubMatrix,18,0,18
org.jfree.chart.entity.StandardEntityCollection.getEntity,4,0,4
org.jfree.chart.plot.XYPlot.setFixedLegendItems,0,0,0
org.jfree.chart.renderer.xy.StackedXYAreaRenderer$StackedXYAreaRendererState.setSeriesArea,0,0,0
org.jfree.chart.renderer.xy.XYAreaRenderer.getGradientTransformer,0,0,0
org.jfree.data.xml.DatasetReader.readPieDatasetFromXML,0,0,0
org.jfree.chart.plot.PiePlot.getExplodePercent,1,3,4
org.jfree.chart.plot.Plot.getOutlinePaint,0,0,0
org.jfree.chart.title.PaintScaleLegend.getBackgroundPaint,0,0,0
org.jfree.data.xy.CategoryTableXYDataset.getItemCount,0,0,0
org.jfree.chart.renderer.xy.StandardXYBarPainter.hashCode,0,0,0
