method,missed_stmt,covered_stmt,total_stmts
org.jfree.data.statistics.HistogramType.<init>,0,1,1
org.jfree.chart.axis.LogAxis.refreshTicksHorizontal,10,18,28
org.jfree.chart.renderer.category.AbstractCategoryItemRenderer.addItemEntity,3,10,13
org.jfree.data.function.NormalDistributionFunction2D.equals,2,6,8
org.jfree.data.xml.PieDatasetHandler.startElement,9,0,9
org.jfree.chart.renderer.xy.XYSplineRenderer.getFillType,1,0,1
org.jfree.chart.plot.dial.AbstractDialLayer.<init>,0,2,2
org.jfree.chart.renderer.category.BarRenderer.setMaximumBarWidth,0,2,2
org.jfree.chart.annotations.XYPointerAnnotation.setTipRadius,0,2,2
org.jfree.chart.event.ChartProgressEvent.setChart,1,0,1
org.jfree.data.gantt.TaskSeriesCollection.getEndValue,0,25,25
org.jfree.chart.renderer.category.AbstractCategoryItemRenderer.updateCrosshairValues,1,4,5
org.jfree.chart.axis.LogarithmicAxis.valueToJava2D,4,11,15
org.jfree.chart.renderer.xy.XYErrorRenderer.drawItem,60,0,60
org.jfree.chart.block.RectangleConstraint.toUnconstrainedWidth,1,2,3
org.jfree.data.general.Series.clone,0,5,5
org.jfree.chart.plot.ThermometerPlot.draw,116,0,116
org.jfree.chart.StandardChartTheme.getDrawingSupplier,1,6,7
org.jfree.chart.StandardChartTheme.applyToAbstractRenderer,0,4,4
org.jfree.chart.date.SpreadsheetDate.equals,1,3,4
org.jfree.data.time.ohlc.OHLCSeries.getPeriod,0,2,2
org.jfree.chart.date.SerialDate.createInstance,3,2,5
org.jfree.chart.plot.CombinedRangeXYPlot.handleClick,6,0,6
org.jfree.chart.MouseWheelHandler.setZoomFactor,1,0,1
org.jfree.chart.plot.WaferMapPlot.getLegendItems,1,0,1
org.jfree.chart.block.LabelBlock.setURLText,0,1,1
org.jfree.data.general.DatasetUtils.findMinimumRangeValue,23,18,41
org.jfree.chart.plot.dial.StandardDialScale.getStartAngle,1,0,1
org.jfree.chart.axis.ValueAxis.setRangeWithMargins,4,0,4
org.jfree.data.ComparableObjectSeries.updateByIndex,3,0,3
org.jfree.chart.plot.Marker.getLabelOffsetType,0,1,1
org.jfree.data.time.DynamicTimeSeriesCollection.getOldestTime,1,0,1
org.jfree.chart.ui.FontChooserPanel.getSelectedName,1,0,1
org.jfree.chart.labels.IntervalCategoryToolTipGenerator.<init>,0,3,3
org.jfree.chart.labels.BoxAndWhiskerXYToolTipGenerator.equals,2,3,5
org.jfree.chart.encoders.SunJPEGEncoderAdapter.setEncodingAlpha,0,0,0
org.jfree.chart.renderer.category.BarRenderer.setDrawBarOutline,0,2,2
org.jfree.chart.ui.PaintSample.setPaint,2,0,2
org.jfree.data.time.TimePeriodValues.<init>,0,5,5
org.jfree.chart.plot.XYPlot.getIndexOf,1,3,4
org.jfree.chart.renderer.category.CategoryStepRenderer.drawLine,6,0,6
org.jfree.data.time.TimePeriodValue.setValue,0,1,1
org.jfree.data.xy.XYItemKey.getItemIndex,1,0,1
org.jfree.chart.title.LegendItemBlockContainer.getURLText,0,1,1
org.jfree.chart.renderer.xy.XYStepAreaRenderer.setShapesVisible,0,2,2
org.jfree.data.general.DatasetUtils.sampleFunction2D,0,3,3
org.jfree.chart.plot.CategoryPlot.zoom,5,0,5
org.jfree.chart.axis.StandardTickUnitSource.<init>,0,1,1
org.jfree.data.time.TimeSeriesTableModel.isCellEditable,5,0,5
org.jfree.data.category.DefaultIntervalCategoryDataset.getRowKeys,1,2,3
org.jfree.chart.labels.XYToolTipGenerator.null,0,0,0
org.jfree.chart.ChartRenderingInfo.clone,0,7,7
org.jfree.data.general.AbstractDataset.hasListener,0,2,2
org.jfree.chart.renderer.category.GanttRenderer.setStartPercent,0,2,2
org.jfree.chart.labels.IntervalXYItemLabelGenerator.generateLabel,1,0,1
org.jfree.data.xml.PieDatasetHandler.endElement,3,0,3
org.jfree.chart.plot.CombinedDomainXYPlot.getPlotType,1,0,1
org.jfree.chart.title.LegendGraphic.setLineVisible,0,1,1
org.jfree.data.xy.XYBarDataset.getX,1,0,1
org.jfree.chart.labels.StandardXYItemLabelGenerator.<init>,2,4,6
org.jfree.chart.editor.DefaultPolarPlotEditor.createPlotTabs,4,0,4
org.jfree.chart.axis.DateAxis.java2DToValue,0,16,16
org.jfree.data.xy.XYDatasetTableModel.<init>,4,0,4
org.jfree.data.xml.ItemHandler.<init>,4,0,4
org.jfree.chart.plot.dial.StandardDialScale.getMinorTickCount,1,0,1
org.jfree.chart.plot.ValueMarker.<init>,1,4,5
org.jfree.data.time.TimePeriodValues.delete,0,4,4
org.jfree.chart.renderer.xy.VectorRenderer.<init>,0,0,0
org.jfree.data.time.RegularTimePeriod.getEnd,0,1,1
org.jfree.chart.renderer.OutlierList.setMultiple,1,0,1
org.jfree.chart.plot.CategoryPlot.setFixedRangeAxisSpace,0,4,4
org.jfree.chart.annotations.CategoryLineAnnotation.equals,2,16,18
org.jfree.chart.text.TextBox.getInteriorGap,1,0,1
org.jfree.chart.ChartPanel.setZoomAroundAnchor,1,0,1
org.jfree.chart.plot.dial.DialPointer.setRadius,2,0,2
org.jfree.data.xy.XYBarDataset.getY,1,0,1
org.jfree.chart.ui.HorizontalAlignment.<init>,0,1,1
org.jfree.chart.renderer.xy.AbstractXYItemRenderer.annotationChanged,1,0,1
org.jfree.chart.renderer.category.GroupedStackedBarRenderer.equals,2,6,8
org.jfree.chart.renderer.xy.XYBoxAndWhiskerRenderer.drawVerticalItem,35,63,98
org.jfree.chart.ui.RectangleInsets.calculateTopInset,1,3,4
org.jfree.chart.plot.MultiplePiePlot.getPieChart,0,1,1
org.jfree.chart.axis.Axis.setMinorTickMarkInsideLength,0,2,2
org.jfree.chart.servlet.ServletUtilities.setTempFilePrefix,2,0,2
org.jfree.data.time.TimeSeriesDataItem.clone,1,4,5
org.jfree.data.time.Week.evaluateAsYear,4,0,4
org.jfree.chart.entity.PieSectionEntity.getSectionKey,1,0,1
org.jfree.chart.renderer.RendererState.getInfo,0,1,1
org.jfree.chart.renderer.xy.XYBlockRenderer.updateOffsets,20,7,27
org.jfree.chart.entity.XYItemEntity.setSeriesIndex,0,1,1
org.jfree.chart.axis.PeriodAxis.getMinorTickMarkInsideLength,1,0,1
org.jfree.chart.block.LabelBlock.readObject,0,2,2
org.jfree.chart.plot.dial.ArcDialFrame.draw,11,0,11
org.jfree.chart.plot.dial.StandardDialScale.clone,0,1,1
org.jfree.data.xy.XYSeries.update,0,4,4
org.jfree.chart.event.OverlayChangeEvent.<init>,0,1,1
org.jfree.chart.plot.CrosshairState.getAnchorX,1,0,1
org.jfree.chart.ui.RectangleEdge.toString,1,0,1
org.jfree.chart.axis.CategoryAxis.removeCategoryLabelURL,3,0,3
org.jfree.chart.text.TextBox.getShadowXOffset,1,0,1
org.jfree.chart.plot.CrosshairState.getAnchorY,1,0,1
org.jfree.chart.ChartPanel.createSVGGraphics2D,8,3,11
org.jfree.chart.plot.PiePlot.getSimpleLabelOffset,1,0,1
org.jfree.chart.axis.SymbolAxis.getGridBandAlternatePaint,1,0,1
org.jfree.data.xy.DefaultOHLCDataset.getVolume,1,0,1
org.jfree.chart.renderer.xy.StandardXYItemRenderer.getImageHotspot,3,0,3
org.jfree.chart.annotations.XYPointerAnnotation.setArrowPaint,0,3,3
org.jfree.chart.axis.CategoryAxis.getLowerMargin,0,1,1
org.jfree.data.time.ohlc.OHLCSeriesCollection.getSeriesCount,0,1,1
org.jfree.chart.plot.XYPlot.setRangeGridlineStroke,0,3,3
org.jfree.chart.plot.XYPlot.getFixedRangeAxisSpace,0,1,1
org.jfree.chart.text.TextUtils.getUseFontMetricsGetStringBounds,1,0,1
org.jfree.chart.needle.WindNeedle.drawNeedle,9,0,9
org.jfree.chart.plot.PolarPlot.getFixedLegendItems,1,0,1
org.jfree.chart.axis.DateAxis.setRange,3,8,11
org.jfree.chart.plot.CategoryPlot.setDatasetRenderingOrder,0,3,3
org.jfree.chart.annotations.TextAnnotation.getText,0,1,1
org.jfree.chart.axis.NumberAxis.<init>,0,8,8
org.jfree.chart.renderer.xy.XYErrorRenderer.setDrawXError,0,3,3
org.jfree.chart.plot.SpiderWebPlot.getBaseSeriesPaint,1,0,1
org.jfree.chart.renderer.AbstractRenderer.getDefaultOutlinePaint,0,1,1
org.jfree.data.gantt.SlidingGanttCategoryDataset.getFirstCategoryIndex,1,0,1
org.jfree.chart.plot.Plot.getBackgroundAlpha,1,0,1
org.jfree.chart.entity.AxisEntity.equals,14,0,14
org.jfree.data.xy.XYRangeInfo.null,0,0,0
org.jfree.data.time.FixedMillisecond.peg,0,0,0
org.jfree.chart.annotations.XYDataImageAnnotation.writeObject,1,0,1
org.jfree.chart.axis.LogAxis.calculateValueNoINF,2,4,6
org.jfree.data.category.SlidingCategoryDataset.getColumnKey,1,0,1
org.jfree.chart.ChartPanel.setZoomInFactor,1,0,1
org.jfree.data.xy.XYBarDataset.getStartXValue,0,1,1
org.jfree.chart.plot.FastScatterPlot.setDomainPannable,0,1,1
org.jfree.chart.util.RelativeDateFormat.parse,1,0,1
org.jfree.chart.plot.dial.DialPointer.<init>,1,2,3
org.jfree.data.xy.MatrixSeries.getItemColumn,0,1,1
org.jfree.chart.imagemap.DynamicDriveToolTipTagFragmentGenerator.<init>,3,0,3
org.jfree.chart.plot.CombinedRangeCategoryPlot.getLegendItems,0,10,10
org.jfree.chart.ui.TextAnchor.isVerticalCenter,0,1,1
org.jfree.chart.renderer.category.BoxAndWhiskerRenderer.readObject,0,2,2
org.jfree.chart.editor.DefaultChartEditorFactory.createEditor,1,0,1
org.jfree.data.general.AbstractSeriesDataset.seriesChanged,0,1,1
org.jfree.chart.util.LogFormat.setExponentFormat,0,2,2
org.jfree.chart.ChartPanel.getPopupMenu,1,0,1
org.jfree.chart.title.Title.setPosition,0,4,4
org.jfree.data.general.DefaultPieDataset.sortByValues,2,0,2
org.jfree.chart.renderer.category.CategoryItemRendererState.getVisibleSeriesCount,1,2,3
org.jfree.data.gantt.TaskSeries.<init>,0,2,2
org.jfree.chart.renderer.xy.XYSplineRenderer.equals,2,10,12
org.jfree.data.xy.XYIntervalSeriesCollection.addSeries,0,4,4
org.jfree.data.xy.DefaultWindDataset.getWindDirection,4,0,4
org.jfree.chart.ChartFactory.createPieChart,80,11,91
org.jfree.chart.plot.PiePlot.getLegendItemShape,0,1,1
org.jfree.chart.renderer.RendererState.<init>,0,2,2
org.jfree.chart.editor.DefaultLogAxisEditor.actionPerformed,4,0,4
org.jfree.chart.plot.XYPlot.setDomainGridlinePaint,0,3,3
org.jfree.chart.labels.BubbleXYItemLabelGenerator.getZFormat,1,0,1
org.jfree.chart.plot.XYPlot.findRangeAxisIndex,0,4,4
org.jfree.chart.axis.TickUnit.hashCode,0,2,2
org.jfree.chart.axis.CategoryAnchor.equals,1,7,8
org.jfree.chart.renderer.category.BarRenderer.isDrawBarOutline,0,1,1
org.jfree.chart.plot.dial.DialTextAnnotation.setAngle,0,2,2
org.jfree.chart.renderer.xy.XYBubbleRenderer.equals,2,6,8
org.jfree.chart.axis.NumberAxis.java2DToValue,0,14,14
org.jfree.data.gantt.SlidingGanttCategoryDataset.<init>,0,3,3
org.jfree.chart.renderer.RendererState.getElementHinting,0,1,1
org.jfree.data.category.CategoryToPieDataset.getItemCount,0,7,7
org.jfree.chart.title.TextTitle.getTextAlignment,1,0,1
org.jfree.chart.plot.CombinedDomainXYPlot.isRangePannable,4,0,4
org.jfree.chart.title.LegendTitle.<init>,0,14,14
org.jfree.chart.renderer.category.AbstractCategoryItemRenderer.getDefaultItemLabelGenerator,1,0,1
org.jfree.chart.block.RectangleConstraint.getHeight,0,1,1
org.jfree.chart.plot.PolarPlot.setRadiusGridlinePaint,0,2,2
org.jfree.chart.entity.XYAnnotationEntity.setRendererIndex,1,0,1
org.jfree.chart.renderer.AreaRendererEndType.equals,1,7,8
org.jfree.data.xy.DefaultXYDataset.getXValue,0,2,2
org.jfree.chart.renderer.category.BoxAndWhiskerRenderer.setWhiskerWidth,6,0,6
org.jfree.data.category.IntervalCategoryDataset.null,0,0,0
org.jfree.chart.plot.XYPlot.getDomainMinorGridlineStroke,1,0,1
org.jfree.data.xy.DefaultTableXYDataset.getIntervalWidth,0,1,1
org.jfree.chart.renderer.category.CategoryItemRendererState.getSeriesRunningTotal,1,0,1
org.jfree.chart.renderer.AbstractRenderer.writeObject,0,10,10
org.jfree.chart.renderer.category.MinMaxCategoryRenderer.getMaxIcon,1,0,1
org.jfree.chart.axis.PeriodAxisLabelInfo.writeObject,0,4,4
org.jfree.chart.panel.CrosshairOverlay.paintOverlay,28,0,28
org.jfree.chart.plot.DrawingSupplier.null,0,0,0
org.jfree.chart.plot.PieLabelDistributor.isOverlap,0,7,7
org.jfree.data.statistics.SimpleHistogramDataset.getStartXValue,2,0,2
org.jfree.data.time.TimeTableXYDataset.getXValue,12,0,12
org.jfree.chart.renderer.xy.HighLowRenderer.setOpenTickPaint,0,2,2
org.jfree.chart.labels.AbstractXYItemLabelGenerator.getYFormat,0,1,1
org.jfree.data.statistics.HistogramDataset.getEndY,1,0,1
org.jfree.chart.entity.XYItemEntity.setDataset,1,0,1
org.jfree.data.statistics.HistogramDataset.getEndX,0,3,3
org.jfree.data.xy.XIntervalSeriesCollection.getX,3,0,3
org.jfree.chart.labels.CustomXYToolTipGenerator.equals,3,11,14
org.jfree.data.xy.XIntervalSeriesCollection.getY,3,0,3
org.jfree.chart.axis.LogAxis.setTickUnit,3,4,7
org.jfree.chart.plot.dial.DialTextAnnotation.getPaint,1,0,1
org.jfree.chart.plot.Plot.getRectX,6,0,6
org.jfree.chart.plot.Plot.getRectY,6,0,6
org.jfree.data.xy.MatrixSeries.getRowCount,0,1,1
org.jfree.chart.renderer.AbstractRenderer.setDefaultLegendShape,0,2,2
org.jfree.chart.plot.FastScatterPlot.getRangeAxis,1,0,1
org.jfree.chart.axis.NumberAxis.setNumberFormatOverride,0,2,2
org.jfree.data.xy.XYDataItem.getXValue,0,1,1
org.jfree.chart.plot.Marker.getLabelTextAnchor,0,1,1
org.jfree.chart.block.AbstractBlock.<init>,0,7,7
org.jfree.chart.block.GridArrangement.clear,0,0,0
org.jfree.chart.LegendItem.getLabelPaint,0,1,1
org.jfree.chart.util.StringUtils.<init>,0,0,0
org.jfree.chart.event.TitleChangeListener.null,0,0,0
org.jfree.chart.plot.dial.DialPlot.addPointer,4,0,4
org.jfree.chart.plot.dial.DialPointer.getRadius,1,0,1
org.jfree.chart.plot.dial.DialPointer.clone,0,1,1
org.jfree.chart.title.LegendGraphic.setLine,0,1,1
org.jfree.data.xy.VectorSeries.getXValue,0,2,2
org.jfree.chart.title.LegendTitle.setLegendItemGraphicEdge,0,3,3
org.jfree.chart.axis.ValueAxis.readObject,0,5,5
org.jfree.chart.plot.SpiderWebPlot.setBaseSeriesOutlinePaint,0,3,3
org.jfree.data.time.ohlc.OHLC.getLow,0,1,1
org.jfree.chart.labels.StandardXYToolTipGenerator.clone,0,1,1
org.jfree.chart.plot.dial.DialPlot.getPointerIndex,2,0,2
org.jfree.chart.plot.MeterPlot.getDrawBorder,0,1,1
org.jfree.chart.axis.CategoryAxis.clearCategoryLabelURLs,2,0,2
org.jfree.data.statistics.BoxAndWhiskerXYDataset.null,0,0,0
org.jfree.chart.axis.Tick.getAngle,0,1,1
org.jfree.chart.title.PaintScaleLegend.draw,76,0,76
org.jfree.chart.plot.FastScatterPlot.getOrientation,1,0,1
org.jfree.data.time.Week.getYearValue,0,1,1
org.jfree.chart.ui.TextAnchor.isBottom,0,1,1
org.jfree.chart.renderer.category.BarRenderer.getNegativeItemLabelPositionFallback,1,0,1
org.jfree.chart.ChartFactory.getChartTheme,1,0,1
org.jfree.chart.plot.FastScatterPlot.render,0,8,8
org.jfree.chart.JFreeChart.setElementHinting,1,0,1
org.jfree.chart.labels.StandardXYZToolTipGenerator.getZFormat,1,0,1
org.jfree.data.xy.MatrixSeriesCollection.removeSeries,11,0,11
org.jfree.chart.plot.CombinedDomainXYPlot.getLegendItems,0,10,10
org.jfree.chart.plot.MeterInterval.getBackgroundPaint,0,1,1
org.jfree.chart.plot.PiePlot.setShadowYOffset,0,2,2
org.jfree.data.time.ohlc.OHLCSeriesCollection.getItemCount,1,0,1
org.jfree.chart.plot.CategoryPlot.getDomainAxisIndex,0,5,5
org.jfree.chart.axis.AxisLocation.hashCode,0,3,3
org.jfree.chart.editor.DefaultNumberAxisEditor.<init>,3,0,3
org.jfree.data.time.Day.compareTo,3,5,8
org.jfree.chart.entity.JFreeChartEntity.writeObject,2,0,2
org.jfree.chart.axis.ExtendedCategoryAxis.writeObject,0,2,2
org.jfree.data.xy.XYCoordinate.<init>,1,2,3
org.jfree.chart.plot.XYPlot.removeRangeMarker,5,10,15
org.jfree.chart.axis.TickUnit.<init>,0,3,3
org.jfree.chart.axis.PeriodAxisLabelInfo.readObject,0,4,4
org.jfree.chart.axis.ValueAxis.clone,0,2,2
org.jfree.data.xy.MatrixSeriesCollection.getSeries,4,0,4
org.jfree.data.time.DynamicTimeSeriesCollection.setTimeBase,11,0,11
org.jfree.chart.ui.TextAnchor.isHorizontalCenter,0,1,1
org.jfree.chart.entity.PieSectionEntity.toString,1,0,1
org.jfree.chart.editor.DefaultChartEditor.actionPerformed,3,0,3
org.jfree.chart.entity.ChartEntity.getToolTipText,1,0,1
org.jfree.chart.axis.ValueAxis.setLowerMargin,0,4,4
org.jfree.data.gantt.GanttCategoryDataset.null,0,0,0
org.jfree.chart.plot.Plot.getNoDataMessageFont,1,0,1
org.jfree.chart.axis.CategoryAxis.setMaximumCategoryLabelLines,2,0,2
org.jfree.chart.plot.CombinedDomainXYPlot.panRangeAxes,12,0,12
org.jfree.data.general.DefaultPieDataset.equals,6,15,21
org.jfree.data.gantt.XYTaskDataset.getStartX,1,0,1
org.jfree.chart.util.ShapeList.setShape,0,1,1
org.jfree.data.gantt.XYTaskDataset.getStartY,1,0,1
org.jfree.data.general.WaferMapDataset.getChipSpace,1,0,1
org.jfree.chart.urls.StandardCategoryURLGenerator.generateURL,1,9,10
org.jfree.data.xy.AbstractXYDataset.getDomainOrder,0,1,1
org.jfree.chart.ui.StrokeChooserPanel.actionPerformed,1,0,1
org.jfree.chart.LegendItem.setLinePaint,0,2,2
org.jfree.chart.plot.CenterTextMode.null,0,0,0
org.jfree.data.gantt.TaskSeries.getItemCount,1,0,1
org.jfree.data.time.Month.<init>,2,15,17
org.jfree.chart.event.OverlayChangeListener.null,0,0,0
org.jfree.data.time.TimeSeriesTableModel.seriesChanged,1,0,1
org.jfree.data.ComparableObjectItem.clone,0,1,1
org.jfree.data.DefaultKeyedValue.toString,1,0,1
org.jfree.chart.renderer.xy.AbstractXYItemRenderer.setLegendItemLabelGenerator,0,3,3
org.jfree.data.jdbc.JDBCXYDataset.close,3,0,3
org.jfree.chart.util.ShapeList.getShape,0,1,1
org.jfree.chart.renderer.AbstractRenderer.setSeriesItemLabelFont,0,4,4
org.jfree.chart.util.DefaultShadowGenerator.calculateOffsetY,1,0,1
org.jfree.chart.renderer.category.AbstractCategoryItemRenderer.getDrawingSupplier,0,5,5
org.jfree.chart.util.DefaultShadowGenerator.calculateOffsetX,1,0,1
org.jfree.chart.plot.Plot.fetchElementHintingFlag,1,4,5
org.jfree.data.time.Quarter.peg,0,2,2
org.jfree.data.ComparableObjectSeries.indexOf,0,7,7
org.jfree.chart.title.LegendTitle.setLegendItemGraphicPadding,3,0,3
org.jfree.chart.plot.ThermometerPlot.getFollowDataInSubranges,1,0,1
org.jfree.data.Range.min,1,4,5
org.jfree.chart.annotations.XYPolygonAnnotation.getOutlinePaint,1,0,1
org.jfree.chart.plot.dial.DialTextAnnotation.setPaint,0,3,3
org.jfree.data.xml.CategorySeriesHandler.startElement,9,0,9
org.jfree.chart.labels.StandardCategorySeriesLabelGenerator.clone,0,1,1
org.jfree.chart.renderer.xy.XYBoxAndWhiskerRenderer.equals,3,13,16
org.jfree.chart.urls.CustomXYURLGenerator.getListCount,0,1,1
org.jfree.chart.renderer.xy.ClusteredXYBarRenderer.clone,0,1,1
org.jfree.data.statistics.HistogramDataset.getX,4,0,4
org.jfree.chart.plot.PlotRenderingInfo.clone,2,8,10
org.jfree.chart.plot.PlotRenderingInfo.getDataArea,0,1,1
org.jfree.chart.servlet.ServletUtilities.saveChartAsJPEG,11,0,11
org.jfree.data.time.TimeSeriesDataItem.<init>,0,4,4
org.jfree.chart.axis.MonthDateFormat.<init>,4,14,18
org.jfree.data.statistics.HistogramDataset.getY,5,6,11
org.jfree.data.general.Series.removeChangeListener,0,1,1
org.jfree.data.xml.CategoryDatasetHandler.<init>,1,0,1
org.jfree.data.statistics.DefaultBoxAndWhiskerXYDataset.getItem,1,0,1
org.jfree.chart.renderer.xy.XYLineAndShapeRenderer.getUseFillPaint,1,0,1
org.jfree.data.time.DynamicTimeSeriesCollection.<init>,24,0,24
org.jfree.chart.plot.CombinedDomainXYPlot.calculateAxisSpace,10,31,41
org.jfree.chart.plot.PolarPlot.getOrientation,1,0,1
org.jfree.chart.editor.DefaultPlotEditor.getBackgroundPaint,1,0,1
org.jfree.chart.labels.MultipleXYSeriesLabelGenerator.clearSeriesLabels,2,0,2
org.jfree.chart.axis.NumberTickUnit.equals,1,9,10
org.jfree.chart.renderer.xy.CandlestickRenderer.setAutoWidthMethod,0,3,3
org.jfree.chart.plot.PolarPlot.readObject,4,18,22
org.jfree.data.time.TimePeriodValues.getMaxEndIndex,0,1,1
org.jfree.chart.annotations.CategoryPointerAnnotation.setTipRadius,0,2,2
org.jfree.chart.plot.Crosshair.getLabelXOffset,1,0,1
org.jfree.chart.imagemap.ImageMapUtils.writeImageMap,7,0,7
org.jfree.chart.annotations.CategoryPointerAnnotation.draw,37,0,37
org.jfree.chart.renderer.AbstractRenderer.getItemVisible,0,1,1
org.jfree.chart.axis.PeriodAxis.setLast,0,4,4
org.jfree.chart.date.SerialDate.stringToMonthCode,2,13,15
org.jfree.data.gantt.XYTaskDataset.getItemEndValue,5,0,5
org.jfree.chart.plot.dial.DialPlot.getViewY,1,0,1
org.jfree.chart.plot.MeterInterval.getOutlineStroke,0,1,1
org.jfree.chart.StandardChartTheme.getSubtitlePaint,1,0,1
org.jfree.chart.plot.dial.DialPlot.getViewX,1,0,1
org.jfree.chart.plot.PlotOrientation.equals,1,7,8
org.jfree.chart.plot.dial.StandardDialScale.getLowerBound,1,0,1
org.jfree.data.DataUtils.getCumulativePercentages,14,0,14
org.jfree.chart.ui.LengthAdjustmentType.equals,1,7,8
org.jfree.data.time.TimePeriodValue.toString,1,0,1
org.jfree.data.time.ohlc.OHLCSeriesCollection.equals,1,7,8
org.jfree.chart.renderer.category.LevelRenderer.calculateSeriesWidth,4,0,4
org.jfree.chart.plot.CategoryPlot.drawRangeLine,9,0,9
org.jfree.chart.renderer.AbstractRenderer.lookupLegendShape,0,6,6
org.jfree.chart.renderer.DefaultPolarItemRenderer.setLegendLine,3,0,3
org.jfree.chart.StrokeMap.clone,0,4,4
org.jfree.chart.annotations.CategoryLineAnnotation.getValue1,0,1,1
org.jfree.data.KeyedObjects2D.getObject,0,22,22
org.jfree.chart.plot.Marker.getLabelPaint,0,1,1
org.jfree.chart.annotations.CategoryLineAnnotation.getValue2,0,1,1
org.jfree.chart.axis.Axis.isMinorTickMarksVisible,0,1,1
org.jfree.chart.renderer.xy.HighLowRenderer.getTickLength,1,0,1
org.jfree.chart.util.ShapeUtils.createUpTriangle,6,0,6
org.jfree.chart.renderer.DefaultPolarItemRenderer.setLegendItemToolTipGenerator,2,0,2
org.jfree.chart.renderer.category.BoxAndWhiskerRenderer.setFillBox,0,2,2
org.jfree.chart.axis.Axis.setMinorTickMarkOutsideLength,0,2,2
org.jfree.data.statistics.DefaultBoxAndWhiskerCategoryDataset.getItem,0,1,1
org.jfree.chart.axis.DateAxis.setDateFormatOverride,0,2,2
org.jfree.chart.event.AxisChangeListener.null,0,0,0
org.jfree.chart.plot.dial.StandardDialScale.setExtent,0,2,2
org.jfree.chart.axis.ValueAxis.setLeftArrow,3,0,3
org.jfree.chart.renderer.AbstractRenderer.<init>,0,43,43
org.jfree.chart.renderer.category.AbstractCategoryItemRenderer.setLegendItemURLGenerator,0,2,2
org.jfree.chart.renderer.xy.XYLineAndShapeRenderer.setUseFillPaint,0,2,2
org.jfree.chart.renderer.category.MinMaxCategoryRenderer.writeObject,0,3,3
org.jfree.chart.title.LegendTitle.setLegendItemGraphicAnchor,0,2,2
org.jfree.chart.renderer.xy.XYErrorRenderer.findRangeBounds,0,1,1
org.jfree.chart.title.Title.addChangeListener,0,1,1
org.jfree.data.time.TimeSeries.getTimePeriodClass,0,1,1
org.jfree.chart.renderer.OutlierList.getItemCount,1,0,1
org.jfree.chart.renderer.AbstractRenderer.getSeriesOutlinePaint,0,1,1
org.jfree.data.KeyedObjects.insertValue,10,0,10
org.jfree.chart.annotations.CategoryLineAnnotation.setValue2,0,2,2
org.jfree.chart.renderer.xy.XYLineAndShapeRenderer.setDefaultShapesVisible,0,2,2
org.jfree.chart.annotations.CategoryLineAnnotation.setValue1,0,2,2
org.jfree.chart.entity.JFreeChartEntity.equals,14,0,14
org.jfree.data.xy.XIntervalSeriesCollection.getSeriesKey,1,0,1
org.jfree.chart.annotations.TextAnnotation.getRotationAngle,0,1,1
org.jfree.chart.renderer.AbstractRenderer.lookupLegendTextFont,0,4,4
org.jfree.chart.annotations.XYDataImageAnnotation.draw,28,0,28
org.jfree.chart.renderer.xy.XYLineAndShapeRenderer.getDefaultShapesFilled,1,0,1
org.jfree.chart.plot.CategoryPlot.setCrosshairDatasetIndex,0,4,4
org.jfree.chart.ChartPanel.mouseExited,6,0,6
org.jfree.data.gantt.SlidingGanttCategoryDataset.getColumnIndex,4,0,4
org.jfree.data.category.DefaultIntervalCategoryDataset.clone,0,14,14
org.jfree.data.general.DatasetChangeEvent.getDataset,0,1,1
org.jfree.data.xy.VectorSeriesCollection.getXValue,3,0,3
org.jfree.chart.axis.DateAxis.estimateMaximumTickLabelHeight,22,0,22
org.jfree.chart.axis.PeriodAxis.clone,0,4,4
org.jfree.chart.ChartPanel.writeObject,3,0,3
org.jfree.chart.plot.CombinedRangeXYPlot.clone,0,9,9
org.jfree.chart.renderer.category.BoxAndWhiskerRenderer.drawVerticalItem,31,74,105
org.jfree.data.xy.DefaultTableXYDataset.prune,0,6,6
org.jfree.data.statistics.DefaultBoxAndWhiskerXYDataset.getMaxRegularValue,0,5,5
org.jfree.chart.ui.ApplicationFrame.windowClosed,0,0,0
org.jfree.data.statistics.DefaultStatisticalCategoryDataset.getRangeUpperBound,0,3,3
org.jfree.chart.plot.RingPlot.equals,1,27,28
org.jfree.data.xy.XYIntervalSeriesCollection.removeAllSeries,5,0,5
org.jfree.chart.plot.ThermometerPlot.setValuePaint,0,4,4
org.jfree.chart.plot.CrosshairState.setCrosshairDistance,0,1,1
org.jfree.chart.renderer.category.IntervalBarRenderer.<init>,0,1,1
org.jfree.chart.util.BooleanList.equals,1,2,3
org.jfree.chart.plot.RingPlot.initialise,3,0,3
org.jfree.chart.plot.FastScatterPlot.isDomainPannable,1,0,1
org.jfree.data.statistics.SimpleHistogramDataset.getEndYValue,1,0,1
org.jfree.chart.plot.CategoryPlot.setRangeCrosshairVisible,0,3,3
org.jfree.chart.ChartFactory.createAreaChart,1,14,15
org.jfree.chart.StandardChartTheme.createJFreeTheme,1,0,1
org.jfree.data.xy.XIntervalSeriesCollection.removeAllSeries,5,0,5
org.jfree.data.general.DatasetUtils.findMaximumRangeValue,23,18,41
org.jfree.chart.plot.PolarPlot.setMargin,0,2,2
org.jfree.chart.urls.TimeSeriesURLGenerator.getDateFormat,1,0,1
org.jfree.data.DefaultKeyedValues2D.removeRow,0,7,7
org.jfree.data.general.HeatMapUtils.extractRowFromHeatMapDataset,6,0,6
org.jfree.chart.renderer.xy.AbstractXYItemRenderer.removeAnnotation,5,0,5
org.jfree.chart.util.AttrStringUtils.isHalfAscent,1,0,1
org.jfree.data.general.DefaultKeyedValues2DDataset.null,0,0,0
org.jfree.chart.needle.PinNeedle.clone,0,1,1
org.jfree.chart.axis.ValueAxis.setAutoTickUnitSelection,0,5,5
org.jfree.chart.plot.PolarPlot.isRadiusMinorGridlinesVisible,1,0,1
org.jfree.chart.title.LegendGraphic.getLinePaint,1,0,1
org.jfree.chart.renderer.category.CategoryItemRendererState.setBarWidth,0,1,1
org.jfree.data.gantt.XYTaskDataset.getEndY,1,0,1
org.jfree.chart.util.SerialUtils.readAttributedString,1,15,16
org.jfree.chart.plot.PolarPlot.getMargin,1,0,1
org.jfree.chart.annotations.XYImageAnnotation.readObject,1,0,1
org.jfree.data.gantt.XYTaskDataset.getEndX,1,0,1
org.jfree.chart.renderer.GrayPaintScale.<init>,2,7,9
org.jfree.data.KeyedObjects.getIndex,0,9,9
org.jfree.chart.ui.RectangleEdge.isTopOrBottom,0,1,1
org.jfree.data.json.impl.JSONArray.toString,1,0,1
org.jfree.data.general.DatasetUtils.iterateToFindRangeBounds,1,157,158
org.jfree.data.time.DynamicTimeSeriesCollection.getDomainUpperBound,1,0,1
org.jfree.data.gantt.XYTaskDataset.datasetChanged,0,1,1
org.jfree.chart.plot.XYPlot.configureDomainAxes,0,3,3
org.jfree.chart.renderer.AbstractRenderer.setDefaultSeriesVisibleInLegend,0,4,4
org.jfree.data.function.LineFunction2D.getIntercept,0,1,1
org.jfree.chart.renderer.category.StackedAreaRenderer.drawItem,111,0,111
org.jfree.data.KeyedObjects2D.getRowKey,0,1,1
org.jfree.chart.renderer.xy.XYShapeRenderer.getGuideLineStroke,1,0,1
org.jfree.data.xy.DefaultHighLowDataset.getLowValue,5,0,5
org.jfree.data.time.TimeSeries.equals,4,17,21
org.jfree.chart.renderer.LookupPaintScale.getUpperBound,0,1,1
org.jfree.chart.renderer.category.WaterfallBarRenderer.setPositiveBarPaint,0,3,3
org.jfree.chart.plot.dial.StandardDialScale.getExtent,1,0,1
org.jfree.chart.ChartPanel.getPointInRectangle,3,0,3
org.jfree.chart.plot.IntervalMarker.setStartValue,0,2,2
org.jfree.chart.axis.DateAxis.setMinimumDate,0,10,10
org.jfree.chart.plot.MeterInterval.equals,6,10,16
org.jfree.chart.renderer.AbstractRenderer.setDefaultNegativeItemLabelPosition,0,5,5
org.jfree.chart.axis.DateAxis.selectAutoTickUnit,2,2,4
org.jfree.data.time.Day.getSerialDate,0,1,1
org.jfree.data.xy.CategoryTableXYDataset.setAutoWidth,0,2,2
org.jfree.chart.renderer.AbstractRenderer.getSeriesVisible,1,0,1
org.jfree.chart.plot.dial.StandardDialScale.getMajorTickIncrement,1,0,1
org.jfree.chart.renderer.xy.StandardXYBarPainter.createShadow,29,0,29
org.jfree.data.time.TimePeriodValuesCollection.getSeriesCount,0,1,1
org.jfree.chart.plot.PlotRenderingInfo.equals,2,10,12
org.jfree.chart.plot.CategoryPlot.isRangeGridlinesVisible,0,1,1
org.jfree.chart.plot.PieLabelRecord.getUpperY,0,1,1
org.jfree.data.xy.XYIntervalSeries.getYLowValue,0,2,2
org.jfree.chart.ui.TextAnchor.isHalfAscent,0,1,1
org.jfree.data.xy.DefaultIntervalXYDataset.getStartXValue,0,2,2
org.jfree.chart.event.PlotChangeEvent.getPlot,1,0,1
org.jfree.chart.event.ChartProgressEvent.getType,1,0,1
org.jfree.chart.plot.CategoryPlot.setOrientation,0,3,3
org.jfree.chart.LegendItem.characterIteratorToString,1,12,13
org.jfree.chart.axis.CategoryAxis.getCategoryLabelToolTip,0,2,2
org.jfree.chart.axis.CyclicNumberAxis.setBoundMappedToLastCycle,0,1,1
org.jfree.chart.entity.CategoryItemEntity.setDataset,2,0,2
org.jfree.chart.renderer.category.LayeredBarRenderer.setSeriesBarWidth,1,0,1
org.jfree.data.statistics.DefaultBoxAndWhiskerXYDataset.getQ1Value,0,5,5
org.jfree.data.function.NormalDistributionFunction2D.getStandardDeviation,0,1,1
org.jfree.chart.renderer.AbstractRenderer.setSeriesPaint,0,4,4
org.jfree.chart.axis.QuarterDateFormat.equals,2,8,10
org.jfree.data.statistics.DefaultBoxAndWhiskerCategoryDataset.getRowKeys,1,0,1
org.jfree.chart.renderer.AbstractRenderer.getSeriesOutlineStroke,0,1,1
org.jfree.chart.axis.CategoryAxis.getMaximumCategoryLabelWidthRatio,1,0,1
org.jfree.chart.renderer.xy.StandardXYItemRenderer.setPlotDiscontinuous,0,3,3
org.jfree.chart.plot.MeterPlot.valueToAngle,0,3,3
org.jfree.chart.plot.SpiderWebPlot.getSeriesPaint,3,9,12
org.jfree.chart.plot.Plot.getParent,0,1,1
org.jfree.chart.urls.StandardXYURLGenerator.generateURL,5,0,5
org.jfree.chart.renderer.xy.XYStepAreaRenderer.drawItem,25,57,82
org.jfree.chart.util.RelativeDateFormat.clone,0,4,4
org.jfree.data.xy.Vector.<init>,0,2,2
org.jfree.chart.renderer.xy.DeviationRenderer.getPassCount,1,0,1
org.jfree.data.time.TimePeriodValuesCollection.equals,1,9,10
org.jfree.data.xy.VectorSeriesCollection.removeSeries,0,6,6
org.jfree.data.time.Millisecond.previous,7,0,7
org.jfree.chart.labels.BubbleXYItemLabelGenerator.equals,2,10,12
org.jfree.chart.block.ColumnArrangement.arrangeFF,1,0,1
org.jfree.data.time.TimeSeriesCollection.getDomainLowerBound,5,0,5
org.jfree.chart.ui.PaintSample.getPaint,1,0,1
org.jfree.data.time.TimeTableXYDataset.remove,4,0,4
org.jfree.chart.event.ChartProgressEvent.getChart,1,0,1
org.jfree.data.gantt.TaskSeriesCollection.getPercentComplete,0,22,22
org.jfree.chart.renderer.category.StatisticalBarRenderer.setErrorIndicatorPaint,0,2,2
org.jfree.chart.event.ChartChangeEventType.equals,8,0,8
org.jfree.chart.entity.CategoryItemEntity.toString,1,0,1
org.jfree.chart.plot.PlotRenderingInfo.addSubplotInfo,0,1,1
org.jfree.chart.annotations.XYTitleAnnotation.setMaxWidth,2,0,2
org.jfree.data.xy.VectorDataItem.getVector,1,0,1
org.jfree.data.xy.YIntervalDataItem.getX,0,1,1
org.jfree.data.xy.DefaultIntervalXYDataset.addSeries,3,13,16
org.jfree.chart.renderer.category.ScatterRenderer.readObject,0,1,1
org.jfree.data.statistics.BoxAndWhiskerItem.getOutliers,0,3,3
org.jfree.data.DefaultKeyedValues2D.getColumnKeys,0,1,1
org.jfree.data.xml.ValueHandler.clearCurrentText,1,0,1
org.jfree.data.statistics.DefaultBoxAndWhiskerXYDataset.getRangeLowerBound,1,3,4
org.jfree.chart.plot.CategoryPlot.setDomainGridlinesVisible,0,3,3
org.jfree.data.xy.DefaultWindDataset.getItemCount,4,0,4
org.jfree.chart.plot.CategoryPlot.setRangeAxis,0,13,13
org.jfree.chart.JFreeChart.writeObject,0,4,4
org.jfree.chart.axis.LogAxis.setBaseSymbol,2,0,2
org.jfree.data.xy.IntervalXYDelegate.getFixedIntervalWidth,1,0,1
org.jfree.data.gantt.TaskSeriesCollection.getRowKey,0,2,2
org.jfree.chart.axis.Axis.getTickMarkOutsideLength,0,1,1
org.jfree.data.category.DefaultCategoryDataset.getColumnKeys,0,1,1
org.jfree.chart.urls.StandardCategoryURLGenerator.<init>,0,9,9
org.jfree.chart.StandardChartTheme.getShadowPaint,1,0,1
org.jfree.data.xy.MatrixSeriesCollection.getSeriesCount,1,0,1
org.jfree.data.time.Millisecond.next,1,6,7
org.jfree.chart.ChartPanel.getScreenDataArea,5,12,17
org.jfree.chart.LegendItemCollection.<init>,0,1,1
org.jfree.chart.axis.SymbolAxis.refreshTicksVertical,45,0,45
org.jfree.chart.renderer.category.WaterfallBarRenderer.<init>,0,12,12
org.jfree.data.xy.VectorDataItem.getXValue,0,2,2
org.jfree.chart.axis.CyclicNumberAxis.reserveSpace,15,0,15
org.jfree.chart.axis.ModuloAxis.mapValueToFixedRange,1,4,5
org.jfree.data.statistics.HistogramBin.getCount,0,1,1
org.jfree.chart.renderer.xy.XYBarRenderer.getShadowYOffset,1,0,1
org.jfree.chart.plot.PiePlot.getMaximumLabelWidth,0,1,1
org.jfree.chart.labels.AbstractPieItemLabelGenerator.getNumberFormat,0,1,1
org.jfree.chart.plot.MeterPlot.getUnits,1,0,1
org.jfree.chart.labels.StandardPieToolTipGenerator.generateToolTip,1,0,1
org.jfree.chart.ChartFactory.createXYBarChart,3,20,23
org.jfree.chart.ChartTransferable.<init>,11,0,11
org.jfree.data.time.Year.hashCode,0,4,4
org.jfree.chart.renderer.xy.CandlestickRenderer.setVolumePaint,0,3,3
org.jfree.chart.ui.StrokeSample.getStroke,1,0,1
org.jfree.chart.labels.BoxAndWhiskerToolTipGenerator.<init>,0,2,2
org.jfree.chart.plot.XYPlot.getRangeAxis,0,8,8
org.jfree.data.xy.XIntervalSeries.getXLowValue,0,2,2
org.jfree.chart.axis.SubCategoryAxis.<init>,0,2,2
org.jfree.chart.plot.MeterPlot.addInterval,0,3,3
org.jfree.chart.annotations.XYImageAnnotation.draw,26,0,26
org.jfree.chart.renderer.xy.AbstractXYItemRenderer.getDrawingSupplier,0,5,5
org.jfree.data.xy.XYIntervalSeriesCollection.removeSeries,5,6,11
org.jfree.chart.labels.AbstractPieItemLabelGenerator.hashCode,0,5,5
org.jfree.chart.event.ChartChangeEventType.<init>,0,1,1
org.jfree.chart.axis.CategoryAxis.reserveSpace,5,22,27
org.jfree.data.xy.DefaultHighLowDataset.getItemCount,1,0,1
org.jfree.chart.plot.DatasetRenderingOrder.readResolve,2,3,5
org.jfree.data.time.Second.getMinute,0,1,1
org.jfree.chart.editor.ChartEditorManager.getChartEditorFactory,1,0,1
org.jfree.chart.renderer.xy.StandardXYItemRenderer.getBaseShapesFilled,1,0,1
org.jfree.chart.axis.AxisCollection.add,2,8,10
org.jfree.chart.annotations.XYShapeAnnotation.readObject,0,5,5
org.jfree.chart.labels.AbstractPieItemLabelGenerator.createItemArray,0,15,15
org.jfree.data.time.Quarter.equals,2,4,6
org.jfree.chart.renderer.Outlier.getRadius,0,1,1
org.jfree.chart.renderer.xy.StandardXYBarPainter.equals,1,4,5
org.jfree.data.xy.XYSeries.minIgnoreNaN,0,5,5
org.jfree.chart.renderer.xy.YIntervalRenderer.findRangeBounds,0,1,1
org.jfree.chart.labels.IntervalCategoryItemLabelGenerator.createItemArray,19,0,19
org.jfree.chart.ChartFactory.createCandlestickChart,7,0,7
org.jfree.chart.LegendItem.readObject,0,10,10
org.jfree.chart.editor.DefaultLogAxisEditor.createTickUnitPanel,10,0,10
org.jfree.data.statistics.DefaultMultiValueCategoryDataset.getColumnKeys,1,0,1
org.jfree.chart.renderer.xy.XYShapeRenderer.writeObject,0,3,3
org.jfree.chart.plot.CategoryPlot.getDrawSharedDomainAxis,0,1,1
org.jfree.chart.renderer.xy.XYAreaRenderer2.getLegendArea,1,0,1
org.jfree.chart.block.AbstractBlock.readObject,0,2,2
org.jfree.chart.axis.Axis.setTickMarkPaint,0,3,3
org.jfree.chart.editor.DefaultPolarPlotEditor.<init>,5,0,5
org.jfree.chart.editor.ChartEditor.null,0,0,0
org.jfree.chart.renderer.xy.XYLineAndShapeRenderer.readObject,0,2,2
org.jfree.chart.axis.PeriodAxis.setMinorTickMarkOutsideLength,2,0,2
org.jfree.chart.plot.CombinedDomainXYPlot.getSubplots,0,1,1
org.jfree.chart.plot.MeterPlot.getMeterAngle,1,0,1
org.jfree.chart.plot.dial.StandardDialScale.getTickLabelsVisible,1,0,1
org.jfree.chart.labels.IntervalXYToolTipGenerator.createItemArray,43,0,43
org.jfree.chart.imagemap.OverLIBToolTipTagFragmentGenerator.<init>,0,1,1
org.jfree.chart.labels.BubbleXYItemLabelGenerator.<init>,0,7,7
org.jfree.chart.renderer.xy.AbstractXYItemRenderer.fillRangeGridBand,10,0,10
org.jfree.chart.labels.XYZToolTipGenerator.null,0,0,0
org.jfree.data.statistics.DefaultBoxAndWhiskerCategoryDataset.getQ1Value,0,10,10
org.jfree.chart.renderer.category.StatisticalLineAndShapeRenderer.<init>,0,4,4
org.jfree.chart.renderer.category.ScatterRenderer.getItemShapeFilled,1,0,1
org.jfree.chart.renderer.xy.StandardXYItemRenderer.getSeriesIndex,1,0,1
org.jfree.chart.plot.dial.DialBackground.getGradientPaintTransformer,1,0,1
org.jfree.chart.renderer.xy.XYStepAreaRenderer.isShapesFilled,1,0,1
org.jfree.chart.LegendItemCollection.equals,1,7,8
org.jfree.data.KeyedObjects2D.clone,0,9,9
org.jfree.chart.util.PaintList.hashCode,1,0,1
org.jfree.chart.block.ColumnArrangement.arrangeNF,28,0,28
org.jfree.chart.renderer.xy.XYStepAreaRenderer.getRangeBase,0,1,1
org.jfree.chart.renderer.category.GradientBarPainter.paintBarShadow,1,7,8
org.jfree.data.xy.DefaultIntervalXYDataset.hashCode,4,0,4
org.jfree.data.statistics.HistogramDataset.getTotal,0,2,2
org.jfree.chart.block.ColumnArrangement.arrangeNN,21,0,21
org.jfree.data.xy.YIntervalSeries.add,0,2,2
org.jfree.chart.labels.SymbolicXYItemLabelGenerator.clone,0,1,1
org.jfree.data.statistics.HistogramDataset.getBinWidth,0,2,2
org.jfree.chart.StandardChartTheme.getAxisOffset,1,0,1
org.jfree.chart.axis.LogAxis.setBase,1,4,5
org.jfree.chart.block.LineBorder.readObject,0,3,3
org.jfree.data.KeyToGroupMap.clone,3,24,27
org.jfree.chart.ui.LCBLayout.removeLayoutComponent,0,0,0
org.jfree.chart.plot.CategoryPlot.findRangeAxisIndex,0,4,4
org.jfree.data.ComparableObjectSeries.clear,0,3,3
org.jfree.chart.StandardChartTheme.setRangeGridlinePaint,0,2,2
org.jfree.data.time.TimeTableXYDataset.getDomainUpperBound,5,0,5
org.jfree.data.xy.DefaultIntervalXYDataset.getEndY,1,0,1
org.jfree.data.xy.DefaultIntervalXYDataset.getEndX,1,0,1
org.jfree.chart.plot.PolarPlot.getPlotType,1,0,1
org.jfree.chart.plot.SpiderWebPlot.setMaxValue,0,2,2
org.jfree.data.xy.NormalizedMatrixSeries.setScaleFactor,1,0,1
org.jfree.chart.axis.ValueAxis.setRange,1,9,10
org.jfree.data.xy.DefaultTableXYDataset.canPrune,0,5,5
org.jfree.data.xy.YisSymbolic.null,0,0,0
org.jfree.data.xy.XYSeriesCollection.getDomainLowerBound,10,2,12
org.jfree.chart.labels.StandardXYZToolTipGenerator.equals,2,10,12
org.jfree.chart.entity.CategoryLabelEntity.equals,2,6,8
org.jfree.chart.entity.PieSectionEntity.<init>,0,5,5
org.jfree.chart.ChartPanel.createPopupMenu,10,85,95
org.jfree.chart.axis.ValueAxis.getAutoTickIndex,1,0,1
org.jfree.chart.plot.FastScatterPlot.draw,2,21,23
org.jfree.chart.axis.NumberTickUnitSource.equals,5,9,14
org.jfree.chart.StandardChartTheme.setLegendItemPaint,0,2,2
org.jfree.chart.plot.CategoryPlot.drawDomainMarkers,5,5,10
org.jfree.chart.ui.StandardGradientPaintTransformer.getType,1,0,1
org.jfree.chart.annotations.XYTextAnnotation.getFont,0,1,1
org.jfree.chart.renderer.category.CategoryStepRenderer.State,2,0,2
org.jfree.data.statistics.DefaultBoxAndWhiskerXYDataset.setFaroutCoefficient,3,0,3
org.jfree.chart.panel.CrosshairOverlay.propertyChange,1,0,1
org.jfree.chart.util.RelativeDateFormat.setPositivePrefix,2,0,2
org.jfree.chart.util.StrokeList.readObject,3,3,6
org.jfree.chart.axis.DateTickUnit.hashCode,0,5,5
org.jfree.chart.renderer.category.StackedBarRenderer.calculateBarWidth,18,0,18
org.jfree.chart.labels.StandardXYZToolTipGenerator.<init>,0,7,7
org.jfree.chart.axis.CyclicNumberAxis.getCycleBound,1,0,1
org.jfree.chart.axis.DateAxis.hashCode,0,1,1
org.jfree.data.xy.XYSeries.indexOf,0,7,7
org.jfree.chart.renderer.xy.YIntervalRenderer.setAdditionalItemLabelGenerator,0,2,2
org.jfree.chart.renderer.AbstractRenderer.getDefaultPositiveItemLabelPosition,1,0,1
org.jfree.data.Range.max,0,5,5
org.jfree.data.json.impl.JSONObject.toJSONString,22,0,22
org.jfree.chart.ui.Size2D.<init>,0,3,3
org.jfree.data.time.Hour.getYear,0,1,1
org.jfree.chart.plot.dial.ArcDialFrame.getInnerRadius,1,0,1
org.jfree.chart.editor.DefaultChartEditor.getBackgroundPaint,1,0,1
org.jfree.data.xy.DefaultXYDataset.indexOf,0,1,1
org.jfree.chart.plot.dial.StandardDialFrame.setStroke,0,3,3
org.jfree.chart.ChartRenderingInfo.writeObject,0,2,2
org.jfree.chart.block.ColumnArrangement.arrangeRF,5,0,5
org.jfree.chart.renderer.category.CategoryStepRenderer.<init>,0,3,3
org.jfree.chart.axis.PeriodAxisLabelInfo.getDateFormat,1,0,1
org.jfree.data.gantt.SlidingGanttCategoryDataset.getColumnKey,1,0,1
org.jfree.chart.renderer.OutlierListCollection.<init>,0,1,1
org.jfree.chart.block.ColumnArrangement.arrangeRR,5,0,5
org.jfree.chart.plot.PolarAxisLocation.equals,2,6,8
org.jfree.chart.plot.XYPlot.getRangeMinorGridlinePaint,1,0,1
org.jfree.data.json.impl.JSONValue.toJSONString,23,0,23
org.jfree.chart.axis.Axis.getTickLabelPaint,0,1,1
org.jfree.chart.block.LabelBlock.equals,1,17,18
org.jfree.chart.plot.CategoryPlot.isRangePannable,1,0,1
org.jfree.chart.title.ImageTitle.<init>,8,0,8
org.jfree.chart.renderer.xy.XYLineAndShapeRenderer.setSeriesShapesFilled,0,3,3
org.jfree.chart.renderer.AbstractRenderer.lookupSeriesStroke,1,8,9
org.jfree.chart.StrokeMap.<init>,0,1,1
org.jfree.chart.plot.Marker.getStroke,0,1,1
org.jfree.data.time.Week.toString,1,0,1
org.jfree.data.time.TimeSeries.updateBoundsForRemovedItem,0,6,6
org.jfree.chart.axis.NumberAxis.selectVerticalAutoTickUnit,2,12,14
org.jfree.chart.plot.XYPlot.datasetChanged,0,7,7
org.jfree.chart.util.LineUtils.clipLine,7,38,45
org.jfree.chart.plot.XYPlot.drawDomainMarkers,0,12,12
org.jfree.chart.util.DefaultShadowGenerator.getShadowSize,1,0,1
org.jfree.chart.renderer.AbstractRenderer.getSeriesShape,0,1,1
org.jfree.chart.renderer.AreaRendererEndType.readResolve,3,5,8
org.jfree.chart.plot.MeterInterval.writeObject,0,4,4
org.jfree.data.time.DynamicTimeSeriesCollection.getData,1,0,1
org.jfree.chart.plot.dial.StandardDialRange.setBounds,5,0,5
org.jfree.data.category.DefaultCategoryDataset.setValue,0,3,3
org.jfree.data.general.DatasetUtils.findMaximumStackedRangeValue,0,19,19
org.jfree.chart.plot.XYPlot.getSeriesRenderingOrder,0,1,1
org.jfree.data.xy.DefaultXYZDataset.<init>,0,2,2
org.jfree.chart.axis.NumberTickUnitSource.getTickLabelFormat,4,9,13
org.jfree.chart.editor.DefaultLogAxisEditor.toggleAutoTick,5,0,5
org.jfree.chart.plot.MultiplePiePlot.getLegendItemShape,0,1,1
org.jfree.data.KeyedObjects.getItemCount,0,1,1
org.jfree.chart.plot.ThermometerPlot.getThermometerPaint,1,0,1
org.jfree.chart.axis.LogAxis.getSmallestValue,1,0,1
org.jfree.chart.plot.Plot.writeObject,0,5,5
org.jfree.chart.plot.CategoryPlot.setFixedLegendItems,0,2,2
org.jfree.chart.plot.CategoryPlot.getRangeCrosshairPaint,1,0,1
org.jfree.chart.title.Title.setVerticalAlignment,0,4,4
org.jfree.chart.plot.dial.DialTextAnnotation.draw,6,0,6
org.jfree.chart.axis.DateAxis.autoAdjustRange,1,25,26
org.jfree.chart.plot.XYPlot.getDomainCrosshairValue,0,1,1
org.jfree.chart.plot.XYPlot.setDomainTickBandPaint,0,2,2
org.jfree.chart.renderer.category.LineAndShapeRenderer.getPassCount,0,1,1
org.jfree.chart.plot.dial.DialPlot.removePointer,6,0,6
org.jfree.chart.block.BlockContainer.getBlocks,0,1,1
org.jfree.chart.plot.PiePlot.getSectionOutlineStroke,0,1,1
org.jfree.chart.plot.CompassPlot.getRosePaint,1,0,1
org.jfree.chart.renderer.AbstractRenderer.setLegendTextFont,0,2,2
org.jfree.chart.plot.dial.DialPointer.getStroke,1,0,1
org.jfree.chart.StandardChartTheme.applyToPolarPlot,7,0,7
org.jfree.chart.renderer.AbstractRenderer.getSeriesCreateEntities,0,1,1
org.jfree.chart.axis.DateAxis.containsDomainRange,2,0,2
org.jfree.chart.plot.dial.DialTextAnnotation.getFont,1,0,1
org.jfree.chart.axis.PeriodAxis.setRange,0,5,5
org.jfree.chart.plot.DefaultDrawingSupplier.<init>,0,13,13
org.jfree.data.KeyedValues2DItemKey.hashCode,4,0,4
org.jfree.chart.axis.CategoryLabelPosition.getAngle,0,1,1
org.jfree.chart.plot.XYPlot.<init>,0,66,66
org.jfree.chart.entity.StandardEntityCollection.equals,2,4,6
org.jfree.chart.axis.ValueAxis.setVerticalTickLabels,0,3,3
org.jfree.chart.plot.CategoryPlot.clearRangeAxes,5,0,5
org.jfree.chart.plot.XYPlot.isRangeMinorGridlinesVisible,0,1,1
org.jfree.chart.text.G2TextMeasurer.<init>,0,1,1
org.jfree.chart.util.HexNumberFormat.setNumberOfDigits,1,0,1
org.jfree.chart.urls.CustomPieURLGenerator.equals,4,14,18
org.jfree.chart.axis.NumberAxis.getMarkerBand,1,0,1
org.jfree.data.xy.XIntervalDataItem.getXLowValue,1,3,4
org.jfree.chart.plot.PiePlot.clearSectionOutlinePaints,3,0,3
org.jfree.chart.axis.Axis.getTickLabelInsets,0,1,1
org.jfree.chart.renderer.category.StandardBarPainter.<init>,0,0,0
org.jfree.data.xml.CategoryDatasetHandler.endElement,3,0,3
org.jfree.data.time.Quarter.<init>,1,17,18
org.jfree.chart.entity.StandardEntityCollection.addAll,0,1,1
org.jfree.chart.plot.XYPlot.setRangeZeroBaselinePaint,0,3,3
org.jfree.chart.renderer.category.AbstractCategoryItemRenderer.addEntity,19,0,19
org.jfree.chart.plot.ValueAxisPlot.null,0,0,0
org.jfree.chart.axis.PeriodAxis.getTimeZone,1,0,1
org.jfree.chart.plot.XYPlot.setDomainZeroBaselinePaint,0,3,3
org.jfree.chart.plot.dial.DialValueIndicator.setTextAnchor,0,3,3
org.jfree.chart.PaintMap.containsKey,1,0,1
org.jfree.chart.renderer.AbstractRenderer.equals,3,79,82
org.jfree.chart.plot.PiePlot3D.setDepthFactor,0,2,2
org.jfree.chart.needle.WindNeedle.equals,3,4,7
org.jfree.data.time.Month.equals,3,7,10
org.jfree.chart.renderer.AbstractRenderer.setSeriesFillPaint,0,4,4
org.jfree.chart.block.LabelBlock.getContentAlignmentPoint,1,0,1
org.jfree.chart.LegendItemCollection.iterator,1,0,1
org.jfree.chart.renderer.xy.XYBoxAndWhiskerRenderer.<init>,0,6,6
org.jfree.chart.renderer.AbstractRenderer.getDefaultLegendTextFont,1,0,1
org.jfree.data.gantt.TaskSeriesCollection.remove,5,6,11
org.jfree.chart.plot.CategoryPlot.setShadowGenerator,0,2,2
org.jfree.chart.entity.PlotEntity.equals,14,0,14
org.jfree.chart.entity.ChartEntity.clone,0,1,1
org.jfree.chart.renderer.xy.XYDifferenceRenderer.drawItemPass1,54,0,54
org.jfree.chart.title.LegendGraphic.getShapeAnchor,1,0,1
org.jfree.chart.renderer.xy.XYDifferenceRenderer.drawItemPass0,244,0,244
org.jfree.chart.renderer.xy.XYItemRendererState.startSeriesPass,0,2,2
org.jfree.chart.plot.XYPlot.getDomainAxisIndex,0,7,7
org.jfree.chart.axis.CategoryLabelPositions.replaceRightPosition,3,0,3
org.jfree.chart.renderer.xy.XYBoxAndWhiskerRenderer.drawHorizontalItem,61,0,61
org.jfree.chart.labels.AbstractCategoryItemLabelGenerator.clone,1,5,6
org.jfree.data.xml.ItemHandler.getKey,1,0,1
org.jfree.chart.renderer.xy.YIntervalRenderer.equals,2,6,8
org.jfree.chart.plot.MultiplePiePlot.writeObject,0,3,3
org.jfree.chart.plot.XYPlot.drawVerticalLine,9,0,9
org.jfree.chart.plot.FastScatterPlot.isRangeZoomable,1,0,1
org.jfree.chart.JFreeChart.setID,1,0,1
org.jfree.chart.plot.MeterPlot.setTickLabelFormat,0,3,3
org.jfree.chart.renderer.xy.XYDotRenderer.clone,0,1,1
org.jfree.data.time.Minute.previous,2,6,8
org.jfree.chart.editor.DefaultAxisEditor.getInstance,7,0,7
org.jfree.chart.plot.dial.DialValueIndicator.getValueAnchor,1,0,1
org.jfree.data.time.TimeSeries.add,16,34,50
org.jfree.chart.plot.dial.DialCap.getRadius,1,0,1
org.jfree.chart.axis.DateAxis.dateToJava2D,2,0,2
org.jfree.data.general.DefaultHeatMapDataset.equals,2,18,20
org.jfree.chart.plot.XYPlot.getDomainGridlineStroke,0,1,1
org.jfree.chart.renderer.xy.XYDifferenceRenderer.getRoundXCoordinates,1,0,1
org.jfree.chart.renderer.AbstractRenderer.getItemPaint,0,1,1
org.jfree.data.DomainInfo.null,0,0,0
org.jfree.data.time.ohlc.OHLCSeriesCollection.getHighValue,3,0,3
org.jfree.data.time.TimePeriodValuesCollection.getDomainUpperBound,5,0,5
org.jfree.data.xy.DefaultTableXYDataset.clone,0,12,12
org.jfree.chart.annotations.XYTextAnnotation.getBackgroundPaint,1,0,1
org.jfree.chart.renderer.DefaultPolarItemRenderer.getUseFillPaint,1,0,1
org.jfree.chart.renderer.xy.CyclicXYItemRenderer.getItemCount,1,0,1
org.jfree.data.gantt.XYTaskDataset.<init>,0,4,4
org.jfree.chart.annotations.XYAnnotation.null,0,0,0
org.jfree.chart.axis.DateAxis.setLocale,4,0,4
org.jfree.data.statistics.DefaultBoxAndWhiskerXYDataset.equals,4,8,12
org.jfree.data.DefaultKeyedValues.sortByValues,0,10,10
org.jfree.chart.plot.ThermometerPlot.zoomRangeAxes,4,0,4
org.jfree.chart.plot.PiePlot.setLabelLinkMargin,0,2,2
org.jfree.chart.plot.XYPlot.isDomainGridlinesVisible,0,1,1
org.jfree.chart.urls.StandardXYZURLGenerator.generateURL,1,0,1
org.jfree.chart.text.TextUtils.<init>,0,0,0
org.jfree.data.statistics.BoxAndWhiskerCalculator.calculateBoxAndWhiskerStatistics,7,39,46
org.jfree.chart.axis.Axis.getLabelFont,0,1,1
org.jfree.chart.axis.DateTick.equals,2,6,8
org.jfree.chart.axis.AxisLabelLocation.hashCode,3,0,3
org.jfree.chart.LegendItem.clone,2,8,10
org.jfree.chart.labels.StandardPieToolTipGenerator.clone,0,1,1
org.jfree.data.gantt.XYTaskDataset.setSeriesWidth,1,3,4
org.jfree.data.xml.DatasetTags.null,0,0,0
org.jfree.chart.renderer.category.BarPainter.null,0,0,0
org.jfree.chart.plot.ThermometerPlot.getUseSubrangePaint,1,0,1
org.jfree.chart.ui.RectangleEdge.readResolve,2,8,10
org.jfree.chart.needle.MeterNeedle.getSize,1,0,1
org.jfree.chart.editor.DefaultValueAxisEditor.getAutoTickUnitSelectionCheckBox,1,0,1
org.jfree.chart.renderer.xy.XYDifferenceRenderer.readObject,0,4,4
org.jfree.chart.axis.ModuloAxis.<init>,0,4,4
org.jfree.chart.renderer.category.BoxAndWhiskerRenderer.isMeanVisible,1,0,1
org.jfree.data.xy.XYSeriesCollection.indexOf,0,2,2
org.jfree.chart.LegendItemCollection.clone,0,3,3
org.jfree.chart.plot.CategoryPlot.getDomainAxisForDataset,0,8,8
org.jfree.chart.entity.XYAnnotationEntity.<init>,2,0,2
org.jfree.data.json.impl.JSONObject.writeJSONString,18,0,18
org.jfree.chart.renderer.category.BoxAndWhiskerRenderer.setMaximumBarWidth,0,2,2
org.jfree.data.general.AbstractDataset.setNotify,3,0,3
org.jfree.chart.needle.PointerNeedle.drawNeedle,31,0,31
org.jfree.chart.axis.ValueAxis.findMaximumTickLabelWidth,5,15,20
org.jfree.chart.renderer.xy.XYShapeRenderer.setUseOutlinePaint,0,2,2
org.jfree.chart.renderer.xy.XYLineAndShapeRenderer.setSeriesShapesVisible,0,3,3
org.jfree.data.gantt.TaskSeriesCollection.getColumnCount,0,1,1
org.jfree.chart.renderer.category.AbstractCategoryItemRenderer.getDefaultItemURLGenerator,1,0,1
org.jfree.chart.plot.ThermometerPlot.setSubrangeInfo,6,0,6
org.jfree.chart.labels.CustomXYToolTipGenerator.getToolTipCount,0,5,5
org.jfree.chart.renderer.category.ScatterRenderer.<init>,0,7,7
org.jfree.chart.plot.MultiplePiePlot.getAggregatedItemsKey,1,0,1
org.jfree.chart.event.PlotChangeEvent.<init>,0,2,2
org.jfree.data.category.DefaultIntervalCategoryDataset.getColumnCount,0,1,1
org.jfree.data.general.DefaultHeatMapDataset.getXSampleCount,0,1,1
org.jfree.chart.plot.CategoryCrosshairState.updateCrosshairPoint,13,2,15
org.jfree.chart.plot.dial.DialPlot.getLayerIndex,0,2,2
org.jfree.chart.axis.CategoryLabelPositions.createUpRotationLabelPositions,0,1,1
org.jfree.chart.plot.dial.DialPlot.getPointerForDataset,7,0,7
org.jfree.chart.plot.CategoryPlot.isRangeCrosshairLockedOnData,0,1,1
org.jfree.chart.annotations.AbstractAnnotation.<init>,0,1,1
org.jfree.chart.axis.ValueAxis.centerRange,3,0,3
org.jfree.chart.util.RelativeDateFormat.setDaySuffix,0,2,2
org.jfree.chart.renderer.category.StatisticalLineAndShapeRenderer.getErrorIndicatorPaint,1,0,1
org.jfree.chart.renderer.xy.XYStepRenderer.setStepPoint,1,3,4
org.jfree.data.statistics.SimpleHistogramDataset.addObservation,1,11,12
org.jfree.chart.util.ArrayUtils.equal,1,9,10
org.jfree.chart.block.BlockContainer.clone,0,2,2
org.jfree.chart.axis.Axis.labelAnchorV,4,3,7
org.jfree.chart.plot.MultiplePiePlot.getDataExtractOrder,1,0,1
org.jfree.chart.plot.ThermometerPlot.setValueLocation,1,3,4
org.jfree.chart.editor.DefaultValueAxisEditor.setAxisProperties,6,0,6
org.jfree.chart.axis.Axis.labelAnchorH,4,3,7
org.jfree.data.xy.DefaultIntervalXYDataset.getSeriesKey,0,3,3
org.jfree.chart.JFreeChart.setBackgroundImage,7,0,7
org.jfree.data.time.ohlc.OHLCSeriesCollection.getSeriesKey,1,0,1
org.jfree.chart.util.RelativeDateFormat.setSecondFormatter,0,2,2
org.jfree.chart.plot.XYPlot.setRenderer,0,13,13
org.jfree.chart.renderer.DefaultPolarItemRenderer.drawAngularGridLines,23,0,23
org.jfree.data.DefaultKeyedValues.getKeys,0,1,1
org.jfree.chart.annotations.CategoryLineAnnotation.getPaint,1,0,1
org.jfree.chart.plot.dial.AbstractDialLayer.clone,0,3,3
org.jfree.chart.util.PublicCloneable.null,0,0,0
org.jfree.chart.axis.AxisSpace.getTop,0,1,1
org.jfree.chart.entity.XYItemEntity.toString,1,0,1
org.jfree.data.xy.XYSeries.getMinX,0,1,1
org.jfree.chart.renderer.xy.YIntervalRenderer.drawItem,41,0,41
org.jfree.data.KeyedValueComparatorType.equals,8,0,8
org.jfree.data.statistics.DefaultBoxAndWhiskerXYDataset.getMedianValue,0,5,5
org.jfree.data.xy.XYSeries.getMinY,0,1,1
org.jfree.data.statistics.DefaultBoxAndWhiskerXYDataset.getY,0,1,1
org.jfree.data.statistics.DefaultBoxAndWhiskerXYDataset.getX,0,1,1
org.jfree.chart.urls.PieURLGenerator.null,0,0,0
org.jfree.chart.plot.CategoryPlot.setRangeAxes,3,0,3
org.jfree.chart.renderer.xy.CandlestickRenderer.getUpPaint,0,1,1
org.jfree.chart.text.TextFragment.getText,0,1,1
org.jfree.chart.plot.DefaultDrawingSupplier.getNextShape,0,3,3
org.jfree.chart.JFreeChart.isBorderVisible,0,1,1
org.jfree.chart.plot.dial.DialTextAnnotation.setRadius,1,3,4
org.jfree.chart.renderer.xy.XYErrorRenderer.getCapLength,1,0,1
org.jfree.chart.plot.CategoryPlot.mapDatasetToRangeAxis,0,3,3
org.jfree.data.category.CategoryToPieDataset.getKeys,4,3,7
org.jfree.data.general.DefaultHeatMapDataset.getZValue,0,1,1
org.jfree.chart.plot.AbstractPieLabelDistributor.<init>,0,1,1
org.jfree.chart.title.CompositeTitle.writeObject,0,2,2
org.jfree.data.time.TimeSeriesCollection.getXValue,3,0,3
org.jfree.chart.title.LegendTitle.getItemPaint,1,0,1
org.jfree.chart.renderer.xy.XYErrorRenderer.getDrawYError,1,0,1
org.jfree.data.category.DefaultIntervalCategoryDataset.getStartValue,4,8,12
org.jfree.chart.plot.ThermometerPlot.getRangeAxis,1,0,1
org.jfree.chart.renderer.AbstractRenderer.clone,0,40,40
org.jfree.chart.labels.ItemLabelAnchor.toString,0,1,1
org.jfree.chart.renderer.AreaRendererEndType.<init>,0,1,1
org.jfree.chart.plot.dial.StandardDialScale.hashCode,0,12,12
org.jfree.data.time.TimeSeries.setDomainDescription,3,0,3
org.jfree.chart.ChartPanel.addChartMouseListener,0,2,2
org.jfree.chart.renderer.xy.YIntervalRenderer.<init>,0,2,2
org.jfree.chart.plot.DefaultDrawingSupplier.clone,0,2,2
org.jfree.chart.labels.HighLowItemLabelGenerator.generateLabel,1,0,1
org.jfree.chart.annotations.XYPointerAnnotation.getAngle,1,0,1
org.jfree.chart.plot.dial.DialPlot.setDataset,9,0,9
org.jfree.chart.renderer.xy.XYBoxAndWhiskerRenderer.drawMultipleEllipse,4,0,4
org.jfree.chart.event.RendererChangeEvent.getSeriesVisibilityChanged,0,1,1
org.jfree.data.xy.DefaultTableXYDataset.getIntervalPositionFactor,0,1,1
org.jfree.chart.entity.CategoryLabelEntity.getKey,1,0,1
org.jfree.data.xy.XIntervalDataItem.getX,0,1,1
org.jfree.chart.plot.CategoryPlot.getAnnotations,0,1,1
org.jfree.chart.encoders.ImageEncoderFactory.newInstance,19,0,19
org.jfree.chart.ChartMouseEvent.getChart,1,0,1
org.jfree.chart.util.BooleanList.<init>,0,0,0
org.jfree.chart.renderer.AbstractRenderer.getPositiveItemLabelPosition,1,0,1
org.jfree.chart.plot.MeterInterval.getLabel,0,1,1
org.jfree.chart.plot.XYPlot.integerise,0,5,5
org.jfree.chart.plot.XYPlot.setRangeAxisLocation,2,6,8
org.jfree.chart.axis.PeriodAxisLabelInfo.getPeriodClass,1,0,1
org.jfree.chart.ChartPanel.createChartPrintJob,9,0,9
org.jfree.chart.plot.RingPlot.getCenterTextFont,1,0,1
org.jfree.chart.plot.dial.DialPointer.getDatasetIndex,1,0,1
org.jfree.data.ComparableObjectSeries.equals,2,14,16
org.jfree.data.time.Month.getFirstMillisecond,0,4,4
org.jfree.data.xy.YIntervalDataItem.getYLowValue,1,3,4
org.jfree.chart.renderer.xy.DeviationRenderer.getAlpha,1,0,1
org.jfree.chart.plot.Plot.setForegroundAlpha,0,3,3
org.jfree.chart.plot.Plot.axisChanged,0,1,1
org.jfree.chart.plot.CategoryPlot.getAnchorValue,1,0,1
org.jfree.chart.ChartPanel.mousePressed,22,0,22
org.jfree.chart.plot.WaferMapPlot.<init>,11,0,11
org.jfree.data.general.Series.hashCode,0,4,4
org.jfree.chart.util.HMSNumberFormat.format,1,9,10
org.jfree.chart.plot.dial.ArcDialFrame.setStroke,0,3,3
org.jfree.chart.entity.AxisEntity.<init>,0,5,5
org.jfree.chart.renderer.xy.AbstractXYItemRenderer.getAnnotations,0,3,3
org.jfree.chart.axis.CategoryLabelPositions.<init>,4,8,12
org.jfree.chart.renderer.AbstractRenderer.getDataBoundsIncludesVisibleSeriesOnly,0,1,1
org.jfree.chart.renderer.xy.XYAreaRenderer.readObject,0,2,2
org.jfree.chart.StrokeMap.put,0,2,2
org.jfree.data.xy.CategoryTableXYDataset.clone,0,7,7
org.jfree.chart.annotations.XYPointerAnnotation.equals,2,20,22
org.jfree.chart.renderer.AbstractRenderer.setSeriesNegativeItemLabelPosition,0,4,4
org.jfree.chart.annotations.CategoryLineAnnotation.hashCode,0,10,10
org.jfree.chart.editor.DefaultValueAxisEditor.attemptGridPaintSelection,4,0,4
org.jfree.data.function.PowerFunction2D.getValue,1,0,1
org.jfree.data.DefaultKeyedValue.getValue,0,1,1
org.jfree.chart.plot.Crosshair.setLabelFont,0,4,4
org.jfree.chart.plot.PolarPlot.getAxisLocation,5,0,5
org.jfree.chart.renderer.xy.HighLowRenderer.setDrawOpenTicks,0,2,2
org.jfree.chart.ui.LCBLayout.<init>,5,0,5
org.jfree.chart.block.BlockResult.setEntityCollection,0,1,1
org.jfree.data.time.ohlc.OHLCSeriesCollection.getVolumeValue,1,0,1
org.jfree.chart.plot.CategoryPlot.mapDatasetToRangeAxes,0,4,4
org.jfree.chart.plot.PlotRenderingInfo.readObject,0,3,3
org.jfree.chart.renderer.category.BarRenderer.getBase,0,1,1
org.jfree.chart.ui.RectangleAnchor.<init>,0,1,1
org.jfree.chart.LegendItem.setSeriesKey,0,1,1
org.jfree.chart.plot.PiePlot.setToolTipGenerator,0,2,2
org.jfree.data.general.DefaultValueDataset.equals,6,0,6
org.jfree.chart.StandardChartTheme.setPlotBackgroundPaint,0,2,2
org.jfree.data.DefaultKeyedValues2D.getValue,0,18,18
org.jfree.chart.renderer.category.GanttRenderer.getIncompletePaint,1,0,1
org.jfree.data.statistics.DefaultStatisticalCategoryDataset.getRowKeys,1,0,1
org.jfree.chart.plot.dial.ArcDialFrame.getStroke,1,0,1
org.jfree.chart.renderer.AbstractRenderer.isSeriesVisible,0,5,5
org.jfree.data.Range.getCentralValue,0,1,1
org.jfree.data.time.Second.getLastMillisecond,0,2,2
org.jfree.chart.StandardChartTheme.setExtraLargeFont,0,2,2
org.jfree.chart.plot.dial.AbstractDialLayer.setVisible,0,2,2
org.jfree.chart.ChartPanel.setMinimumDrawWidth,1,0,1
org.jfree.data.json.impl.JSONArray.toJSONString,18,0,18
org.jfree.chart.ui.ApplicationFrame.windowDeactivated,0,0,0
org.jfree.chart.JFreeChart.draw,19,41,60
org.jfree.chart.plot.dial.ArcDialFrame.writeObject,0,4,4
org.jfree.chart.ui.RectangleInsets.calculateRightInset,1,3,4
org.jfree.chart.renderer.category.ScatterRenderer.getUseSeriesOffset,1,0,1
org.jfree.chart.StandardChartTheme.getRegularFont,1,0,1
org.jfree.chart.renderer.xy.AbstractXYItemRenderer.clone,2,16,18
org.jfree.chart.util.PaintList.setPaint,0,1,1
org.jfree.data.statistics.SimpleHistogramBin.getUpperBound,0,1,1
org.jfree.chart.plot.PiePlot.setURLGenerator,0,2,2
org.jfree.chart.labels.SymbolicXYItemLabelGenerator.generateToolTip,13,0,13
org.jfree.chart.ui.Size2D.setWidth,1,0,1
org.jfree.data.statistics.HistogramBin.incrementCount,0,1,1
org.jfree.data.xml.CategorySeriesHandler.endElement,8,0,8
org.jfree.data.time.FixedMillisecond.getMiddleMillisecond,2,0,2
org.jfree.data.category.SlidingCategoryDataset.getMaximumCategoryCount,1,0,1
org.jfree.chart.renderer.xy.XYLineAndShapeRenderer.getPassCount,0,1,1
org.jfree.chart.plot.CategoryPlot.setRangePannable,1,0,1
org.jfree.chart.renderer.xy.XYBarRenderer.setDrawBarOutline,0,2,2
org.jfree.chart.text.TextBox.setShadowPaint,0,1,1
org.jfree.chart.title.TextTitle.setPaint,0,4,4
org.jfree.chart.renderer.xy.XYBoxAndWhiskerRenderer.drawLowFarOut,4,0,4
org.jfree.chart.renderer.PolarItemRenderer.null,0,0,0
org.jfree.data.statistics.SimpleHistogramDataset.getStartX,1,0,1
org.jfree.chart.util.ArrayUtils.clone,10,0,10
org.jfree.data.statistics.SimpleHistogramDataset.getStartY,1,0,1
org.jfree.chart.plot.dial.StandardDialFrame.setForegroundPaint,0,3,3
org.jfree.chart.JFreeChart.addChangeListener,0,2,2
org.jfree.data.category.CategoryToPieDataset.getValue,3,13,16
org.jfree.chart.axis.Axis.readObject,0,9,9
org.jfree.chart.plot.WaferMapPlot.getWaferEdge,17,0,17
org.jfree.chart.axis.StandardTickUnitSource.equals,1,2,3
org.jfree.chart.plot.CombinedRangeXYPlot.getPlotType,1,0,1
org.jfree.chart.plot.CompassPlot.setLabelFont,0,3,3
org.jfree.chart.plot.XYPlot.indexOf,0,4,4
org.jfree.data.general.DefaultHeatMapDataset.getMinimumXValue,0,1,1
org.jfree.chart.ui.VerticalAlignment.hashCode,0,1,1
org.jfree.chart.entity.PlotEntity.<init>,2,3,5
org.jfree.chart.plot.WaferMapPlot.getDataset,1,0,1
org.jfree.data.xy.XYSeriesCollection.getDomainOrder,0,6,6
org.jfree.chart.block.LabelBlock.getPaint,1,0,1
org.jfree.data.xy.XYSeries.updateByIndex,0,13,13
org.jfree.data.xy.VectorDataItem.getVectorY,4,0,4
org.jfree.data.xy.XYSeriesCollection.setIntervalWidth,1,3,4
org.jfree.data.xy.VectorDataItem.getVectorX,1,3,4
org.jfree.chart.renderer.xy.XYAreaRenderer.writeObject,0,2,2
org.jfree.chart.ChartFactory.createStackedAreaChart,1,14,15
org.jfree.data.time.ohlc.OHLCSeriesCollection.getSeries,0,3,3
org.jfree.chart.plot.CompassPlot.getRevolutionDistance,0,1,1
org.jfree.chart.JFreeChart.addSubtitle,0,10,10
org.jfree.chart.editor.DefaultPlotEditor.attemptOutlineStrokeSelection,4,0,4
org.jfree.chart.plot.WaferMapPlot.drawChipGrid,40,0,40
org.jfree.chart.axis.LogAxis.createTickLabel,1,10,11
org.jfree.chart.plot.SpiderWebPlot.setInteriorGap,1,4,5
org.jfree.chart.plot.CategoryPlot.isRangeZoomable,1,0,1
org.jfree.chart.renderer.xy.XYErrorRenderer.getErrorPaint,1,0,1
org.jfree.chart.ChartPanel.displayPopupMenu,28,0,28
org.jfree.data.statistics.DefaultStatisticalCategoryDataset.getColumnCount,0,1,1
org.jfree.chart.block.BlockContainer.isEmpty,0,1,1
org.jfree.chart.axis.SubCategoryAxis.getSubLabelFont,1,0,1
org.jfree.chart.renderer.xy.XYDifferenceRenderer.getLegendItem,3,24,27
org.jfree.chart.plot.dial.DialValueIndicator.setFont,0,3,3
org.jfree.data.xy.XYDatasetTableModel.getValueAt,5,0,5
org.jfree.chart.renderer.category.BoxAndWhiskerRenderer.getItemMargin,1,0,1
org.jfree.data.statistics.DefaultMultiValueCategoryDataset.add,0,32,32
org.jfree.chart.editor.DefaultAxisEditor.<init>,58,0,58
org.jfree.data.xy.YIntervalSeriesCollection.getSeriesKey,0,1,1
org.jfree.chart.title.TextTitle.getMaximumLinesToDisplay,1,0,1
org.jfree.data.KeyedValuesItemKey.toString,5,0,5
org.jfree.chart.axis.LogAxis.selectVerticalAutoTickUnit,22,0,22
org.jfree.chart.JFreeChart.getSubtitles,0,1,1
org.jfree.chart.labels.AbstractCategoryItemLabelGenerator.getDateFormat,1,0,1
org.jfree.chart.renderer.category.ScatterRenderer.findRangeBounds,0,1,1
org.jfree.chart.plot.SpiderWebPlot.clone,0,6,6
org.jfree.chart.plot.ThermometerPlot.setSubrangePaint,0,3,3
org.jfree.chart.annotations.AbstractXYAnnotation.getURL,0,1,1
org.jfree.data.DefaultKeyedValues2D.getColumnIndex,0,2,2
org.jfree.chart.plot.RingPlot.getCenterText,1,0,1
org.jfree.data.gantt.SlidingGanttCategoryDataset.getPercentComplete,12,0,12
org.jfree.chart.annotations.TextAnnotation.getRotationAnchor,0,1,1
org.jfree.chart.renderer.category.WaterfallBarRenderer.readObject,0,5,5
org.jfree.chart.plot.XYPlot.setRenderers,3,0,3
org.jfree.chart.renderer.category.ScatterRenderer.getBaseShapesFilled,1,0,1
org.jfree.chart.plot.Plot.getBackgroundPaint,0,1,1
org.jfree.chart.ui.RectangleAnchor.toString,1,0,1
org.jfree.chart.plot.dial.ArcDialFrame.clone,0,1,1
org.jfree.chart.util.ShapeList.<init>,0,1,1
org.jfree.chart.annotations.CategoryTextAnnotation.setCategory,0,3,3
org.jfree.chart.title.ShortTextTitle.<init>,0,1,1
org.jfree.chart.plot.PiePlot.setShadowXOffset,0,2,2
org.jfree.chart.renderer.category.LineAndShapeRenderer.getItemShapeVisible,1,3,4
org.jfree.data.statistics.SimpleHistogramBin.<init>,1,7,8
org.jfree.chart.labels.AbstractXYItemLabelGenerator.getXDateFormat,0,1,1
org.jfree.chart.plot.dial.DialPointer.Pointer,0,5,5
org.jfree.chart.ui.LCBLayout.addLayoutComponent,0,0,0
org.jfree.chart.axis.AxisState.setMax,0,1,1
org.jfree.chart.annotations.XYPolygonAnnotation.hashCode,0,7,7
org.jfree.chart.renderer.xy.XYBoxAndWhiskerRenderer.getBoxWidth,0,1,1
org.jfree.chart.axis.Axis.getPlot,0,1,1
org.jfree.data.xy.DefaultOHLCDataset.getLowValue,0,5,5
org.jfree.chart.axis.NumberAxis.equals,0,16,16
org.jfree.data.Values2D.null,0,0,0
org.jfree.chart.plot.PieLabelRecord.getLowerY,0,1,1
org.jfree.chart.urls.CustomPieURLGenerator.getURL,0,6,6
org.jfree.data.time.TimeSeriesCollection.indexOf,0,2,2
org.jfree.chart.ChartPanel.getInitialDelay,1,0,1
org.jfree.chart.plot.dial.DialValueIndicator.writeObject,0,5,5
org.jfree.chart.axis.LogarithmicAxis.getStrictValuesFlag,1,0,1
org.jfree.data.general.Series.removeVetoableChangeListener,0,1,1
org.jfree.chart.labels.CustomXYToolTipGenerator.<init>,0,1,1
org.jfree.data.xy.YIntervalSeries.getYLowValue,0,2,2
org.jfree.chart.plot.dial.AbstractDialLayer.hashCode,3,0,3
org.jfree.data.statistics.DefaultStatisticalCategoryDataset.getValue,0,2,2
org.jfree.data.xy.DefaultTableXYDataset.seriesChanged,0,3,3
org.jfree.chart.ChartPanel.setHorizontalAxisTrace,1,0,1
org.jfree.data.xy.XYSeriesCollection.getDomainBounds,0,16,16
org.jfree.data.time.TimeSeriesCollection.getSeriesCount,0,1,1
org.jfree.chart.util.AbstractObjectList.get,0,4,4
org.jfree.chart.title.PaintScaleLegend.getAxisOffset,1,0,1
org.jfree.chart.renderer.xy.XYBarRenderer.setShadowXOffset,0,2,2
org.jfree.data.time.FixedMillisecond.getTime,1,0,1
org.jfree.data.time.SimpleTimePeriod.hashCode,0,4,4
org.jfree.chart.axis.CategoryAxis.drawCategoryLabels,15,46,61
org.jfree.chart.LegendItem.setSeriesIndex,0,1,1
org.jfree.chart.labels.StandardPieSectionLabelGenerator.equals,1,7,8
org.jfree.chart.plot.SpiderWebPlot.getLegendItems,4,23,27
org.jfree.chart.plot.PiePlot.setDefaultSectionOutlineStroke,0,3,3
org.jfree.data.xy.CategoryTableXYDataset.getDomainUpperBound,1,0,1
org.jfree.chart.servlet.ChartDeleter.valueUnbound,6,0,6
org.jfree.chart.plot.PiePlotState.getLinkArea,0,1,1
org.jfree.chart.renderer.xy.XYBarRenderer.getDefaultShadowsVisible,0,1,1
org.jfree.data.general.DatasetUtils.iterateToFindDomainBounds,0,35,35
org.jfree.data.general.DefaultHeatMapDataset.<init>,6,15,21
org.jfree.chart.plot.RingPlot.getOuterSeparatorExtension,1,0,1
org.jfree.chart.renderer.xy.AbstractXYItemRenderer.findDomainBounds,1,10,11
org.jfree.chart.renderer.category.ScatterRenderer.writeObject,0,1,1
org.jfree.chart.renderer.category.StackedBarRenderer.equals,2,6,8
org.jfree.chart.labels.StandardXYItemLabelGenerator.generateLabel,1,0,1
org.jfree.chart.plot.CombinedDomainXYPlot.clone,0,9,9
org.jfree.chart.labels.BoxAndWhiskerToolTipGenerator.equals,2,3,5
org.jfree.chart.renderer.xy.XYLineAndShapeRenderer.getSeriesShapesVisible,0,1,1
org.jfree.chart.renderer.category.BarRenderer.getItemMargin,0,1,1
org.jfree.chart.plot.dial.DialCap.readObject,0,4,4
org.jfree.chart.annotations.CategoryPointerAnnotation.setArrowPaint,0,3,3
org.jfree.chart.entity.ChartEntity.readObject,0,2,2
org.jfree.data.time.FixedMillisecond.next,5,0,5
org.jfree.chart.ChartPanel.setChart,0,20,20
org.jfree.chart.ChartPanel.getChart,0,1,1
org.jfree.data.time.Quarter.compareTo,10,0,10
org.jfree.chart.annotations.XYTextAnnotation.clone,0,1,1
org.jfree.chart.renderer.xy.XYShapeRenderer.drawItem,39,0,39
org.jfree.chart.renderer.LookupPaintScale.clone,0,3,3
org.jfree.chart.renderer.xy.XYDotRenderer.writeObject,0,2,2
org.jfree.data.xy.DefaultOHLCDataset.sortDataByDate,0,1,1
org.jfree.chart.plot.PolarPlot.writeObject,0,6,6
org.jfree.data.statistics.DefaultBoxAndWhiskerCategoryDataset.getMaxOutlier,5,5,10
org.jfree.data.xy.YIntervalDataItem.getYValue,1,3,4
org.jfree.chart.util.ShapeUtils.drawRotatedShape,5,0,5
org.jfree.data.general.Series.<init>,0,8,8
org.jfree.chart.plot.dial.DialTextAnnotation.readObject,0,2,2
org.jfree.data.xy.MatrixSeries.zeroAll,0,6,6
org.jfree.chart.plot.Plot.setInsets,0,6,6
org.jfree.chart.plot.SeriesRenderingOrder.<init>,0,1,1
org.jfree.chart.labels.AbstractXYItemLabelGenerator.getNullYString,1,0,1
org.jfree.chart.plot.SeriesRenderingOrder.toString,0,1,1
org.jfree.chart.renderer.category.GradientBarPainter.paintBar,13,35,48
org.jfree.data.statistics.DefaultBoxAndWhiskerCategoryDataset.clear,3,0,3
org.jfree.data.xy.XYIntervalSeriesCollection.getYValue,0,2,2
org.jfree.chart.LegendItem.getShape,0,1,1
org.jfree.data.Value.null,0,0,0
org.jfree.chart.plot.XYPlot.setRangeMinorGridlineStroke,0,3,3
org.jfree.chart.urls.CustomXYURLGenerator.generateURL,1,0,1
org.jfree.chart.plot.CategoryPlot.render,8,20,28
org.jfree.chart.JFreeChart.getRenderingHints,1,0,1
org.jfree.chart.util.ExportUtils.writeAsSVG,22,0,22
org.jfree.chart.text.TextUtils.isUseDrawRotatedStringWorkaround,1,0,1
org.jfree.chart.plot.ThermometerPlot.getDataset,1,0,1
org.jfree.chart.axis.LogAxis.hashCode,1,8,9
org.jfree.data.time.TimeSeries.getMaximumItemAge,0,1,1
org.jfree.data.xy.IntervalXYDelegate.getDomainUpperBound,0,5,5
org.jfree.data.xy.XYSeries.remove,0,5,5
org.jfree.chart.plot.dial.DialBackground.readObject,0,2,2
org.jfree.data.general.DefaultPieDataset.getKey,0,1,1
org.jfree.data.time.Day.getMonth,0,1,1
org.jfree.chart.plot.XYPlot.setDomainPannable,1,0,1
org.jfree.chart.plot.CategoryPlot.draw,30,83,113
org.jfree.chart.renderer.DefaultPolarItemRenderer.setSeriesToolTipGenerator,2,0,2
org.jfree.chart.plot.MeterPlot.getDialOutlinePaint,1,0,1
org.jfree.chart.plot.Marker.setAlpha,1,3,4
org.jfree.data.statistics.DefaultBoxAndWhiskerCategoryDataset.getColumnKeys,1,0,1
org.jfree.data.xy.OHLCDataItem.getVolume,1,0,1
org.jfree.chart.renderer.category.AbstractCategoryItemRenderer.setSeriesItemURLGenerator,0,4,4
org.jfree.chart.entity.StandardEntityCollection.<init>,0,1,1
org.jfree.data.gantt.TaskSeriesCollection.getSeriesKey,0,2,2
org.jfree.chart.plot.PolarPlot.setRadiusGridlineStroke,0,2,2
org.jfree.chart.renderer.OutlierListCollection.add,10,0,10
org.jfree.chart.title.TextTitle.hashCode,0,6,6
org.jfree.chart.plot.CombinedDomainCategoryPlot.getDataRange,1,0,1
org.jfree.chart.renderer.category.StatisticalLineAndShapeRenderer.getErrorIndicatorStroke,1,0,1
org.jfree.chart.axis.SymbolAxis.selectAutoTickUnit,1,0,1
org.jfree.chart.labels.StandardCategoryItemLabelGenerator.generateLabel,0,1,1
org.jfree.chart.renderer.xy.StackedXYAreaRenderer.getShapePaint,1,0,1
org.jfree.chart.plot.dial.DialCap.getFillPaint,1,0,1
org.jfree.chart.util.ShapeUtils.createDiagonalCross,15,0,15
org.jfree.chart.renderer.AbstractRenderer.setDefaultItemLabelPaint,0,5,5
org.jfree.chart.plot.RingPlot.setSectionDepth,0,2,2
org.jfree.chart.editor.DefaultPolarPlotEditor.validateAngleOffset,6,0,6
org.jfree.chart.renderer.category.GanttRenderer.getStartPercent,0,1,1
org.jfree.data.KeyedValues2DItemKey.<init>,4,0,4
org.jfree.data.time.Week.findSeparator,8,0,8
org.jfree.chart.title.PaintScaleLegend.setAxisLocation,0,3,3
org.jfree.chart.plot.XYPlot.getRangeTickBandPaint,0,1,1
org.jfree.chart.HashUtils.hashCode,18,31,49
org.jfree.chart.renderer.AbstractRenderer.getSeriesItemLabelPaint,1,0,1
org.jfree.data.statistics.HistogramType.equals,4,6,10
org.jfree.data.statistics.DefaultBoxAndWhiskerXYDataset.getOutliers,0,5,5
org.jfree.data.xy.YInterval.getYLow,0,1,1
org.jfree.chart.axis.PeriodAxisLabelInfo.getDrawDividers,1,0,1
org.jfree.chart.plot.FastScatterPlot.getPaint,1,0,1
org.jfree.data.time.Year.getYear,0,1,1
org.jfree.data.category.CategoryRangeInfo.null,0,0,0
org.jfree.chart.plot.PiePlot.getIgnoreNullValues,1,0,1
org.jfree.data.time.Millisecond.getLastMillisecond,0,2,2
org.jfree.chart.annotations.TextAnnotation.writeObject,0,2,2
org.jfree.chart.LegendItem.setLine,2,0,2
org.jfree.chart.StandardChartTheme.setChartBackgroundPaint,0,2,2
org.jfree.chart.axis.ValueAxis.getRange,0,1,1
org.jfree.data.DataUtils.createNumberArray2D,0,6,6
org.jfree.chart.block.RectangleConstraint.getWidth,0,1,1
org.jfree.chart.plot.XYPlot.getFixedDomainAxisSpace,0,1,1
org.jfree.chart.ui.RectangleInsets.createInsetRectangle,14,0,14
org.jfree.chart.axis.CategoryAxis.calculateCategoryGapSize,0,9,9
org.jfree.chart.labels.MultipleXYSeriesLabelGenerator.addSeriesLabel,0,6,6
org.jfree.data.statistics.HistogramDataset.addSeries,1,36,37
org.jfree.chart.plot.CombinedDomainXYPlot.add,1,13,14
org.jfree.chart.urls.StandardPieURLGenerator.generateURL,2,7,9
org.jfree.chart.renderer.xy.XYAreaRenderer.XYAreaRendererState,0,3,3
org.jfree.chart.plot.dial.DialPointer.draw,45,0,45
org.jfree.data.xy.XIntervalSeriesCollection.getEndXValue,2,0,2
org.jfree.chart.axis.CategoryLabelPositions.replaceLeftPosition,3,0,3
org.jfree.chart.title.LegendGraphic.isShapeFilled,0,1,1
org.jfree.chart.renderer.xy.XYDifferenceRenderer.isEitherSeriesDegenerate,3,0,3
org.jfree.chart.renderer.category.LineAndShapeRenderer.getSeriesLinesVisible,0,1,1
org.jfree.chart.axis.LogAxis.resizeRange2,11,0,11
org.jfree.data.time.Month.toString,1,0,1
org.jfree.data.statistics.SimpleHistogramDataset.getEndX,1,0,1
org.jfree.data.general.Series.getDescription,0,1,1
org.jfree.data.statistics.SimpleHistogramDataset.getEndY,1,0,1
org.jfree.chart.editor.DefaultPlotEditor.attemptOrientationSelection,4,0,4
org.jfree.data.general.PieDataset.null,0,0,0
org.jfree.chart.renderer.xy.StackedXYAreaRenderer2.<init>,0,3,3
org.jfree.chart.plot.PiePlot3D.getDarkerSides,0,1,1
org.jfree.chart.renderer.xy.SamplingXYLineRenderer.<init>,3,0,3
org.jfree.data.xy.YWithXInterval.getY,0,1,1
org.jfree.chart.title.LegendTitle.setSources,3,0,3
org.jfree.chart.ui.RectangleInsets.extendHeight,0,1,1
org.jfree.chart.title.LegendGraphic.isLineVisible,0,1,1
org.jfree.chart.renderer.xy.HighLowRenderer.writeObject,0,3,3
org.jfree.data.time.Quarter.getFirstMillisecond,0,5,5
org.jfree.data.statistics.DefaultStatisticalCategoryDataset.removeRow,6,0,6
org.jfree.chart.axis.SubCategoryAxis.hashCode,0,1,1
org.jfree.data.time.TimePeriodValuesCollection.getEndX,3,0,3
org.jfree.data.time.TimePeriodValuesCollection.getEndY,1,0,1
org.jfree.data.time.TimeSeriesTableModel.getColumnName,5,0,5
org.jfree.chart.renderer.category.MinMaxCategoryRenderer.drawItem,31,17,48
org.jfree.chart.entity.XYAnnotationEntity.equals,10,0,10
org.jfree.chart.plot.dial.StandardDialScale.setTickRadius,1,3,4
org.jfree.chart.plot.dial.StandardDialScale.setTickLabelFont,0,3,3
org.jfree.data.xy.DefaultTableXYDataset.getDomainLowerBound,1,0,1
org.jfree.data.xml.ItemHandler.startElement,7,0,7
org.jfree.data.xy.XYSeriesCollection.getSeriesCount,0,1,1
org.jfree.data.statistics.DefaultBoxAndWhiskerXYDataset.getRangeBounds,0,1,1
org.jfree.chart.plot.PiePlot.getInteriorGap,0,1,1
org.jfree.chart.renderer.category.LineAndShapeRenderer.setDefaultShapesFilled,0,2,2
org.jfree.data.general.Series.fireSeriesChanged,0,2,2
org.jfree.chart.event.AxisChangeEvent.<init>,0,2,2
org.jfree.chart.renderer.AbstractRenderer.setLegendTextPaint,0,2,2
org.jfree.chart.plot.CompassPlot.setSeriesOutlinePaint,2,0,2
org.jfree.data.statistics.SimpleHistogramBin.accepts,0,11,11
org.jfree.chart.plot.MeterPlot.getDialShape,1,0,1
org.jfree.chart.plot.dial.StandardDialFrame.<init>,0,4,4
org.jfree.data.xy.XIntervalSeriesCollection.getEndX,3,0,3
org.jfree.chart.title.ShortTextTitle.draw,10,0,10
org.jfree.data.xy.XIntervalSeriesCollection.getEndY,1,0,1
org.jfree.chart.plot.dial.DialValueIndicator.setOutlinePaint,0,3,3
org.jfree.chart.editor.DefaultLogAxisEditor.setAxisProperties,4,0,4
org.jfree.chart.labels.StandardCategorySeriesLabelGenerator.<init>,0,3,3
org.jfree.chart.util.AbstractObjectList.size,0,1,1
org.jfree.chart.editor.DefaultValueAxisEditor.actionPerformed,14,0,14
org.jfree.data.KeyedValueComparatorType.<init>,0,1,1
org.jfree.data.time.Hour.getFirstMillisecond,0,7,7
org.jfree.chart.axis.Axis.getLabelEnclosure,2,19,21
org.jfree.data.DataUtils.calculateRowTotal,0,18,18
org.jfree.data.time.Hour.getDay,0,1,1
org.jfree.chart.block.AbstractBlock.setID,0,1,1
org.jfree.data.xy.DefaultHighLowDataset.getXDate,1,0,1
org.jfree.data.time.Day.hashCode,0,1,1
org.jfree.chart.plot.ThermometerPlot.getValueFont,1,0,1
org.jfree.chart.renderer.AbstractRenderer.getItemLabelAnchorOffset,1,0,1
org.jfree.chart.ui.RectangleInsets.trimWidth,0,1,1
org.jfree.chart.plot.MeterPlot.setUnits,0,2,2
org.jfree.chart.renderer.xy.AbstractXYItemRenderer.setDefaultToolTipGenerator,0,2,2
org.jfree.chart.annotations.XYTextAnnotation.setRotationAngle,0,2,2
org.jfree.data.xy.XYSeries.maxIgnoreNaN,0,5,5
org.jfree.chart.plot.MeterPlot.drawValueLabel,0,10,10
org.jfree.chart.renderer.xy.XYBoxAndWhiskerRenderer.getFillBox,0,1,1
org.jfree.data.time.TimeSeriesCollection.getDomainOrder,1,0,1
org.jfree.data.gantt.Task.<init>,0,6,6
org.jfree.chart.renderer.xy.StackedXYAreaRenderer.readObject,0,3,3
org.jfree.chart.ChartPanel.writeAsPDF,23,0,23
org.jfree.data.gantt.XYTaskDataset.getItemValue,6,0,6
org.jfree.chart.annotations.XYTextAnnotation.setTextAnchor,0,3,3
org.jfree.chart.ui.GradientPaintTransformType.<init>,0,1,1
org.jfree.data.jdbc.JDBCPieDataset.close,3,0,3
org.jfree.chart.axis.CyclicNumberAxis.CycleBoundTick,2,0,2
org.jfree.data.time.TimeTableXYDataset.add,0,7,7
org.jfree.chart.axis.PeriodAxis.getMinorTickMarkOutsideLength,1,0,1
org.jfree.chart.plot.XYPlot.setAxisOffset,0,3,3
org.jfree.chart.editor.DefaultTitleEditor.attemptPaintSelection,5,0,5
org.jfree.chart.date.SpreadsheetDate.<init>,4,32,36
org.jfree.chart.plot.CategoryPlot.getDomainAxis,4,4,8
org.jfree.chart.labels.StandardCategorySeriesLabelGenerator.generateLabel,0,3,3
org.jfree.data.category.DefaultCategoryDataset.getRowIndex,0,1,1
org.jfree.chart.renderer.xy.AbstractXYItemRenderer.equals,2,24,26
org.jfree.data.gantt.Task.getSubtask,0,1,1
org.jfree.chart.block.GridArrangement.add,0,0,0
org.jfree.data.xy.XYSeriesCollection.getRangeUpperBound,0,10,10
org.jfree.chart.urls.CustomXYURLGenerator.getURLCount,0,5,5
org.jfree.chart.axis.Axis.setFixedDimension,0,1,1
org.jfree.chart.plot.FastScatterPlot.setDomainGridlinePaint,0,3,3
org.jfree.data.time.DateRange.getLowerDate,0,1,1
org.jfree.chart.text.TextFragment.getBaselineOffset,1,0,1
org.jfree.chart.renderer.xy.StackedXYBarRenderer.findRangeBounds,2,3,5
org.jfree.chart.axis.Axis.notifyListeners,0,4,4
org.jfree.chart.annotations.XYPointerAnnotation.setAngle,0,2,2
org.jfree.chart.annotations.XYTextAnnotation.getRotationAngle,0,1,1
org.jfree.chart.date.SpreadsheetDate.calcSerial,0,7,7
org.jfree.chart.plot.ThermometerPlot.isRangeZoomable,1,0,1
org.jfree.data.category.DefaultIntervalCategoryDataset.getCategoryIndex,0,6,6
org.jfree.chart.util.SerialUtils.readStroke,2,14,16
org.jfree.chart.plot.ThermometerPlot.getPadding,1,0,1
org.jfree.chart.renderer.category.WaterfallBarRenderer.writeObject,0,5,5
org.jfree.chart.plot.SpiderWebPlot.calculateMaxValue,0,9,9
org.jfree.data.xy.DefaultWindDataset.getY,1,0,1
org.jfree.data.xy.DefaultWindDataset.getX,4,0,4
org.jfree.chart.renderer.xy.SamplingXYLineRenderer.equals,10,0,10
org.jfree.chart.renderer.xy.VectorRenderer.drawItem,51,0,51
org.jfree.chart.renderer.category.BoxAndWhiskerRenderer.getLegendItem,4,24,28
org.jfree.data.gantt.SlidingGanttCategoryDataset.getValue,6,0,6
org.jfree.data.time.TimePeriodValue.getValue,0,1,1
org.jfree.chart.renderer.DefaultPolarItemRenderer.setDrawOutlineWhenFilled,2,0,2
org.jfree.chart.axis.LogarithmicAxis.setRange,0,2,2
org.jfree.data.time.TimeSeriesCollection.getDomainBounds,1,28,29
org.jfree.chart.axis.ValueAxis.isInverted,0,1,1
org.jfree.chart.axis.DateAxis.configure,0,2,2
org.jfree.chart.labels.CustomXYToolTipGenerator.getListCount,0,1,1
org.jfree.data.gantt.XYTaskDataset.getItemCount,1,0,1
org.jfree.data.xy.YIntervalSeriesCollection.getSeries,0,3,3
org.jfree.chart.annotations.XYPolygonAnnotation.getPolygonCoordinates,1,0,1
org.jfree.data.io.CSV.<init>,3,0,3
org.jfree.chart.plot.dial.StandardDialFrame.equals,1,13,14
org.jfree.chart.JFreeChart.getPlot,0,1,1
org.jfree.data.statistics.MeanAndStandardDeviation.getStandardDeviationValue,0,4,4
org.jfree.chart.axis.Axis.setAxisLinePaint,0,3,3
org.jfree.data.time.Millisecond.equals,6,10,16
org.jfree.chart.labels.StandardXYToolTipGenerator.equals,1,4,5
org.jfree.chart.plot.CompassPlot.setLabelType,1,4,5
org.jfree.chart.plot.PolarPlot.getDatasetsMappedToAxis,2,8,10
org.jfree.chart.renderer.xy.XYAreaRenderer.getLegendArea,1,0,1
org.jfree.chart.needle.PlumNeedle.drawNeedle,13,0,13
org.jfree.data.ComparableObjectItem.compareTo,2,4,6
org.jfree.chart.plot.Marker.getLabelAnchor,0,1,1
org.jfree.chart.block.AbstractBlock.trimPadding,0,2,2
org.jfree.chart.renderer.xy.AbstractXYItemRenderer.getLegendItemURLGenerator,0,1,1
org.jfree.chart.plot.XYPlot.getLegendItems,2,16,18
org.jfree.chart.plot.Zoomable.null,0,0,0
org.jfree.chart.event.ChartChangeListener.null,0,0,0
org.jfree.chart.util.DefaultShadowGenerator.hashCode,6,0,6
org.jfree.chart.renderer.category.BarRenderer.setGradientPaintTransformer,0,2,2
org.jfree.chart.plot.SpiderWebPlot.drawLabel,1,14,15
org.jfree.chart.renderer.category.GanttRenderer.readObject,0,3,3
org.jfree.data.time.Minute.getHourValue,0,1,1
org.jfree.chart.axis.DateTickUnitType.equals,1,7,8
org.jfree.chart.axis.PeriodAxis.setMinorTickMarkPaint,0,3,3
org.jfree.chart.renderer.category.StatisticalLineAndShapeRenderer.equals,3,7,10
org.jfree.chart.editor.DefaultAxisEditor.getTickLabelFont,1,0,1
org.jfree.chart.StandardChartTheme.getTitlePaint,1,0,1
org.jfree.chart.title.LegendTitle.setWrapper,1,0,1
org.jfree.chart.plot.MeterPlot.setDataset,1,8,9
org.jfree.data.xy.XYIntervalSeriesCollection.getEndYValue,0,2,2
org.jfree.chart.renderer.category.LineAndShapeRenderer.getSeriesShapesFilled,1,3,4
org.jfree.chart.util.ArrayUtils.compareVersionArrays,14,0,14
org.jfree.chart.renderer.category.StackedAreaRenderer.getRenderAsPercentages,1,0,1
org.jfree.chart.renderer.category.BarRenderer.getShadowXOffset,0,1,1
org.jfree.chart.renderer.xy.DeviationRenderer.setAlpha,1,3,4
org.jfree.data.statistics.DefaultBoxAndWhiskerCategoryDataset.getColumnCount,0,1,1
org.jfree.data.xy.DefaultIntervalXYDataset.getEndXValue,0,2,2
org.jfree.data.KeyedValuesItemKey.<init>,2,0,2
org.jfree.chart.renderer.xy.StackedXYAreaRenderer.drawItem,45,58,103
org.jfree.chart.plot.Plot.getBackgroundImageAlignment,1,0,1
org.jfree.data.general.DefaultKeyedValueDataset.getValue,0,4,4
org.jfree.chart.renderer.category.AbstractCategoryItemRenderer.getItemMiddle,1,0,1
org.jfree.chart.plot.CategoryMarker.setKey,0,3,3
org.jfree.chart.entity.StandardEntityCollection.getEntityCount,1,0,1
org.jfree.data.statistics.SimpleHistogramDataset.setAdjustForBinSize,2,0,2
org.jfree.data.xy.DefaultOHLCDataset.clone,0,4,4
org.jfree.chart.plot.PiePlot.drawPie,16,53,69
org.jfree.data.time.Minute.compareTo,10,0,10
org.jfree.chart.axis.SubCategoryAxis.equals,2,10,12
org.jfree.chart.plot.RingPlot.drawItem,84,0,84
org.jfree.data.KeyToGroupMap.getKeyCount,0,8,8
org.jfree.chart.plot.CategoryPlot.setRangeMinorGridlineStroke,0,3,3
org.jfree.chart.plot.dial.DialTextAnnotation.setLabel,0,3,3
org.jfree.chart.title.LegendGraphic.setShape,0,1,1
org.jfree.chart.renderer.category.LevelRenderer.initialise,0,3,3
org.jfree.chart.plot.XYPlot.setWeight,0,2,2
org.jfree.chart.ChartPanel.isEnforceFileExtensions,1,0,1
org.jfree.chart.renderer.xy.XYStepRenderer.drawLine,0,6,6
org.jfree.chart.StandardChartTheme.equals,4,62,66
org.jfree.data.time.Month.getSerialIndex,0,1,1
org.jfree.chart.plot.Crosshair.equals,1,35,36
org.jfree.chart.annotations.XYPointerAnnotation.setArrowWidth,0,2,2
org.jfree.chart.ChartPanel.doEditChartProperties,4,0,4
org.jfree.data.time.Month.getYearValue,0,1,1
org.jfree.chart.renderer.category.BarRenderer.setBase,0,2,2
org.jfree.chart.renderer.xy.AbstractXYItemRenderer.calculateRangeMarkerTextAnchorPoint,6,0,6
org.jfree.chart.ChartPanel.actionPerformed,40,0,40
org.jfree.data.DataUtils.equal,1,9,10
org.jfree.chart.title.TextTitle.clone,0,1,1
org.jfree.chart.plot.CategoryPlot.configureDomainAxes,0,3,3
org.jfree.data.time.FixedMillisecond.compareTo,5,9,14
org.jfree.chart.util.AttrStringUtils.isBaseline,1,0,1
org.jfree.chart.JFreeChart.getTitle,0,1,1
org.jfree.data.KeyedValuesItemKey.equals,8,0,8
org.jfree.data.time.Quarter.previous,1,6,7
org.jfree.chart.title.LegendGraphic.arrangeNN,0,6,6
org.jfree.chart.ChartPanel.getZoomInFactor,1,0,1
org.jfree.chart.text.TextFragment.calculateDimensions,0,4,4
org.jfree.chart.annotations.XYTitleAnnotation.hashCode,0,9,9
org.jfree.chart.renderer.category.StatisticalLineAndShapeRenderer.hashCode,0,3,3
org.jfree.chart.plot.dial.DialTextAnnotation.hashCode,0,10,10
org.jfree.chart.block.AbstractBlock.setPadding,0,3,3
org.jfree.chart.plot.Marker.<init>,1,18,19
org.jfree.data.time.Minute.getSerialIndex,0,2,2
org.jfree.chart.axis.QuarterDateFormat.<init>,2,6,8
org.jfree.chart.plot.SpiderWebPlot.getDirection,0,1,1
org.jfree.chart.renderer.AbstractRenderer.getDefaultShape,1,0,1
org.jfree.data.xy.XYDatasetTableModel.setModel,3,0,3
org.jfree.chart.panel.CrosshairOverlay.addRangeCrosshair,0,4,4
org.jfree.chart.LegendItem.setToolTipText,0,1,1
org.jfree.chart.util.ShapeUtils.clone,0,5,5
org.jfree.chart.renderer.LookupPaintScale.readObject,0,4,4
org.jfree.chart.renderer.xy.XYBarRenderer.getUseYInterval,0,1,1
org.jfree.chart.entity.JFreeChartEntity.toString,4,0,4
org.jfree.chart.block.LabelBlock.setPaint,3,0,3
org.jfree.chart.plot.PiePlot.getAutoPopulateSectionPaint,0,1,1
org.jfree.chart.PolarChartPanel.actionPerformed,11,0,11
org.jfree.chart.plot.dial.StandardDialScale.getMinorTickStroke,1,0,1
org.jfree.chart.axis.ExtendedCategoryAxis.getSubLabelPaint,1,0,1
org.jfree.chart.plot.CombinedRangeXYPlot.getSubplots,1,2,3
org.jfree.chart.axis.AxisLocation.equals,1,7,8
org.jfree.chart.renderer.xy.XYAreaRenderer.setGradientTransformer,0,3,3
org.jfree.chart.plot.MeterPlot.setTickLabelFont,0,4,4
org.jfree.chart.plot.dial.DialCap.getOutlineStroke,1,0,1
org.jfree.data.statistics.SimpleHistogramBin.equals,1,13,14
org.jfree.chart.urls.CustomCategoryURLGenerator.generateURL,1,0,1
org.jfree.chart.axis.PeriodAxis.getMinorTickTimePeriodClass,1,0,1
org.jfree.data.time.MovingAverage.createPointMovingAverage,16,0,16
org.jfree.chart.text.TextUtils.setUseDrawRotatedStringWorkaround,1,0,1
org.jfree.data.DataUtils.calculateColumnTotal,0,18,18
org.jfree.chart.plot.CombinedRangeCategoryPlot.<init>,0,4,4
org.jfree.chart.plot.PieLabelDistributor.distributeLabels,0,7,7
org.jfree.chart.axis.Axis.getMinorTickMarkOutsideLength,1,0,1
org.jfree.chart.axis.ValueAxis.isAutoTickUnitSelection,0,1,1
org.jfree.chart.labels.StandardXYToolTipGenerator.<init>,1,4,5
org.jfree.chart.title.TextTitle.getPaint,1,0,1
org.jfree.chart.plot.SpiderWebPlot.setLabelPaint,0,3,3
org.jfree.data.xy.YIntervalSeriesCollection.getEndY,2,0,2
org.jfree.data.xy.YIntervalSeriesCollection.getEndX,1,0,1
org.jfree.chart.ui.UIUtils.createJLabel,7,0,7
org.jfree.chart.renderer.category.MinMaxCategoryRenderer.setDrawLines,0,3,3
org.jfree.chart.renderer.category.WaterfallBarRenderer.drawItem,61,0,61
org.jfree.chart.plot.dial.DialTextAnnotation.getAngle,1,0,1
org.jfree.chart.renderer.xy.StandardXYItemRenderer.getPlotLines,0,1,1
org.jfree.chart.LegendItem.setURLText,0,1,1
org.jfree.chart.renderer.xy.XYLineAndShapeRenderer.<init>,0,12,12
org.jfree.chart.plot.XYPlot.isRangeZoomable,0,1,1
org.jfree.chart.renderer.xy.XYBarRenderer.setBase,0,2,2
org.jfree.data.time.DynamicTimeSeriesCollection.getX,11,0,11
org.jfree.data.time.DynamicTimeSeriesCollection.getY,1,0,1
org.jfree.chart.ChartHints.<init>,0,0,0
org.jfree.chart.urls.CustomXYURLGenerator.addURLSeries,0,4,4
org.jfree.chart.ui.RectangleInsets.getBottom,0,1,1
org.jfree.chart.renderer.xy.CyclicXYItemRenderer.getSeriesKey,1,0,1
org.jfree.data.xy.OHLCDataItem.getClose,1,0,1
org.jfree.data.xy.DefaultXYZDataset.equals,4,19,23
org.jfree.chart.annotations.XYPointerAnnotation.getLabelOffset,1,0,1
org.jfree.chart.block.AbstractBlock.getContentYOffset,1,0,1
org.jfree.chart.title.CompositeTitle.getBackgroundPaint,0,1,1
org.jfree.chart.plot.PieLabelDistributor.spreadEvenly,0,12,12
org.jfree.chart.plot.PiePlot.getSectionOutlinePaint,0,1,1
org.jfree.chart.renderer.xy.StandardXYItemRenderer.getGapThreshold,1,0,1
org.jfree.chart.plot.CombinedRangeCategoryPlot.setOrientation,5,0,5
org.jfree.chart.block.LabelBlock.writeObject,0,2,2
org.jfree.chart.axis.LogarithmicAxis.autoAdjustRange,46,3,49
org.jfree.chart.renderer.xy.XYLineAndShapeRenderer.getUseOutlinePaint,0,1,1
org.jfree.chart.title.ImageTitle.equals,8,0,8
org.jfree.data.category.DefaultIntervalCategoryDataset.getSeriesIndex,0,6,6
org.jfree.chart.axis.LogAxis.refreshTicks,2,4,6
org.jfree.chart.ui.RectangleEdge.opposite,10,0,10
org.jfree.data.time.Week.previous,4,6,10
org.jfree.chart.plot.PiePlot.getSectionPaint,0,1,1
org.jfree.chart.ChartPanel.saveAsSVG,31,0,31
org.jfree.data.xml.PieDatasetHandler.<init>,1,0,1
org.jfree.data.time.Millisecond.getMillisecond,0,1,1
org.jfree.chart.plot.dial.DialCap.clone,0,1,1
org.jfree.data.xy.AbstractIntervalXYDataset.getEndXValue,0,5,5
org.jfree.chart.plot.FastScatterPlot.drawDomainGridlines,1,12,13
org.jfree.data.xy.VectorSeries.getDataItem,0,1,1
org.jfree.chart.plot.SpiderWebPlot.getHeadPercent,1,0,1
org.jfree.data.DefaultKeyedValues.sortByKeys,0,10,10
org.jfree.chart.annotations.XYTitleAnnotation.getMaxHeight,1,0,1
org.jfree.data.general.Dataset.null,0,0,0
org.jfree.chart.util.AttrStringUtils.isBottom,1,0,1
org.jfree.chart.plot.CategoryPlot.drawAxes,5,38,43
org.jfree.chart.renderer.xy.CandlestickRenderer.clone,0,1,1
org.jfree.data.KeyedObjects2D.setObject,0,13,13
org.jfree.data.time.Week.parseWeek,23,0,23
org.jfree.chart.plot.PiePlot.setDefaultSectionPaint,0,3,3
org.jfree.chart.renderer.xy.StandardXYItemRenderer.setBaseShapesVisible,0,3,3
org.jfree.data.xy.DefaultTableXYDataset.getDomainBounds,3,0,3
org.jfree.chart.text.TextUtils.drawRotatedString,11,19,30
org.jfree.chart.block.FlowArrangement.equals,1,13,14
org.jfree.chart.plot.CrosshairState.getCrosshairX,0,1,1
org.jfree.chart.renderer.xy.XYDifferenceRenderer.equals,3,15,18
org.jfree.chart.plot.CrosshairState.getCrosshairY,0,1,1
org.jfree.chart.renderer.category.StackedBarRenderer.getPassCount,0,1,1
org.jfree.chart.text.TextBlockAnchor.hashCode,0,1,1
org.jfree.chart.plot.XYPlot.getDomainMinorGridlinePaint,1,0,1
org.jfree.chart.renderer.AbstractRenderer.getDefaultStroke,1,0,1
org.jfree.chart.annotations.TextAnnotation.getTextAnchor,0,1,1
org.jfree.chart.renderer.xy.CandlestickRenderer.getAutoWidthGap,1,0,1
org.jfree.chart.util.ShapeUtils.getPointInRectangle,3,0,3
org.jfree.data.xy.XIntervalSeriesCollection.getItemCount,1,0,1
org.jfree.data.statistics.DefaultStatisticalCategoryDataset.getColumnKey,0,1,1
org.jfree.chart.plot.Plot.resolveDomainAxisLocation,13,13,26
org.jfree.chart.plot.dial.StandardDialFrame.draw,12,0,12
org.jfree.chart.axis.PeriodAxis.writeObject,0,3,3
org.jfree.chart.plot.CombinedRangeCategoryPlot.equals,3,7,10
org.jfree.chart.ui.Size2D.getWidth,0,1,1
org.jfree.chart.renderer.xy.XYShapeRenderer.setGuideLinePaint,0,3,3
org.jfree.data.xy.IntervalXYZDataset.null,0,0,0
org.jfree.chart.plot.Marker.equals,2,30,32
org.jfree.chart.plot.dial.StandardDialFrame.getRadius,1,0,1
org.jfree.chart.plot.CategoryPlot.setDomainCrosshairRowKey,0,4,4
org.jfree.data.xy.YIntervalSeriesCollection.getSeriesCount,0,1,1
org.jfree.data.xy.VectorSeriesCollection.removeAllSeries,5,0,5
org.jfree.chart.block.ColorBlock.getPaint,1,0,1
org.jfree.chart.renderer.LookupPaintScale.getDefaultPaint,0,1,1
org.jfree.data.statistics.DefaultStatisticalCategoryDataset.getColumnKeys,1,0,1
org.jfree.chart.plot.dial.DialPlot.getValue,7,0,7
org.jfree.data.xy.DefaultIntervalXYDataset.getItemCount,0,4,4
org.jfree.chart.renderer.AbstractRenderer.getDefaultFillPaint,0,1,1
org.jfree.chart.axis.ValueAxis.calculateAnchorPoint,3,12,15
org.jfree.chart.plot.XYPlot.setRangeCrosshairValue,0,4,4
org.jfree.chart.util.AttrStringUtils.deriveRotationAnchorOffsets,28,0,28
org.jfree.chart.renderer.xy.XYBarRenderer.getPositiveItemLabelPositionFallback,1,0,1
org.jfree.data.xy.XYSeries.toArray,0,9,9
org.jfree.data.time.TimeSeries.addAndOrUpdate,0,7,7
org.jfree.chart.axis.SymbolAxis.drawGridBandsVertical,20,0,20
org.jfree.data.general.DefaultPieDataset.hashCode,1,0,1
org.jfree.chart.block.ColorBlock.writeObject,0,2,2
org.jfree.data.time.TimeSeries.getMaximumItemCount,0,1,1
org.jfree.chart.plot.CombinedDomainCategoryPlot.calculateAxisSpace,12,31,43
org.jfree.chart.plot.Plot.drawOutline,1,8,9
org.jfree.chart.ChartPanel.getZoomOutlinePaint,1,0,1
org.jfree.chart.renderer.category.StandardBarPainter.paintBar,13,0,13
org.jfree.chart.plot.CategoryPlot.panRangeAxes,10,0,10
org.jfree.chart.renderer.category.CategoryItemRendererState.setCrosshairState,0,1,1
org.jfree.chart.axis.TickUnits.getLargerTickUnit,5,0,5
org.jfree.chart.labels.SymbolicXYItemLabelGenerator.equals,2,3,5
org.jfree.chart.plot.dial.DialPlot.setBackground,0,6,6
org.jfree.chart.renderer.xy.XYShapeRenderer.getPassCount,1,0,1
org.jfree.chart.renderer.xy.XYDifferenceRenderer.setRoundXCoordinates,0,2,2
org.jfree.chart.renderer.xy.XYBlockRenderer.clone,0,5,5
org.jfree.data.xy.DefaultXYDataset.addSeries,3,12,15
org.jfree.chart.plot.dial.StandardDialScale.setMajorTickStroke,0,3,3
org.jfree.data.xy.IntervalXYDelegate.getDomainBounds,0,6,6
org.jfree.chart.axis.CategoryAxis.setCategoryLabelPositionOffset,0,2,2
org.jfree.chart.plot.CombinedRangeCategoryPlot.setGap,2,0,2
org.jfree.data.time.ohlc.OHLCSeriesCollection.getXPosition,1,0,1
org.jfree.chart.renderer.xy.AbstractXYItemRenderer.getLegendItem,9,28,37
org.jfree.chart.urls.TimeSeriesURLGenerator.getSeriesParameterName,1,0,1
org.jfree.chart.renderer.category.GroupedStackedBarRenderer.calculateBarW0,4,10,14
org.jfree.data.gantt.XYTaskDataset.setTransposed,0,2,2
org.jfree.chart.title.PaintScaleLegend.<init>,0,13,13
org.jfree.chart.ui.LengthAdjustmentType.hashCode,1,0,1
org.jfree.data.time.TimePeriodValues.getMaxMiddleIndex,0,1,1
org.jfree.chart.util.RelativeDateFormat.<init>,1,18,19
org.jfree.chart.plot.CombinedDomainXYPlot.setGap,0,2,2
org.jfree.chart.plot.CategoryPlot.addAnnotation,0,6,6
org.jfree.chart.plot.CrosshairState.getDatasetIndex,0,1,1
org.jfree.data.xy.XYSeries.createCopy,10,0,10
org.jfree.chart.plot.CombinedRangeXYPlot.setShadowGenerator,7,0,7
org.jfree.data.xy.AbstractIntervalXYDataset.getStartXValue,0,5,5
org.jfree.chart.renderer.AbstractRenderer.isSeriesItemLabelsVisible,1,3,4
org.jfree.chart.axis.PeriodAxis.drawTickMarks,4,0,4
org.jfree.chart.entity.StandardEntityCollection.add,0,2,2
org.jfree.chart.util.RelativeDateFormat.hashCode,0,9,9
org.jfree.chart.editor.DefaultValueAxisEditor.toggleAutoTick,1,0,1
org.jfree.chart.LegendRenderingOrder.<init>,1,0,1
org.jfree.chart.plot.PiePlot.getStartAngle,0,1,1
org.jfree.data.general.DefaultValueDataset.<init>,0,4,4
org.jfree.chart.util.PaintAlpha.darker,17,0,17
org.jfree.chart.date.SerialDate.addYears,6,0,6
org.jfree.chart.axis.QuarterDateFormat.format,12,0,12
org.jfree.chart.plot.FastScatterPlot.getDomainAxis,1,0,1
org.jfree.chart.renderer.xy.AbstractXYItemRenderer.getURLGenerator,1,0,1
org.jfree.data.time.Hour.toString,1,0,1
org.jfree.chart.entity.LegendItemEntity.clone,0,1,1
org.jfree.data.xy.XYIntervalSeries.add,0,2,2
org.jfree.data.general.AbstractDataset.getNotify,1,0,1
org.jfree.chart.util.RelativeDateFormat.setSecondSuffix,0,2,2
org.jfree.chart.plot.PiePlot.setLabelOutlinePaint,0,2,2
org.jfree.chart.ChartPanel.restoreAutoRangeBounds,0,8,8
org.jfree.chart.text.TextFragment.hashCode,0,5,5
org.jfree.chart.axis.PeriodAxis.hashCode,0,1,1
org.jfree.chart.StandardChartTheme.getGridBandAlternatePaint,1,0,1
org.jfree.data.xy.XYSeriesCollection.getIntervalWidth,0,1,1
org.jfree.chart.renderer.xy.XYDotRenderer.getDotHeight,1,0,1
org.jfree.chart.plot.PolarAxisLocation.readResolve,1,16,17
org.jfree.chart.date.SerialDate.monthCodeToString,8,0,8
org.jfree.chart.renderer.xy.XYLineAndShapeRenderer.setDefaultShapesFilled,0,2,2
org.jfree.chart.title.PaintScaleLegend.arrangeRR,10,0,10
org.jfree.chart.axis.DateAxis.getLocale,1,0,1
org.jfree.chart.plot.PiePlot3D.isAngleAtBack,0,1,1
org.jfree.data.time.TimePeriodValuesCollection.<init>,2,4,6
org.jfree.chart.renderer.xy.StandardXYItemRenderer.setPlotLines,0,3,3
org.jfree.chart.text.TextLine.getLastTextFragment,0,4,4
org.jfree.data.Values.null,0,0,0
org.jfree.chart.plot.DialShape.toString,0,1,1
org.jfree.data.category.SlidingCategoryDataset.getColumnCount,0,4,4
org.jfree.chart.axis.NumberTickUnit.valueToString,0,1,1
org.jfree.chart.renderer.xy.XYShapeRenderer.readObject,0,3,3
org.jfree.chart.plot.Crosshair.setLabelYOffset,0,3,3
org.jfree.chart.block.BlockParams.getTranslateX,1,0,1
org.jfree.chart.block.BlockParams.getTranslateY,1,0,1
org.jfree.chart.plot.dial.DialValueIndicator.getNumberFormat,1,0,1
org.jfree.chart.plot.MeterPlot.setDialBackgroundPaint,0,2,2
org.jfree.chart.plot.RingPlot.setSeparatorPaint,0,3,3
org.jfree.data.general.Series.removePropertyChangeListener,1,0,1
org.jfree.chart.renderer.AbstractRenderer.setDefaultItemLabelFont,0,5,5
org.jfree.chart.editor.DefaultPolarPlotEditor.focusGained,0,0,0
org.jfree.chart.axis.SymbolAxis.writeObject,0,3,3
org.jfree.chart.renderer.xy.XYErrorRenderer.readObject,0,3,3
org.jfree.chart.StandardChartTheme.setLegendBackgroundPaint,0,2,2
org.jfree.data.statistics.DefaultBoxAndWhiskerCategoryDataset.getRowCount,0,1,1
org.jfree.chart.axis.CyclicNumberAxis.writeObject,0,3,3
org.jfree.chart.axis.MarkerAxisBand.drawStringInRect,8,0,8
org.jfree.data.time.FixedMillisecond.getFirstMillisecond,1,1,2
org.jfree.chart.ChartPanel.drawHorizontalAxisTrace,9,0,9
org.jfree.data.KeyedObjects.removeValue,0,5,5
org.jfree.chart.axis.CyclicNumberAxis.calculateAnchorPoint,7,0,7
org.jfree.data.time.Minute.getMinute,0,1,1
org.jfree.data.time.TimeSeries.addOrUpdate,0,35,35
org.jfree.chart.ChartPanel.doCopy,6,0,6
org.jfree.chart.axis.PeriodAxis.getMajorTickTimePeriodClass,1,0,1
org.jfree.chart.renderer.xy.XYLineAndShapeRenderer.setDefaultLinesVisible,0,2,2
org.jfree.chart.annotations.CategoryPointerAnnotation.setBaseRadius,0,2,2
org.jfree.data.xy.XYBarDataset.getStartY,1,0,1
org.jfree.chart.block.BlockBorder.writeObject,0,2,2
org.jfree.data.xy.XYBarDataset.getStartX,5,0,5
org.jfree.data.xy.XYBarDataset.getEndYValue,1,0,1
org.jfree.chart.axis.CategoryLabelWidthType.readResolve,1,4,5
org.jfree.chart.axis.ValueAxis.getAutoRangeMinimumSize,0,1,1
org.jfree.data.xy.CategoryTableXYDataset.equals,1,7,8
org.jfree.data.time.TimePeriodValues.getDomainDescription,0,1,1
org.jfree.chart.util.Rotation.getFactor,0,1,1
org.jfree.chart.plot.MeterPlot.getTickPaint,1,0,1
org.jfree.chart.date.SerialDate.isLeapYear,0,7,7
org.jfree.chart.plot.CategoryPlot.setRangeGridlineStroke,0,3,3
org.jfree.data.time.SimpleTimePeriod.getEnd,0,1,1
org.jfree.chart.plot.PiePlot.setExplodePercent,1,4,5
org.jfree.data.time.TimeSeries.delete,3,14,17
org.jfree.data.category.SlidingCategoryDataset.getValue,1,5,6
org.jfree.data.Range.toString,1,0,1
org.jfree.data.function.NormalDistributionFunction2D.<init>,1,5,6
org.jfree.data.xy.XYSeries.add,4,29,33
org.jfree.chart.text.TextFragment.getFont,0,1,1
org.jfree.chart.axis.ValueAxis.setAutoTickIndex,1,0,1
org.jfree.data.time.TimeSeries.getDomainDescription,0,1,1
org.jfree.chart.plot.CombinedDomainXYPlot.<init>,0,3,3
org.jfree.chart.renderer.category.LineAndShapeRenderer.getUseSeriesOffset,0,1,1
org.jfree.chart.axis.NumberAxis.hashCode,0,1,1
org.jfree.chart.plot.PiePlotState.getExplodedPieArea,0,1,1
org.jfree.chart.entity.LegendItemEntity.getSeriesKey,1,0,1
org.jfree.chart.renderer.xy.XYBoxAndWhiskerRenderer.clone,0,1,1
org.jfree.chart.StandardChartTheme.setDomainGridlinePaint,0,2,2
org.jfree.chart.plot.dial.DialValueIndicator.getDatasetIndex,1,0,1
org.jfree.chart.plot.CategoryPlot.getWeight,0,1,1
org.jfree.chart.plot.MultiplePiePlot.getPlotType,1,0,1
org.jfree.chart.plot.dial.DialPointer.setOutlinePaint,0,3,3
org.jfree.chart.plot.SpiderWebPlot.draw,5,44,49
org.jfree.chart.renderer.xy.XYBarRenderer.setDefaultBarPainter,2,0,2
org.jfree.data.KeyedObject.clone,0,5,5
org.jfree.chart.plot.XYPlot.getDomainZeroBaselineStroke,1,0,1
org.jfree.data.general.DefaultValueDataset.setValue,2,0,2
org.jfree.chart.plot.Crosshair.hashCode,0,17,17
org.jfree.chart.renderer.AbstractRenderer.getDefaultSeriesVisible,1,0,1
org.jfree.chart.axis.CategoryLabelPosition.getLabelAnchor,0,1,1
org.jfree.chart.plot.XYPlot.setDomainMinorGridlinesVisible,0,3,3
org.jfree.data.time.TimeSeriesDataItem.equals,2,8,10
org.jfree.chart.renderer.WaferMapRenderer.setPlot,2,0,2
org.jfree.chart.plot.CategoryPlot.getFixedLegendItems,0,1,1
org.jfree.data.gantt.Task.equals,1,13,14
org.jfree.chart.imagemap.StandardToolTipTagFragmentGenerator.generateToolTipFragment,0,1,1
org.jfree.data.time.Second.hashCode,0,6,6
org.jfree.data.xy.XYDatasetTableModel.isCellEditable,1,0,1
org.jfree.data.gantt.SlidingGanttCategoryDataset.getColumnKeys,5,0,5
org.jfree.data.xy.DefaultHighLowDataset.getHighValue,5,0,5
org.jfree.data.statistics.DefaultBoxAndWhiskerCategoryDataset.removeColumn,6,0,6
org.jfree.chart.plot.CategoryPlot.setDomainGridlinePaint,0,3,3
org.jfree.chart.renderer.category.BoxAndWhiskerRenderer.setUseOutlinePaintForWhiskers,4,0,4
org.jfree.chart.plot.XYPlot.annotationChanged,4,0,4
org.jfree.chart.renderer.xy.AbstractXYItemRenderer.getDefaultToolTipGenerator,1,0,1
org.jfree.chart.text.TextLine.getFirstTextFragment,4,0,4
org.jfree.chart.plot.Plot.drawBackgroundImage,9,2,11
org.jfree.chart.renderer.category.StackedBarRenderer.<init>,0,8,8
org.jfree.chart.StandardChartTheme.<init>,0,32,32
org.jfree.data.category.DefaultIntervalCategoryDataset.equals,5,9,14
org.jfree.chart.util.PaintAlpha.cloneImage,10,0,10
org.jfree.chart.editor.DefaultPlotEditor.<init>,2,0,2
org.jfree.data.time.TimePeriodValue.clone,1,4,5
org.jfree.chart.annotations.CategoryPointerAnnotation.writeObject,0,3,3
org.jfree.chart.renderer.xy.XYLineAndShapeRenderer.getDrawOutlines,0,1,1
org.jfree.chart.entity.CategoryItemEntity.getRowKey,1,0,1
org.jfree.data.xy.XYInterval.equals,2,14,16
org.jfree.chart.plot.PiePlot.drawSimpleLabels,46,0,46
org.jfree.data.time.ohlc.OHLCSeries.<init>,0,1,1
org.jfree.chart.plot.XYPlot.getDomainGridlinePaint,0,1,1
org.jfree.chart.renderer.AbstractRenderer.calculateLabelAnchorPoint,52,0,52
org.jfree.chart.renderer.xy.XYStepAreaRenderer.<init>,1,13,14
org.jfree.chart.JFreeChart.removeSubtitle,0,2,2
org.jfree.chart.plot.Plot.getNoDataMessagePaint,1,0,1
org.jfree.chart.block.BlockBorder.<init>,2,6,8
org.jfree.chart.renderer.category.MinMaxCategoryRenderer.paintIcon,10,6,16
org.jfree.chart.labels.HighLowItemLabelGenerator.<init>,2,5,7
org.jfree.chart.axis.DateAxis.isHiddenValue,0,1,1
org.jfree.chart.renderer.category.AbstractCategoryItemRenderer.getItemLabelGenerator,0,1,1
org.jfree.chart.labels.BubbleXYItemLabelGenerator.createItemArray,17,0,17
org.jfree.chart.plot.PlotRenderingInfo.<init>,0,3,3
org.jfree.chart.plot.dial.DialBackground.isClippedToWindow,1,0,1
org.jfree.data.Range.shift,0,5,5
org.jfree.chart.plot.dial.DialPlot.viewToFrame,5,0,5
org.jfree.chart.renderer.xy.XYSplineRenderer.setPrecision,1,3,4
org.jfree.chart.plot.PlotState.<init>,0,1,1
org.jfree.data.time.Week.getYear,0,1,1
org.jfree.data.gantt.SlidingGanttCategoryDataset.getRowCount,1,0,1
org.jfree.chart.renderer.xy.CyclicXYItemRenderer.removeChangeListener,0,0,0
org.jfree.chart.axis.ValueAxis.lengthToJava2D,0,3,3
org.jfree.data.xy.DefaultTableXYDataset.removeSeries,2,15,17
org.jfree.chart.ChartPanel.isRangeZoomable,1,0,1
org.jfree.chart.LegendItemCollection.getItemCount,0,1,1
org.jfree.chart.axis.DateAxis.getMaximumDate,1,6,7
org.jfree.chart.plot.Crosshair.addPropertyChangeListener,0,1,1
org.jfree.chart.renderer.xy.XYBarRenderer.calculateLabelAnchorPoint,67,0,67
org.jfree.chart.renderer.xy.XYDifferenceRenderer.createPolygon,34,0,34
org.jfree.data.xy.DefaultWindDataset.<init>,6,25,31
org.jfree.chart.renderer.OutlierList.isMultiple,1,0,1
org.jfree.chart.ui.RectangleAnchor.getAnchorPoint,10,11,21
org.jfree.chart.renderer.category.AbstractCategoryItemRenderer.drawDomainMarker,40,0,40
org.jfree.chart.plot.CompassPlot.getRoseHighlightPaint,1,0,1
org.jfree.chart.ChartPanel.getListeners,0,3,3
org.jfree.chart.renderer.category.BarRenderer.getDefaultBarPainter,0,1,1
org.jfree.chart.axis.TickUnits.getCeilingTickUnit,0,6,6
org.jfree.data.time.Hour.peg,0,2,2
org.jfree.chart.axis.ValueAxis.setUpArrow,3,0,3
org.jfree.chart.plot.PolarPlot.isAngleLabelsVisible,1,0,1
org.jfree.data.DefaultKeyedValue.setValue,0,1,1
org.jfree.chart.renderer.category.BarRenderer.setBarPainter,0,3,3
org.jfree.data.xy.IntervalXYDelegate.hashCode,5,0,5
org.jfree.chart.entity.CategoryItemEntity.setColumnKey,1,0,1
org.jfree.chart.LegendItem.getOutlineStroke,0,1,1
org.jfree.chart.axis.CategoryAxis.getMaximumCategoryLabelLines,1,0,1
org.jfree.chart.renderer.xy.CyclicXYItemRenderer.getXValue,5,0,5
org.jfree.chart.JFreeChart.notifyListeners,2,7,9
org.jfree.chart.plot.dial.StandardDialScale.setTickLabelOffset,0,2,2
org.jfree.data.xy.VectorSeriesCollection.getY,1,0,1
org.jfree.data.xy.VectorSeriesCollection.getX,1,0,1
org.jfree.data.category.DefaultIntervalCategoryDataset.getRowCount,0,1,1
org.jfree.chart.plot.FastScatterPlot.setRangeGridlineStroke,0,3,3
org.jfree.data.xy.MatrixSeriesCollection.addSeries,0,4,4
org.jfree.chart.labels.StandardCategorySeriesLabelGenerator.equals,1,7,8
org.jfree.chart.plot.CompassPlot.setSeriesPaint,0,2,2
org.jfree.chart.plot.MeterPlot.<init>,0,18,18
org.jfree.data.time.ohlc.OHLCItem.getLowValue,1,3,4
org.jfree.chart.renderer.category.LevelRenderer.equals,2,8,10
org.jfree.chart.editor.DefaultNumberAxisEditor.createTickUnitPanel,18,0,18
org.jfree.data.jdbc.JDBCXYDataset.setTimeSeries,1,0,1
org.jfree.chart.util.CloneUtils.cloneMapValues,1,9,10
org.jfree.chart.plot.PiePlot.getDataset,0,1,1
org.jfree.chart.util.ObjectList.<init>,1,0,1
org.jfree.chart.date.SerialDate.<init>,0,0,0
org.jfree.chart.axis.ValueAxis.setMinorTickCount,0,2,2
org.jfree.chart.axis.ModuloAxis.transEnd,11,0,11
org.jfree.data.general.HeatMapUtils.createHeatMapImage,13,0,13
org.jfree.data.gantt.Task.setDuration,0,1,1
org.jfree.chart.labels.StandardXYSeriesLabelGenerator.hashCode,0,3,3
org.jfree.data.gantt.XYTaskDataset.equals,2,10,12
org.jfree.chart.panel.CrosshairOverlay.drawHorizontalCrosshair,35,0,35
org.jfree.data.general.WaferMapDataset.setMaxChipY,1,0,1
org.jfree.chart.plot.CombinedDomainCategoryPlot.getGap,1,0,1
org.jfree.data.time.TimePeriodValuesCollection.setXPosition,0,2,2
org.jfree.data.general.WaferMapDataset.setMaxChipX,1,0,1
org.jfree.chart.plot.CategoryPlot.getDomainCrosshairRowKey,0,1,1
org.jfree.data.time.TimeSeriesDataItem.setValue,0,1,1
org.jfree.chart.plot.CategoryPlot.calculateAxisSpace,0,4,4
org.jfree.data.general.DatasetGroup.equals,3,5,8
org.jfree.data.xy.MatrixSeries.getItemRow,0,1,1
org.jfree.chart.renderer.xy.XYBarRenderer.getBase,1,0,1
org.jfree.chart.renderer.category.AbstractCategoryItemRenderer.initialise,2,17,19
org.jfree.chart.plot.SpiderWebPlot.calculateLabelLocation,0,13,13
org.jfree.chart.title.LegendTitle.getLegendItemGraphicAnchor,0,1,1
org.jfree.chart.JFreeChart.setPadding,0,3,3
org.jfree.chart.renderer.xy.XYBarRenderer.getLegendItem,6,28,34
org.jfree.chart.plot.PiePlot3D.isAngleAtFront,0,1,1
org.jfree.data.time.DynamicTimeSeriesCollection.getNewestIndex,1,0,1
org.jfree.chart.plot.CrosshairState.getCrosshairDistance,1,0,1
org.jfree.chart.renderer.xy.XYItemRendererState.<init>,0,3,3
org.jfree.chart.renderer.DefaultPolarItemRenderer.clone,4,10,14
org.jfree.chart.plot.ThermometerPlot.datasetChanged,13,0,13
org.jfree.chart.renderer.DefaultPolarItemRenderer.drawRadialGridLines,21,0,21
org.jfree.chart.date.SpreadsheetDate.getYYYY,0,1,1
org.jfree.chart.renderer.xy.StackedXYAreaRenderer2.getPassCount,1,0,1
org.jfree.data.xy.VectorSeriesCollection.addSeries,0,4,4
org.jfree.chart.plot.PiePlotState.setExplodedPieArea,0,1,1
org.jfree.chart.plot.Marker.setPaint,0,3,3
org.jfree.chart.renderer.category.AbstractCategoryItemRenderer.getToolTipGenerator,0,4,4
org.jfree.data.xml.RootHandler.getSubHandlers,1,0,1
org.jfree.chart.ui.LCBLayout.minimumLayoutSize,17,0,17
org.jfree.chart.plot.FastScatterPlot.calculateYDataRange,0,13,13
org.jfree.chart.plot.XYPlot.drawRangeTickBands,14,2,16
org.jfree.data.time.DynamicTimeSeriesCollection.ValueSequence,4,0,4
org.jfree.chart.plot.PolarPlot.zoomDomainAxes,0,0,0
org.jfree.chart.plot.XYPlot.setRangePannable,1,0,1
org.jfree.data.xml.KeyHandler.getCurrentText,1,0,1
org.jfree.data.xy.XYItemKey.getSeriesKey,1,0,1
org.jfree.data.DefaultKeyedValues2D.getRowIndex,0,4,4
org.jfree.chart.title.PaintScaleLegend.axisChanged,0,2,2
org.jfree.chart.plot.XYPlot.getDomainAxis,0,8,8
org.jfree.chart.ui.ApplicationFrame.<init>,2,0,2
org.jfree.chart.imagemap.ImageMapUtils.getImageMap,17,0,17
org.jfree.chart.entity.JFreeChartEntity.getChart,1,0,1
org.jfree.data.category.SlidingCategoryDataset.getRowKey,1,0,1
org.jfree.chart.renderer.category.MinMaxCategoryRenderer.setObjectIcon,3,0,3
org.jfree.data.time.ohlc.OHLCSeriesCollection.getLowValue,3,0,3
org.jfree.chart.renderer.xy.GradientXYBarPainter.paintBar,48,0,48
org.jfree.chart.plot.XYPlot.setRangeCrosshairVisible,0,3,3
org.jfree.chart.plot.PiePlot.setShadowGenerator,0,2,2
org.jfree.chart.renderer.xy.XYLineAndShapeRenderer.setDrawSeriesLineAsPath,0,3,3
org.jfree.data.ComparableObjectSeries.getMaximumItemCount,0,1,1
org.jfree.data.gantt.XYTaskDataset.getStartXValue,3,0,3
org.jfree.chart.axis.NumberAxis.estimateMaximumTickLabelWidth,5,16,21
org.jfree.chart.plot.FastScatterPlot.clone,1,11,12
org.jfree.chart.axis.CategoryAnchor.toString,0,1,1
org.jfree.chart.axis.AxisState.setCursor,1,0,1
org.jfree.chart.axis.PeriodAxisLabelInfo.getLabelFont,1,0,1
org.jfree.chart.renderer.AbstractRenderer.setSeriesCreateEntities,0,4,4
org.jfree.chart.labels.StandardXYItemLabelGenerator.clone,0,1,1
org.jfree.chart.renderer.xy.StackedXYAreaRenderer2.equals,2,6,8
org.jfree.data.KeyedValueComparatorType.hashCode,1,0,1
org.jfree.chart.plot.CategoryPlot.getCategoriesForAxis,0,8,8
org.jfree.chart.ChartPanel.zoom,2,17,19
org.jfree.chart.renderer.xy.XYLineAndShapeRenderer.getSeriesShapesFilled,0,1,1
org.jfree.chart.axis.LogAxis.equals,5,11,16
org.jfree.chart.axis.ModuloAxis.getDisplayEnd,1,0,1
org.jfree.data.general.DefaultKeyedValueDataset.getKey,0,4,4
org.jfree.chart.event.ChartChangeEventType.readResolve,7,0,7
org.jfree.chart.axis.Axis.createAndAddEntity,2,12,14
org.jfree.data.gantt.Task.setDescription,0,2,2
org.jfree.chart.block.Block.null,0,0,0
org.jfree.chart.plot.CategoryPlot.getDatasetCount,0,1,1
org.jfree.chart.urls.CustomPieURLGenerator.<init>,0,1,1
org.jfree.chart.entity.CategoryLabelEntity.hashCode,3,0,3
org.jfree.chart.title.TextTitle.setBackgroundPaint,0,2,2
org.jfree.data.xy.YIntervalDataItem.getYHighValue,1,3,4
org.jfree.chart.labels.BubbleXYItemLabelGenerator.generateLabelString,1,6,7
org.jfree.chart.plot.CombinedDomainXYPlot.remove,0,16,16
org.jfree.chart.axis.ValueAxis.drawAxisLine,40,20,60
org.jfree.chart.plot.XYPlot.drawHorizontalLine,9,0,9
org.jfree.data.statistics.SimpleHistogramDataset.clearObservations,2,3,5
org.jfree.chart.renderer.xy.YIntervalRenderer.drawAdditionalItemLabel,10,0,10
org.jfree.data.general.AbstractDataset.validateObject,0,1,1
org.jfree.chart.renderer.xy.CandlestickRenderer.getDownPaint,0,1,1
org.jfree.chart.axis.LogarithmicAxis.getAllowNegativesFlag,0,1,1
org.jfree.chart.HashUtils.hashCodeForDoubleArray,1,7,8
org.jfree.chart.renderer.xy.StackedXYAreaRenderer2.drawItem,143,0,143
org.jfree.chart.ui.UIUtils.centerFrameOnScreen,1,0,1
org.jfree.chart.editor.DefaultPlotEditor.attemptBackgroundPaintSelection,4,0,4
org.jfree.chart.JFreeChart.getAntiAlias,2,0,2
org.jfree.chart.renderer.AbstractRenderer.getSeriesItemLabelFont,1,0,1
org.jfree.chart.text.TextBlockAnchor.readResolve,7,12,19
org.jfree.chart.needle.MeterNeedle.setSize,0,1,1
org.jfree.chart.StandardChartTheme.applyToXYPlot,14,27,41
org.jfree.chart.block.BlockParams.getGenerateEntities,0,1,1
org.jfree.chart.encoders.SunPNGEncoderAdapter.encode,6,0,6
org.jfree.chart.annotations.XYDrawableAnnotation.<init>,0,9,9
org.jfree.chart.plot.XYPlot.setDomainAxis,0,13,13
org.jfree.chart.renderer.xy.XYBarRenderer.clone,0,5,5
org.jfree.data.xy.DefaultOHLCDataset.getClose,1,0,1
org.jfree.chart.plot.CategoryMarker.getKey,0,1,1
org.jfree.chart.urls.CustomCategoryURLGenerator.getURLCount,0,5,5
org.jfree.data.statistics.DefaultBoxAndWhiskerCategoryDataset.getMinRegularValue,0,10,10
org.jfree.data.xy.MatrixSeriesCollection.hashCode,1,0,1
org.jfree.chart.title.LegendGraphic.isShapeOutlineVisible,0,1,1
org.jfree.chart.entity.PlotEntity.writeObject,2,0,2
org.jfree.chart.plot.CategoryPlot.zoomRangeAxes,14,0,14
org.jfree.data.RangeType.<init>,0,1,1
org.jfree.chart.plot.XYPlot.checkAxisIndices,3,7,10
org.jfree.chart.plot.XYPlot.addRangeMarker,0,19,19
org.jfree.data.gantt.TaskSeriesCollection.clone,0,4,4
org.jfree.chart.needle.MeterNeedle.setHighlightPaint,0,2,2
org.jfree.chart.plot.MeterPlot.getTickLabelsVisible,1,0,1
org.jfree.chart.renderer.category.WaterfallBarRenderer.getLastBarPaint,1,0,1
org.jfree.data.function.PolynomialFunction2D.getOrder,0,1,1
org.jfree.chart.renderer.DefaultPolarItemRenderer.getDrawingSupplier,0,5,5
org.jfree.data.time.TimePeriodValues.hashCode,11,0,11
org.jfree.chart.annotations.XYTextAnnotation.readObject,0,5,5
org.jfree.data.xy.IntervalXYDelegate.setFixedIntervalWidth,1,3,4
org.jfree.chart.ChartPanel.translateJava2DToScreen,4,0,4
org.jfree.chart.plot.MultiplePiePlot.setAggregatedItemsKey,0,3,3
org.jfree.chart.axis.CategoryAxis.addCategoryLabelURL,0,3,3
org.jfree.chart.labels.MultipleXYSeriesLabelGenerator.generateLabel,12,0,12
org.jfree.chart.editor.DefaultTitleEditor.setTitleProperties,9,0,9
org.jfree.data.gantt.XYTaskDataset.getYValue,3,0,3
org.jfree.chart.plot.CategoryPlot.getAxisOffset,0,1,1
org.jfree.chart.renderer.xy.XYLineAndShapeRenderer.getItemLineVisible,1,3,4
org.jfree.data.function.NormalDistributionFunction2D.getValue,2,0,2
org.jfree.chart.block.BorderArrangement.arrangeFN,0,31,31
org.jfree.chart.util.ObjectList.set,0,1,1
org.jfree.chart.block.BorderArrangement.arrangeFR,6,0,6
org.jfree.chart.renderer.category.MinMaxCategoryRenderer.getGroupPaint,1,0,1
org.jfree.chart.title.PaintScaleLegend.getStripOutlineStroke,1,0,1
org.jfree.chart.plot.FastScatterPlot.getDataRange,0,6,6
org.jfree.data.DefaultKeyedValues2D.getColumnKey,0,1,1
org.jfree.chart.editor.DefaultPlotEditor.actionPerformed,13,0,13
org.jfree.chart.renderer.RendererUtils.findLiveItemsLowerBound,1,44,45
org.jfree.chart.renderer.xy.StackedXYAreaRenderer.setShapeStroke,0,2,2
org.jfree.chart.plot.PiePlot.setLabelGenerator,0,2,2
org.jfree.chart.plot.ThermometerPlot.setValueFormat,0,3,3
org.jfree.chart.block.BorderArrangement.arrangeFF,0,38,38
org.jfree.chart.plot.IntervalMarker.getGradientPaintTransformer,1,0,1
org.jfree.chart.StandardChartTheme.applyToPeriodAxis,6,0,6
org.jfree.chart.axis.DateAxis.previousStandardDate,4,122,126
org.jfree.chart.plot.XYPlot.getDomainAxisEdge,0,3,3
org.jfree.chart.plot.PiePlot.getLabelGenerator,0,1,1
org.jfree.chart.plot.PiePlot.setLabelOutlineStroke,0,2,2
org.jfree.data.time.TimeTableXYDataset.getX,1,0,1
org.jfree.data.time.TimeTableXYDataset.getY,0,1,1
org.jfree.data.gantt.TaskSeriesCollection.getColumnKey,0,1,1
org.jfree.chart.plot.PiePlot.<init>,0,43,43
org.jfree.chart.axis.PeriodAxisLabelInfo.clone,0,2,2
org.jfree.chart.axis.ValueAxis.getMinorTickCount,0,1,1
org.jfree.chart.annotations.XYLineAnnotation.writeObject,0,3,3
org.jfree.chart.plot.PiePlot3D.equals,1,9,10
org.jfree.data.statistics.BoxAndWhiskerItem.toString,1,0,1
org.jfree.chart.renderer.xy.XYLineAndShapeRenderer.setSeriesLinesVisible,0,3,3
org.jfree.chart.plot.RingPlot.getCenterTextFormatter,1,0,1
org.jfree.chart.renderer.category.CategoryStepRenderer.equals,2,6,8
org.jfree.chart.renderer.category.MinMaxCategoryRenderer.setGroupPaint,0,3,3
org.jfree.chart.renderer.xy.DeviationRenderer.findRangeBounds,1,0,1
org.jfree.chart.plot.PolarPlot.setFixedLegendItems,0,2,2
org.jfree.chart.plot.PolarPlot.drawCornerTextItems,24,0,24
org.jfree.chart.renderer.AbstractRenderer.setAutoPopulateSeriesOutlineStroke,1,0,1
org.jfree.chart.plot.PlotRenderingInfo.getSubplotCount,0,1,1
org.jfree.chart.labels.HighLowItemLabelGenerator.generateToolTip,26,0,26
org.jfree.chart.plot.PiePlot.drawItem,16,33,49
org.jfree.chart.plot.PolarPlot.render,16,0,16
org.jfree.chart.annotations.AbstractXYAnnotation.setToolTipText,1,0,1
org.jfree.chart.date.SerialDate.addDays,2,0,2
org.jfree.chart.renderer.xy.XYAreaRenderer.setUseFillPaint,0,2,2
org.jfree.data.DomainOrder.hashCode,0,1,1
org.jfree.data.time.TimeTableXYDataset.getStartXValue,2,0,2
org.jfree.chart.plot.XYPlot.setDomainCrosshairVisible,2,1,3
org.jfree.chart.ChartPanel.zoomInDomain,0,7,7
org.jfree.chart.util.Args.requireNonNegative,0,2,2
org.jfree.data.time.Second.<init>,0,17,17
org.jfree.chart.plot.XYPlot.setRangeMinorGridlinesVisible,0,3,3
org.jfree.chart.axis.SymbolAxis.setGridBandPaint,0,3,3
org.jfree.chart.title.LegendGraphic.getLine,0,1,1
org.jfree.chart.plot.dial.DialPlot.getCap,1,0,1
org.jfree.chart.plot.PolarPlot.mapDatasetToAxes,6,0,6
org.jfree.chart.title.LegendTitle.getItemLabelPadding,1,0,1
org.jfree.chart.plot.MeterPlot.setValueFont,0,3,3
org.jfree.chart.renderer.category.AbstractCategoryItemRenderer.getPlot,0,1,1
org.jfree.chart.renderer.xy.AbstractXYItemRenderer.getSeriesItemLabelGenerator,1,0,1
org.jfree.chart.util.UnitType.toString,1,0,1
org.jfree.chart.plot.CategoryPlot.zoomDomainAxes,0,0,0
org.jfree.chart.block.BorderArrangement.arrangeRR,11,35,46
org.jfree.chart.renderer.xy.CandlestickRenderer.getDrawVolume,0,1,1
org.jfree.chart.renderer.xy.XYDotRenderer.equals,2,10,12
org.jfree.chart.renderer.xy.CyclicXYItemRenderer.OverwriteDataSet,5,0,5
org.jfree.chart.JFreeChart.setTextAntiAlias,5,0,5
org.jfree.chart.annotations.XYLineAnnotation.draw,27,0,27
org.jfree.chart.util.AttrStringUtils.isTop,1,0,1
org.jfree.chart.text.TextBlockAnchor.<init>,0,1,1
org.jfree.chart.title.TextTitle.setToolTipText,0,2,2
org.jfree.chart.ui.TextAnchor.equals,1,7,8
org.jfree.data.gantt.XYTaskDataset.getEndYValue,3,0,3
org.jfree.chart.axis.ValueAxis.equals,2,32,34
org.jfree.chart.entity.StandardEntityCollection.clear,0,1,1
org.jfree.chart.renderer.xy.StandardXYItemRenderer.clone,0,4,4
org.jfree.chart.text.TextBox.getHeight,0,2,2
org.jfree.chart.renderer.xy.AbstractXYItemRenderer.lineTo,0,1,1
org.jfree.data.general.DatasetUtils.calculatePieDatasetTotal,0,14,14
org.jfree.data.xy.XYSeries.updateBoundsForRemovedItem,1,17,18
org.jfree.chart.renderer.xy.AbstractXYItemRenderer.beginElementGroup,1,0,1
org.jfree.chart.ChartPanel.zoomInBoth,1,7,8
org.jfree.chart.util.Rotation.toString,1,0,1
org.jfree.data.Range.combine,0,7,7
org.jfree.chart.axis.ModuloAxis.getDisplayLength,3,0,3
org.jfree.data.general.KeyedValues2DDataset.null,0,0,0
org.jfree.data.xy.YIntervalSeries.<init>,0,2,2
org.jfree.chart.labels.ItemLabelPosition.<init>,0,9,9
org.jfree.data.xy.XYInterval.<init>,0,5,5
org.jfree.chart.plot.PiePlot.getLabelLinkPaint,1,0,1
org.jfree.data.xy.XYSeries.clone,0,3,3
org.jfree.data.xy.CategoryTableXYDataset.getEndY,1,0,1
org.jfree.data.xy.CategoryTableXYDataset.getEndX,0,1,1
org.jfree.data.xml.ValueHandler.characters,2,0,2
org.jfree.chart.renderer.OutlierListCollection.isLowFarOut,0,1,1
org.jfree.chart.renderer.xy.CandlestickRenderer.getUseOutlinePaint,0,1,1
org.jfree.chart.renderer.xy.XYDifferenceRenderer.getShapesVisible,1,0,1
org.jfree.chart.util.PaintUtils.equal,6,13,19
org.jfree.chart.LegendItem.getLineStroke,0,1,1
org.jfree.chart.axis.DateAxis.getDateFormatOverride,0,1,1
org.jfree.chart.ChartPanel.setInitialDelay,1,0,1
org.jfree.data.xy.IntervalXYDelegate.datasetChanged,0,2,2
org.jfree.chart.editor.DefaultTitleEditor.attemptFontSelection,5,0,5
org.jfree.chart.PolarChartPanel.createPopupMenu,27,0,27
org.jfree.chart.plot.XYPlot.getDataRange,10,40,50
org.jfree.chart.plot.MeterPlot.setValuePaint,0,3,3
org.jfree.data.statistics.BoxAndWhiskerItem.equals,10,14,24
org.jfree.data.KeyedObjects2D.getColumnKey,0,1,1
org.jfree.chart.plot.XYPlot.getDomainMarkers,1,9,10
org.jfree.chart.title.LegendGraphic.<init>,0,10,10
org.jfree.chart.axis.CategoryLabelPosition.hashCode,0,5,5
org.jfree.chart.ui.RectangleEdge.isLeftOrRight,0,1,1
org.jfree.chart.renderer.category.BarRenderer.getLegendItem,4,26,30
org.jfree.chart.plot.dial.DialTextAnnotation.setFont,0,3,3
org.jfree.chart.axis.CategoryAxis.readPaintMap,1,9,10
org.jfree.chart.block.BorderArrangement.arrangeNN,0,38,38
org.jfree.data.xy.VectorSeries.getVectorXValue,0,2,2
org.jfree.chart.plot.PiePlot3D.drawSide,129,37,166
org.jfree.chart.StandardChartTheme.applyToPlot,11,13,24
org.jfree.chart.renderer.LookupPaintScale.writeObject,0,4,4
org.jfree.data.xy.IntervalXYDelegate.<init>,0,7,7
org.jfree.chart.editor.ChartEditorManager.getChartEditor,1,0,1
org.jfree.chart.renderer.AbstractRenderer.hashCode,0,18,18
org.jfree.chart.renderer.xy.AbstractXYItemRenderer.getLegendItemToolTipGenerator,0,1,1
org.jfree.chart.plot.CategoryPlot.setAxisOffset,0,3,3
org.jfree.chart.StrokeMap.containsKey,1,0,1
org.jfree.data.gantt.TaskSeriesCollection.add,0,11,11
org.jfree.data.category.DefaultCategoryDataset.incrementValue,0,5,5
org.jfree.chart.annotations.CategoryPointerAnnotation.getBaseRadius,1,0,1
org.jfree.chart.renderer.category.LayeredBarRenderer.drawHorizontalItem,62,0,62
org.jfree.chart.plot.SpiderWebPlot.getAxisLineStroke,1,0,1
org.jfree.chart.plot.ThermometerPlot.getPlotType,1,0,1
org.jfree.chart.date.SerialDate.getDescription,1,0,1
org.jfree.chart.plot.CombinedDomainXYPlot.equals,2,8,10
org.jfree.chart.urls.XYURLGenerator.null,0,0,0
org.jfree.chart.plot.FastScatterPlot.setPaint,0,3,3
org.jfree.chart.plot.XYPlot.setFixedRangeAxisSpace,2,2,4
org.jfree.chart.axis.SymbolAxis.<init>,0,7,7
org.jfree.chart.renderer.xy.XYLineAndShapeRenderer.equals,0,30,30
org.jfree.chart.plot.Plot.clone,1,5,6
org.jfree.chart.annotations.XYPointerAnnotation.readObject,0,3,3
org.jfree.chart.urls.StandardCategoryURLGenerator.equals,1,11,12
org.jfree.chart.text.TextUtils.nextLineBreak,1,22,23
org.jfree.chart.editor.DefaultTitleEditor.actionPerformed,7,0,7
org.jfree.chart.renderer.category.StackedBarRenderer.findRangeBounds,1,4,5
org.jfree.chart.renderer.category.LineAndShapeRenderer.setSeriesShapesVisible,0,3,3
org.jfree.chart.title.PaintScaleLegend.equals,1,23,24
org.jfree.data.statistics.Statistics.getMovingAverage,13,0,13
org.jfree.chart.plot.CategoryPlot.getRangeMarkers,1,9,10
org.jfree.chart.axis.DateAxis.valueToJava2D,7,11,18
org.jfree.chart.plot.Crosshair.setLabelOutlinePaint,0,4,4
org.jfree.chart.util.SerialUtils.writePoint2D,2,5,7
org.jfree.chart.plot.CrosshairState.updateCrosshairPoint,15,1,16
org.jfree.chart.axis.ExtendedCategoryAxis.clone,0,3,3
org.jfree.chart.axis.NumberAxis.calculateVisibleTickCount,0,3,3
org.jfree.chart.encoders.ImageEncoderFactory.init,3,0,3
org.jfree.data.statistics.HistogramDataset.getBins,0,2,2
org.jfree.chart.needle.LineNeedle.equals,2,3,5
org.jfree.chart.StandardChartTheme.getDomainGridlinePaint,1,0,1
org.jfree.chart.date.SpreadsheetDate.compare,0,1,1
org.jfree.chart.renderer.xy.StandardXYItemRenderer.initialise,0,4,4
org.jfree.chart.plot.dial.DialPlot.getDatasetCount,1,0,1
org.jfree.chart.renderer.xy.AbstractXYItemRenderer.setSeriesToolTipGenerator,0,2,2
org.jfree.chart.renderer.xy.XYBarRenderer.isDrawBarOutline,0,1,1
org.jfree.chart.util.TableOrder.<init>,0,1,1
org.jfree.data.xy.DefaultOHLCDataset.getSeriesCount,0,1,1
org.jfree.data.general.Series.setKey,0,7,7
org.jfree.data.xy.XYBarDataset.getYValue,0,1,1
org.jfree.chart.ui.StandardGradientPaintTransformer.transform,11,0,11
org.jfree.chart.plot.XYPlot.getDomainZeroBaselinePaint,1,0,1
org.jfree.chart.axis.PeriodAxis.setMinorTickMarkInsideLength,2,0,2
org.jfree.data.time.TimeSeries.setRangeDescription,3,0,3
org.jfree.chart.renderer.xy.XYDifferenceRenderer.writeObject,0,4,4
org.jfree.chart.annotations.AbstractXYAnnotation.getToolTipText,0,1,1
org.jfree.chart.plot.SpiderWebPlot.getAxisLabelGap,1,0,1
org.jfree.chart.plot.XYPlot.getAnnotations,0,1,1
org.jfree.chart.renderer.OutlierListCollection.isHighFarOut,0,1,1
org.jfree.chart.StandardChartTheme.applyToPiePlot,2,8,10
org.jfree.chart.title.CompositeTitle.getContainer,0,1,1
org.jfree.chart.plot.Plot.createAndAddEntity,0,4,4
org.jfree.data.xy.XYBarDataset.datasetChanged,0,1,1
org.jfree.chart.plot.SpiderWebPlot.setToolTipGenerator,0,2,2
org.jfree.chart.axis.SubCategoryAxis.drawSubCategoryLabels,46,14,60
org.jfree.chart.renderer.category.AbstractCategoryItemRenderer.setDefaultItemURLGenerator,0,4,4
org.jfree.chart.LegendItem.getFillPaint,0,1,1
org.jfree.data.xy.XYIntervalSeriesCollection.getSeriesCount,0,1,1
org.jfree.chart.annotations.XYLineAnnotation.clone,0,1,1
org.jfree.chart.renderer.AbstractRenderer.setDataBoundsIncludesVisibleSeriesOnly,2,0,2
org.jfree.data.statistics.DefaultMultiValueCategoryDataset.getRowKeys,1,0,1
org.jfree.chart.renderer.AbstractRenderer.endElementGroup,1,0,1
org.jfree.chart.axis.PeriodAxisLabelInfo.hashCode,0,4,4
org.jfree.chart.axis.SubCategoryAxis.readObject,0,2,2
org.jfree.data.time.TimeSeries.createCopy,2,35,37
org.jfree.data.xy.YIntervalSeriesCollection.getItemCount,0,1,1
org.jfree.chart.renderer.AbstractRenderer.setAutoPopulateSeriesOutlinePaint,0,1,1
org.jfree.chart.plot.dial.DialTextAnnotation.<init>,0,7,7
org.jfree.chart.entity.ChartEntity.hashCode,4,0,4
org.jfree.data.time.TimeSeriesCollection.setXPosition,0,3,3
org.jfree.chart.labels.BubbleXYItemLabelGenerator.getZDateFormat,1,0,1
org.jfree.data.statistics.SimpleHistogramDataset.equals,4,8,12
org.jfree.chart.plot.CombinedRangeCategoryPlot.getGap,1,0,1
org.jfree.chart.renderer.GrayPaintScale.getUpperBound,0,1,1
org.jfree.chart.block.ColumnArrangement.<init>,0,4,4
org.jfree.data.xy.XYBarDataset.getEndXValue,0,1,1
org.jfree.chart.plot.PiePlotState.getPieCenterY,0,1,1
org.jfree.chart.plot.PiePlotState.getPieCenterX,0,1,1
org.jfree.data.time.Day.getLastMillisecond,0,8,8
org.jfree.chart.plot.XYPlot.equals,16,97,113
org.jfree.data.time.ohlc.OHLCItem.getYValue,1,0,1
org.jfree.chart.renderer.xy.XYBarRenderer.getG2Base,1,0,1
org.jfree.chart.axis.NumberAxis.createStandardTickUnits,2,1,3
org.jfree.chart.annotations.XYTextAnnotation.<init>,0,14,14
org.jfree.data.xy.XYSeriesCollection.getSeriesIndex,0,7,7
org.jfree.chart.text.TextBox.readObject,0,5,5
org.jfree.chart.util.RelativeDateFormat.setBaseMillis,0,1,1
org.jfree.chart.plot.dial.ArcDialFrame.setStartAngle,0,2,2
org.jfree.chart.labels.MultipleXYSeriesLabelGenerator.equals,3,9,12
org.jfree.chart.date.SerialDate.setDescription,1,0,1
org.jfree.chart.plot.SpiderWebPlot.<init>,1,28,29
org.jfree.chart.JFreeChart.isCompatibleValue,1,0,1
org.jfree.chart.renderer.xy.XYItemRendererState.getFirstItemIndex,1,0,1
org.jfree.chart.renderer.AbstractRenderer.getAutoPopulateSeriesFillPaint,0,1,1
org.jfree.chart.text.G2TextMeasurer.getStringWidth,0,4,4
org.jfree.data.time.Quarter.getLastMillisecond,0,6,6
org.jfree.chart.renderer.category.IntervalBarRenderer.findRangeBounds,0,1,1
org.jfree.data.statistics.HistogramType.hashCode,1,0,1
org.jfree.data.DefaultKeyedValues.getValue,0,5,5
org.jfree.data.category.DefaultCategoryDataset.removeValue,0,2,2
org.jfree.chart.block.LabelBlock.arrange,0,3,3
org.jfree.data.category.DefaultIntervalCategoryDataset.<init>,7,24,31
org.jfree.data.gantt.TaskSeries.get,1,8,9
org.jfree.chart.renderer.Outlier.equals,2,8,10
org.jfree.data.xy.XYDataItem.clone,1,4,5
org.jfree.chart.util.DefaultShadowGenerator.applyShadow,49,0,49
org.jfree.chart.axis.ValueAxis.getUpperMargin,0,1,1
org.jfree.chart.renderer.xy.StackedXYBarRenderer.getPassCount,1,0,1
org.jfree.chart.JFreeChart.setBackgroundImageAlpha,0,3,3
org.jfree.chart.plot.PolarPlot.mapDatasetToAxis,3,0,3
org.jfree.chart.renderer.xy.StandardXYItemRenderer.setBaseShapesFilled,0,1,1
org.jfree.data.xy.XYCoordinate.getX,0,1,1
org.jfree.data.xy.XYCoordinate.getY,1,0,1
org.jfree.data.statistics.HistogramType.readResolve,5,2,7
org.jfree.chart.plot.Marker.getAlpha,0,1,1
org.jfree.chart.renderer.AbstractRenderer.lookupSeriesPaint,0,9,9
org.jfree.data.xy.CategoryTableXYDataset.setIntervalPositionFactor,0,2,2
org.jfree.chart.event.ChartChangeEventType.hashCode,1,0,1
org.jfree.data.statistics.DefaultStatisticalCategoryDataset.getMeanValue,0,10,10
org.jfree.chart.urls.CustomPieURLGenerator.generateURL,1,0,1
org.jfree.chart.renderer.category.WaterfallBarRenderer.equals,3,13,16
org.jfree.chart.annotations.XYTitleAnnotation.getCoordinateType,1,0,1
org.jfree.chart.plot.Marker.getPaint,0,1,1
org.jfree.chart.plot.CrosshairState.getAnchor,0,1,1
org.jfree.chart.axis.ValueAxis.writeObject,0,5,5
org.jfree.chart.renderer.AbstractRenderer.setLegendShape,0,2,2
org.jfree.chart.plot.XYPlot.getDomainAxisForDataset,0,8,8
org.jfree.data.category.CategoryToPieDataset.getUnderlyingDataset,0,1,1
org.jfree.chart.ui.UIUtils.positionFrameRandomly,1,0,1
org.jfree.chart.event.MarkerChangeEvent.getMarker,0,1,1
org.jfree.chart.plot.FastScatterPlot.isRangePannable,1,0,1
org.jfree.chart.util.LineUtils.extendLine,12,0,12
org.jfree.chart.axis.PeriodAxisLabelInfo.getDividerStroke,1,0,1
org.jfree.chart.plot.Marker.setOutlinePaint,0,2,2
org.jfree.chart.plot.SpiderWebPlot.setAxisLinePaint,0,3,3
org.jfree.chart.annotations.XYLineAnnotation.readObject,0,3,3
org.jfree.data.gantt.SlidingGanttCategoryDataset.getRowKeys,1,0,1
org.jfree.chart.renderer.xy.XYDifferenceRenderer.initialise,3,0,3
org.jfree.data.KeyedObject.equals,2,8,10
org.jfree.data.time.TimePeriodValuesCollection.getItemCount,1,0,1
org.jfree.chart.axis.CyclicNumberAxis.selectVerticalAutoTickUnit,3,0,3
org.jfree.chart.renderer.xy.XYBarRenderer.setShadowYOffset,0,2,2
org.jfree.chart.axis.PeriodAxis.refreshTicks,1,0,1
org.jfree.chart.block.CenterArrangement.add,0,0,0
org.jfree.data.xy.DefaultTableXYDataset.setIntervalPositionFactor,2,0,2
org.jfree.chart.renderer.xy.XYStepRenderer.clone,0,1,1
org.jfree.chart.renderer.category.StatisticalBarRenderer.findRangeBounds,0,1,1
org.jfree.data.xy.Vector.getX,0,1,1
org.jfree.chart.renderer.xy.XYBarRenderer.setMargin,0,2,2
org.jfree.data.xy.Vector.getY,1,0,1
org.jfree.chart.renderer.LookupPaintScale.<init>,1,7,8
org.jfree.chart.renderer.DefaultPolarItemRenderer.getLegendItem,5,27,32
org.jfree.chart.renderer.xy.XYBoxAndWhiskerRenderer.getBoxPaint,0,1,1
org.jfree.data.xy.DefaultOHLCDataset.getOpenValue,5,0,5
org.jfree.chart.renderer.AbstractRenderer.setDefaultOutlinePaint,0,5,5
org.jfree.chart.renderer.xy.XYStepAreaRenderer.setOutline,0,2,2
org.jfree.chart.editor.DefaultAxisEditor.getTickLabelPaint,1,0,1
org.jfree.chart.plot.CategoryPlot.readObject,0,27,27
org.jfree.chart.title.LegendTitle.setSortOrder,0,3,3
org.jfree.chart.axis.Axis.setAttributedLabel,2,3,5
org.jfree.chart.plot.PiePlot.setShadowPaint,0,2,2
org.jfree.data.time.SimpleTimePeriod.compareTo,2,18,20
org.jfree.chart.renderer.category.LevelRenderer.getItemMargin,1,0,1
org.jfree.chart.axis.ValueAxis.getFixedAutoRange,0,1,1
org.jfree.chart.annotations.XYBoxAnnotation.hashCode,0,11,11
org.jfree.chart.renderer.category.LineAndShapeRenderer.equals,1,23,24
org.jfree.chart.editor.DefaultChartEditor.attemptModifyBackgroundPaint,4,0,4
org.jfree.chart.plot.PieLabelRecord.getLabel,0,1,1
org.jfree.chart.renderer.xy.XYBarRenderer.getDefaultBarPainter,0,1,1
org.jfree.chart.renderer.category.AreaRenderer.getEndType,1,0,1
org.jfree.chart.renderer.xy.ClusteredXYBarRenderer.<init>,0,3,3
org.jfree.data.xy.DefaultIntervalXYDataset.getYValue,0,2,2
org.jfree.data.statistics.BoxAndWhiskerCategoryDataset.null,0,0,0
org.jfree.chart.renderer.xy.AbstractXYItemRenderer.getItemLabelGenerator,4,0,4
org.jfree.chart.text.TextBox.getBackgroundPaint,1,0,1
org.jfree.chart.plot.PiePlot.getLegendLabelGenerator,1,0,1
org.jfree.chart.renderer.category.WaterfallBarRenderer.setLastBarPaint,0,3,3
org.jfree.chart.axis.CyclicNumberAxis.setRange,4,0,4
org.jfree.data.time.TimePeriodValues.clone,0,2,2
org.jfree.chart.plot.PlotOrientation.toString,0,1,1
org.jfree.chart.renderer.category.AbstractCategoryItemRenderer.getPassCount,0,1,1
org.jfree.chart.axis.DateAxis.getTimeZone,1,0,1
org.jfree.chart.plot.dial.ArcDialFrame.getForegroundPaint,1,0,1
org.jfree.data.xy.XYIntervalSeries.getX,0,2,2
org.jfree.chart.ui.TextAnchor.isTop,0,1,1
org.jfree.chart.util.PaintUtils.stringToColor,8,0,8
org.jfree.chart.axis.ValueAxis.reserveSpace,2,23,25
org.jfree.chart.title.LegendGraphic.getFillPaint,1,0,1
org.jfree.chart.renderer.xy.GradientXYBarPainter.createShadow,29,0,29
org.jfree.data.xy.YWithXInterval.getXLow,0,1,1
org.jfree.chart.plot.Crosshair.isLabelVisible,1,0,1
org.jfree.data.statistics.DefaultMultiValueCategoryDataset.getColumnIndex,1,0,1
org.jfree.data.general.AbstractDataset.removeChangeListener,0,1,1
org.jfree.chart.block.EmptyBlock.arrange,0,2,2
org.jfree.data.ItemKey.null,0,0,0
org.jfree.chart.renderer.category.CategoryStepRenderer.getLegendItem,5,21,26
org.jfree.data.statistics.DefaultBoxAndWhiskerCategoryDataset.getColumnIndex,0,1,1
org.jfree.chart.renderer.xy.StandardXYItemRenderer.setLegendLine,0,3,3
org.jfree.chart.util.DefaultShadowGenerator.getShadowOpacity,1,0,1
org.jfree.data.xy.DefaultWindDataset.getSeriesKey,0,3,3
org.jfree.chart.renderer.xy.StackedXYAreaRenderer.getShapeStroke,1,0,1
org.jfree.chart.plot.XYPlot.getRangeCrosshairPaint,1,0,1
org.jfree.chart.axis.ExtendedCategoryAxis.readObject,0,2,2
org.jfree.chart.plot.XYPlot.getWeight,0,1,1
org.jfree.data.statistics.DefaultBoxAndWhiskerXYDataset.add,1,11,12
org.jfree.chart.renderer.category.LineAndShapeRenderer.getItemLineVisible,1,3,4
org.jfree.chart.renderer.xy.StandardXYItemRenderer.getLegendLine,1,0,1
org.jfree.chart.text.TextLine.hashCode,0,1,1
org.jfree.chart.plot.CategoryPlot.getRangeAxisEdge,0,3,3
org.jfree.chart.annotations.XYTextAnnotation.setOutlinePaint,0,3,3
org.jfree.chart.plot.XYPlot.drawRangeMarkers,0,12,12
org.jfree.data.KeyedObject.getObject,0,1,1
org.jfree.chart.needle.LongNeedle.equals,2,3,5
org.jfree.chart.labels.AbstractPieItemLabelGenerator.equals,1,11,12
org.jfree.data.time.ohlc.OHLCSeriesCollection.addSeries,0,4,4
org.jfree.chart.axis.PeriodAxis.drawTickLabels,78,0,78
org.jfree.chart.editor.DefaultPlotEditor.getOutlineStroke,1,0,1
org.jfree.data.category.DefaultCategoryDataset.getColumnKey,0,1,1
org.jfree.chart.plot.MultiplePiePlot.prefetchSectionPaints,8,10,18
org.jfree.chart.renderer.xy.XYStepAreaRenderer.setShapesFilled,0,2,2
org.jfree.chart.plot.dial.DialLayerChangeEvent.getDialLayer,1,0,1
org.jfree.data.KeyToGroupMap.getGroupCount,0,1,1
org.jfree.data.statistics.DefaultMultiValueCategoryDataset.getColumnKey,1,0,1
org.jfree.data.xml.RootHandler.pushSubHandler,1,0,1
org.jfree.chart.plot.Marker.setLabelOffset,0,3,3
org.jfree.data.category.DefaultIntervalCategoryDataset.getCategoryCount,0,5,5
org.jfree.chart.renderer.category.MinMaxCategoryRenderer.getMinIcon,1,0,1
org.jfree.chart.needle.MeterNeedle.setFillPaint,0,2,2
org.jfree.data.time.Minute.<init>,0,18,18
org.jfree.chart.renderer.xy.StackedXYAreaRenderer2.getRoundXCoordinates,0,1,1
org.jfree.data.statistics.MeanAndStandardDeviation.<init>,0,3,3
org.jfree.chart.renderer.xy.XYLineAndShapeRenderer.initialise,0,1,1
org.jfree.chart.plot.Plot.markerChanged,1,0,1
org.jfree.chart.renderer.xy.AbstractXYItemRenderer.setSeriesItemLabelGenerator,0,2,2
org.jfree.data.ComparableObjectSeries.remove,0,4,4
org.jfree.chart.plot.SpiderWebPlot.getDataExtractOrder,1,0,1
org.jfree.chart.renderer.category.LevelRenderer.getMaximumItemWidth,0,1,1
org.jfree.data.xy.XYIntervalSeriesCollection.getEndXValue,0,2,2
org.jfree.chart.renderer.category.BoxAndWhiskerRenderer.drawMultipleEllipse,4,0,4
org.jfree.chart.labels.CategoryItemLabelGenerator.null,0,0,0
org.jfree.chart.axis.NumberAxis.createIntegerTickUnits,2,1,3
org.jfree.chart.plot.dial.StandardDialScale.setTickLabelPaint,0,3,3
org.jfree.data.gantt.XYTaskDataset.clone,0,3,3
org.jfree.data.resources.DataPackageResources_fr.getContents,1,0,1
org.jfree.chart.plot.Plot.annotationChanged,1,0,1
org.jfree.chart.ui.StrokeChooserPanel.getSelector,1,0,1
org.jfree.chart.axis.ModuloAxis.getDisplayStart,1,0,1
org.jfree.chart.plot.PolarPlot.isAngleGridlinesVisible,1,0,1
org.jfree.chart.util.DefaultShadowGenerator.getAngle,1,0,1
org.jfree.chart.renderer.xy.XYBubbleRenderer.drawItem,57,0,57
org.jfree.chart.plot.CategoryPlot.isDomainZoomable,1,0,1
org.jfree.data.gantt.Task.getDescription,0,1,1
org.jfree.chart.axis.DateAxis.refreshTicksVertical,17,36,53
org.jfree.chart.JFreeChart.getSubtitle,0,3,3
org.jfree.chart.renderer.xy.CandlestickRenderer.getMaxCandleWidthInMilliseconds,1,0,1
org.jfree.chart.title.TextTitle.getBackgroundPaint,1,0,1
org.jfree.chart.needle.PointerNeedle.clone,0,1,1
org.jfree.chart.plot.dial.DialCap.writeObject,0,4,4
org.jfree.chart.labels.IntervalXYItemLabelGenerator.createItemArray,43,0,43
org.jfree.chart.plot.MeterPlot.clearIntervals,2,0,2
org.jfree.chart.editor.DefaultValueAxisEditor.getMinimumValue,1,0,1
org.jfree.chart.ChartPanel.restoreAutoDomainBounds,0,8,8
org.jfree.chart.plot.CombinedRangeXYPlot.remove,0,14,14
org.jfree.chart.editor.DefaultValueAxisEditor.setAutoTickUnitSelectionCheckBox,1,0,1
org.jfree.data.xy.OHLCDataset.null,0,0,0
org.jfree.chart.renderer.category.StatisticalLineAndShapeRenderer.drawItem,26,70,96
org.jfree.chart.plot.dial.DialBackground.draw,5,0,5
org.jfree.chart.plot.SpiderWebPlot.setSeriesOutlineStroke,0,4,4
org.jfree.chart.plot.RingPlot.setSeparatorStroke,0,3,3
org.jfree.chart.ChartPanel.setMouseZoomable,4,0,4
org.jfree.chart.renderer.WaferMapRenderer.getLegendCollection,24,0,24
org.jfree.chart.needle.WindNeedle.hashCode,1,0,1
org.jfree.data.general.DatasetUtils.sampleFunction2DToSeries,2,10,12
org.jfree.chart.axis.MarkerAxisBand.draw,18,0,18
org.jfree.data.xy.XYSeries.findBoundsByIteration,0,8,8
org.jfree.chart.JFreeChart.setBackgroundImageAlignment,0,3,3
org.jfree.chart.plot.dial.DialValueIndicator.getTemplateValue,1,0,1
org.jfree.data.xy.IntervalXYDelegate.getEndX,0,5,5
org.jfree.chart.ChartPanel.setZoomOutlinePaint,1,0,1
org.jfree.chart.plot.CompassPlot.setRoseHighlightPaint,0,3,3
org.jfree.chart.plot.XYPlot.addAnnotation,0,6,6
org.jfree.chart.ui.RectangleEdge.<init>,0,1,1
org.jfree.chart.plot.CombinedDomainXYPlot.getGap,1,0,1
org.jfree.chart.block.BlockContainer.setArrangement,0,2,2
org.jfree.chart.PaintMap.clear,0,1,1
org.jfree.data.xy.DefaultXYDataset.removeSeries,5,0,5
org.jfree.chart.plot.XYPlot.clearDomainMarkers,6,23,29
org.jfree.chart.renderer.xy.DeviationRenderer.State,3,0,3
org.jfree.chart.annotations.XYPointerAnnotation.getArrowWidth,1,0,1
org.jfree.chart.plot.CategoryPlot.setRangeZeroBaselineVisible,0,2,2
org.jfree.chart.labels.AbstractPieItemLabelGenerator.getPercentFormat,0,1,1
org.jfree.data.statistics.DefaultBoxAndWhiskerXYDataset.getMinRegularValue,0,5,5
org.jfree.data.KeyedObjects2D.getColumnKeys,0,1,1
org.jfree.chart.annotations.XYImageAnnotation.getX,1,0,1
org.jfree.data.category.DefaultCategoryDataset.equals,1,20,21
org.jfree.chart.annotations.XYImageAnnotation.getY,1,0,1
org.jfree.chart.annotations.XYBoxAnnotation.clone,0,1,1
org.jfree.chart.renderer.category.BarRenderer.initialise,0,6,6
org.jfree.chart.ui.ApplicationFrame.windowClosing,3,0,3
org.jfree.chart.title.LegendTitle.readObject,0,3,3
org.jfree.chart.axis.DateAxis.calculateHighestVisibleTickValue,1,0,1
org.jfree.data.DefaultKeyedValues2D.clear,0,3,3
org.jfree.chart.axis.AxisLabelLocation.readResolve,4,3,7
org.jfree.chart.ChartPanel.getScaleY,1,0,1
org.jfree.chart.ChartPanel.getScaleX,1,0,1
org.jfree.chart.plot.MultiplePiePlot.equals,1,19,20
org.jfree.chart.renderer.category.LineAndShapeRenderer.getItemMargin,1,0,1
org.jfree.chart.plot.PieLabelLinkStyle.hashCode,1,0,1
org.jfree.chart.renderer.category.BarRenderer.setNegativeItemLabelPositionFallback,0,2,2
org.jfree.chart.block.AbstractBlock.calculateTotalHeight,0,5,5
org.jfree.chart.title.LegendGraphic.writeObject,0,8,8
org.jfree.chart.renderer.category.ScatterRenderer.setSeriesShapesFilled,2,2,4
org.jfree.data.Range.equals,0,8,8
org.jfree.chart.plot.CombinedDomainXYPlot.setShadowGenerator,5,0,5
org.jfree.chart.title.PaintScaleLegend.arrange,26,0,26
org.jfree.chart.util.ShapeUtils.rotateShape,1,4,5
org.jfree.data.DefaultKeyedValues.setValue,1,8,9
org.jfree.chart.event.ChartProgressListener.null,0,0,0
org.jfree.chart.axis.CategoryAxis.writePaintMap,1,10,11
org.jfree.chart.axis.DateAxis.setTimeline,3,0,3
org.jfree.chart.axis.TickUnits.add,1,3,4
org.jfree.data.jdbc.JDBCXYDataset.getSeriesCount,1,0,1
org.jfree.data.time.TimeSeries.findValueRange,2,24,26
org.jfree.chart.ChartPanel.setZoomFillPaint,2,0,2
org.jfree.chart.renderer.xy.CandlestickRenderer.equals,2,24,26
org.jfree.chart.renderer.xy.AbstractXYItemRenderer.drawItemLabel,13,0,13
org.jfree.chart.renderer.xy.XYLineAndShapeRenderer.clone,0,7,7
org.jfree.data.time.Millisecond.compareTo,17,0,17
org.jfree.data.time.Minute.equals,3,7,10
org.jfree.chart.plot.XYPlot.clone,2,38,40
org.jfree.data.xml.CategoryDatasetHandler.startElement,10,0,10
org.jfree.chart.plot.XYPlot.setDomainZeroBaselineVisible,2,0,2
org.jfree.chart.ui.StrokeSample.getListCellRendererComponent,4,0,4
org.jfree.chart.renderer.category.LineAndShapeRenderer.setSeriesLinesVisible,0,3,3
org.jfree.chart.title.PaintScaleLegend.getStripWidth,1,0,1
org.jfree.chart.annotations.XYPolygonAnnotation.readObject,0,4,4
org.jfree.chart.util.SerialUtils.writePaint,1,16,17
org.jfree.data.time.TimeSeriesCollection.getItemCount,0,1,1
org.jfree.chart.ChartPanel.chartProgress,0,0,0
org.jfree.chart.ChartPanel.mouseClicked,18,0,18
org.jfree.data.gantt.TaskSeriesCollection.seriesChanged,0,2,2
org.jfree.chart.plot.SpiderWebPlot.getSeriesOutlinePaint,2,5,7
org.jfree.data.Range.<init>,0,5,5
org.jfree.chart.ChartPanel.isOrsonPDFAvailable,0,4,4
org.jfree.data.xy.DefaultXYZDataset.getYValue,0,2,2
org.jfree.chart.plot.CombinedDomainCategoryPlot.getCategories,0,12,12
org.jfree.chart.ChartPanel.getAnchor,1,0,1
org.jfree.data.xy.XYCoordinate.toString,1,0,1
org.jfree.chart.util.BooleanList.hashCode,1,0,1
org.jfree.chart.renderer.xy.CyclicXYItemRenderer.drawItem,96,0,96
org.jfree.data.gantt.XYTaskDataset.getSeriesStartValue,1,0,1
org.jfree.chart.plot.dial.DialPlot.getViewWidth,1,0,1
org.jfree.chart.renderer.xy.XYBarRenderer.setLegendBar,0,3,3
org.jfree.data.xy.DefaultXYZDataset.removeSeries,0,5,5
org.jfree.chart.plot.Plot.setBackgroundImageAlignment,0,3,3
org.jfree.chart.axis.DateAxis.refreshTicks,0,6,6
org.jfree.data.xy.XYBarDataset.setBarWidth,2,0,2
org.jfree.chart.axis.NumberTickUnitSource.next,2,11,13
org.jfree.chart.renderer.xy.XYLineAndShapeRenderer.getDefaultShapesVisible,1,0,1
org.jfree.data.general.DatasetUtils.createCategoryDataset,16,24,40
org.jfree.chart.axis.CyclicNumberAxis.selectHorizontalAutoTickUnit,3,0,3
org.jfree.chart.plot.CategoryPlot.isDomainCrosshairVisible,0,1,1
org.jfree.chart.axis.Axis.hasListener,0,2,2
org.jfree.chart.axis.CategoryAxis.createLabel,0,2,2
org.jfree.chart.axis.CategoryLabelPosition.getCategoryAnchor,0,1,1
org.jfree.chart.entity.PieSectionEntity.equals,2,12,14
org.jfree.chart.axis.SubCategoryAxis.writeObject,0,2,2
org.jfree.chart.ChartPanel.mouseDragged,46,0,46
org.jfree.data.DefaultKeyedValues.clone,0,5,5
org.jfree.data.xy.XIntervalSeriesCollection.getSeriesCount,0,1,1
org.jfree.chart.plot.PolarPlot.setAngleLabelPaint,0,3,3
org.jfree.chart.renderer.category.CategoryStepRenderer.createState,1,0,1
org.jfree.chart.annotations.AbstractXYAnnotation.hashCode,6,0,6
org.jfree.chart.ui.RectangleInsets.trim,0,7,7
org.jfree.chart.renderer.xy.CandlestickRenderer.setDrawVolume,0,3,3
org.jfree.data.xy.XYSeriesCollection.getStartX,0,1,1
org.jfree.chart.renderer.xy.XYBarRenderer.getGradientPaintTransformer,0,1,1
org.jfree.chart.ui.RectangleInsets.getLeft,0,1,1
org.jfree.chart.StandardChartTheme.applyToSymbolAxis,2,0,2
org.jfree.data.time.TimePeriodValues.getValue,0,1,1
org.jfree.data.KeyedValueComparator.getType,1,0,1
org.jfree.data.xy.DefaultXYDataset.getYValue,0,2,2
org.jfree.chart.plot.dial.DialPlot.getScale,4,0,4
org.jfree.chart.text.TextUtils.setDrawStringsWithFontAttributes,1,0,1
org.jfree.chart.entity.ChartEntity.toString,4,0,4
org.jfree.chart.axis.ValueAxis.isAutoRange,0,1,1
org.jfree.chart.plot.Marker.clone,0,1,1
org.jfree.data.xy.DefaultWindDataset.seriesNameListFromDataArray,0,5,5
org.jfree.data.category.SlidingCategoryDataset.getColumnIndex,0,4,4
org.jfree.chart.annotations.XYShapeAnnotation.clone,0,1,1
org.jfree.chart.renderer.xy.CyclicXYItemRenderer.getX,1,0,1
org.jfree.chart.renderer.xy.CyclicXYItemRenderer.getY,1,0,1
org.jfree.chart.plot.PiePlot.setDirection,0,3,3
org.jfree.chart.needle.LongNeedle.clone,0,1,1
org.jfree.chart.imagemap.DynamicDriveToolTipTagFragmentGenerator.generateToolTipFragment,1,0,1
org.jfree.chart.plot.ThermometerPlot.setMercuryPaint,0,3,3
org.jfree.chart.axis.Axis.setLabelInsets,0,6,6
org.jfree.chart.entity.PieSectionEntity.setSectionIndex,0,1,1
org.jfree.chart.StandardChartTheme.readObject,0,21,21
org.jfree.data.time.FixedMillisecond.getSerialIndex,1,0,1
org.jfree.chart.ChartPanel.setMouseWheelEnabled,0,5,5
org.jfree.chart.plot.XYPlot.setDomainCrosshairPaint,0,3,3
org.jfree.chart.util.HexNumberFormat.parse,1,0,1
org.jfree.data.general.DatasetUtils.findMinimumDomainValue,16,5,21
org.jfree.chart.block.AbstractBlock.equals,0,20,20
org.jfree.chart.axis.SubCategoryAxis.reserveSpace,4,7,11
org.jfree.chart.labels.AbstractXYItemLabelGenerator.getFormatString,0,1,1
org.jfree.chart.plot.Plot.setNoDataMessage,0,2,2
org.jfree.chart.labels.StandardXYZToolTipGenerator.createItemArray,17,0,17
org.jfree.chart.ui.GradientPaintTransformType.readResolve,2,8,10
org.jfree.chart.plot.PiePlot.lookupSectionOutlineStroke,6,6,12
org.jfree.data.xy.XYSeriesCollection.getDomainUpperBound,10,2,12
org.jfree.chart.JFreeChart.getPadding,1,0,1
org.jfree.data.xy.XYSeriesCollection.getStartY,0,1,1
org.jfree.chart.plot.MeterPlot.drawTick,1,31,32
org.jfree.chart.axis.DateTick.hashCode,0,1,1
org.jfree.chart.title.PaintScaleLegend.setStripWidth,0,2,2
org.jfree.data.json.impl.JSONStreamAware.null,0,0,0
org.jfree.chart.ChartMouseEvent.getEntity,1,0,1
org.jfree.chart.annotations.XYDataImageAnnotation.readObject,1,0,1
org.jfree.chart.plot.dial.StandardDialFrame.setRadius,1,3,4
org.jfree.chart.entity.PieSectionEntity.setPieIndex,0,1,1
org.jfree.chart.plot.dial.StandardDialScale.getMinorTickLength,1,0,1
org.jfree.chart.servlet.ChartDeleter.addChart,1,0,1
org.jfree.chart.renderer.xy.HighLowRenderer.clone,0,1,1
org.jfree.data.general.DatasetUtils.iterateToFindZBounds,20,0,20
org.jfree.chart.ChartPanel.setVerticalAxisTrace,1,0,1
org.jfree.chart.renderer.WaferMapRenderer.getDrawingSupplier,5,0,5
org.jfree.chart.renderer.category.AbstractCategoryItemRenderer.getLegendItemLabelGenerator,0,1,1
org.jfree.chart.encoders.SunJPEGEncoderAdapter.isEncodingAlpha,1,0,1
org.jfree.chart.renderer.xy.XYBubbleRenderer.<init>,1,5,6
org.jfree.chart.plot.Plot.setNoDataMessagePaint,0,3,3
org.jfree.chart.util.RelativeDateFormat.setHourFormatter,0,2,2
org.jfree.chart.util.AttrStringUtils.drawRotatedString,15,0,15
org.jfree.chart.plot.PolarPlot.calculateTextAnchor,24,0,24
org.jfree.chart.JFreeChart.setBackgroundPaint,3,4,7
org.jfree.data.statistics.DefaultBoxAndWhiskerXYDataset.getXDate,1,0,1
org.jfree.chart.plot.PiePlot.getSectionOutlinesVisible,1,0,1
org.jfree.chart.annotations.XYPointerAnnotation.setArrowLength,0,2,2
org.jfree.chart.editor.DefaultValueAxisEditor.attemptGridStrokeSelection,4,0,4
org.jfree.data.time.TimeSeries.hashCode,0,17,17
org.jfree.chart.plot.dial.DialCap.setOutlinePaint,0,3,3
org.jfree.chart.text.TextBox.setBackgroundPaint,0,1,1
org.jfree.chart.plot.CategoryCrosshairState.setRowKey,0,1,1
org.jfree.data.time.TimeTableXYDataset.getSeriesKey,1,0,1
org.jfree.data.category.SlidingCategoryDataset.getRowCount,0,1,1
org.jfree.data.xy.DefaultHighLowDataset.getVolume,1,0,1
org.jfree.data.xy.NormalizedMatrixSeries.getItem,5,0,5
org.jfree.chart.annotations.CategoryTextAnnotation.clone,0,1,1
org.jfree.chart.plot.dial.AbstractDialLayer.notifyListeners,0,4,4
org.jfree.chart.renderer.xy.XYBlockRenderer.findRangeBounds,1,5,6
org.jfree.chart.plot.SeriesRenderingOrder.equals,2,6,8
org.jfree.chart.StrokeMap.writeObject,0,9,9
org.jfree.chart.renderer.DefaultPolarItemRenderer.getLegendItemToolTipGenerator,0,1,1
org.jfree.chart.text.AttributedStringUtils.equal,2,23,25
org.jfree.chart.renderer.RendererUtils.findLiveItemsUpperBound,2,45,47
org.jfree.chart.block.RectangleConstraint.toFixedWidth,0,1,1
org.jfree.chart.text.TextBlock.calculateOffsets,2,14,16
org.jfree.data.xy.YInterval.getYHigh,0,1,1
org.jfree.data.time.TimePeriodValues.createCopy,1,9,10
org.jfree.chart.ChartFactory.createStackedXYAreaChart,3,18,21
org.jfree.chart.axis.ValueTick.getValue,0,1,1
org.jfree.chart.ChartFactory.createWindPlot,12,0,12
org.jfree.chart.renderer.category.ScatterRenderer.setUseOutlinePaint,0,2,2
org.jfree.chart.annotations.TextAnnotation.getPaint,0,1,1
org.jfree.chart.plot.PiePlot.getShadowGenerator,0,1,1
org.jfree.chart.plot.CombinedRangeXYPlot.<init>,0,3,3
org.jfree.chart.plot.CategoryPlot.getFixedRangeAxisSpace,0,1,1
org.jfree.chart.axis.DateAxis.estimateMaximumTickLabelWidth,3,19,22
org.jfree.data.time.TimePeriodValues.setDomainDescription,0,3,3
org.jfree.data.time.TimeSeriesTableModel.getRowCount,1,0,1
org.jfree.chart.axis.PeriodAxis.getLast,1,0,1
org.jfree.chart.plot.dial.ArcDialFrame.setExtent,0,2,2
org.jfree.chart.plot.PiePlot.draw,11,19,30
org.jfree.chart.encoders.EncoderUtil.encode,8,0,8
org.jfree.data.gantt.SlidingGanttCategoryDataset.getRowIndex,1,0,1
org.jfree.chart.annotations.XYDrawableAnnotation.hashCode,0,11,11
org.jfree.chart.axis.ValueAxis.<init>,0,35,35
org.jfree.chart.axis.MonthDateFormat.format,6,0,6
org.jfree.chart.labels.StandardCrosshairLabelGenerator.getLabelTemplate,1,0,1
org.jfree.data.statistics.BoxAndWhiskerItem.getQ3,0,1,1
org.jfree.chart.title.Title.getNotify,1,0,1
org.jfree.data.time.TimeSeries.setMaximumItemCount,1,5,6
org.jfree.chart.StandardChartTheme.getBaselinePaint,1,0,1
org.jfree.data.xy.OHLCDataItem.<init>,0,7,7
org.jfree.chart.axis.CyclicNumberAxis.java2DToValue,20,0,20
org.jfree.chart.axis.TickUnit.compareTo,1,7,8
org.jfree.data.statistics.BoxAndWhiskerItem.getQ1,0,1,1
org.jfree.chart.plot.CategoryPlot.drawRangeCrosshair,11,0,11
org.jfree.data.xy.DefaultXYZDataset.hashCode,4,0,4
org.jfree.data.time.Second.equals,5,9,14
org.jfree.data.statistics.DefaultStatisticalCategoryDataset.getStdDevValue,0,10,10
org.jfree.chart.plot.PolarPlot.setAngleGridlineStroke,0,2,2
org.jfree.chart.renderer.AbstractRenderer.setDefaultFillPaint,0,5,5
org.jfree.chart.plot.CategoryPlot.getRenderer,0,5,5
org.jfree.chart.plot.DialShape.<init>,0,1,1
org.jfree.chart.plot.Marker.writeObject,0,6,6
org.jfree.chart.plot.Plot.getRootPlot,4,0,4
org.jfree.chart.renderer.category.WaterfallBarRenderer.getFirstBarPaint,1,0,1
org.jfree.chart.HashUtils.hashCodeForPaint,6,6,12
org.jfree.data.time.TimePeriodValues.setRangeDescription,0,3,3
org.jfree.chart.axis.LogarithmicAxis.setExpTickLabelsFlag,2,0,2
org.jfree.chart.encoders.ImageEncoderFactory.setImageEncoder,1,0,1
org.jfree.chart.axis.NumberAxis.autoAdjustRange,17,33,50
org.jfree.chart.plot.dial.ArcDialFrame.getStartAngle,1,0,1
org.jfree.chart.plot.CategoryPlot.getDataRange,0,12,12
org.jfree.chart.renderer.category.BoxAndWhiskerRenderer.drawHorizontalItem,26,37,63
org.jfree.chart.util.ShapeUtils.<init>,0,0,0
org.jfree.chart.util.ShapeUtils.equal,31,44,75
org.jfree.chart.editor.DefaultAxisEditor.attemptTickLabelFontSelection,5,0,5
org.jfree.chart.plot.Crosshair.writeObject,0,7,7
org.jfree.data.xy.YIntervalSeriesCollection.addSeries,0,4,4
org.jfree.chart.block.LengthConstraintType.hashCode,1,0,1
org.jfree.data.xy.DefaultTableXYDataset.isAutoPrune,1,0,1
org.jfree.chart.text.TextFragment.<init>,4,9,13
org.jfree.chart.StandardChartTheme.setBarPainter,0,2,2
org.jfree.data.time.DynamicTimeSeriesCollection.getItemCount,1,0,1
org.jfree.chart.annotations.CategoryTextAnnotation.setValue,0,2,2
org.jfree.chart.renderer.LookupPaintScale.compareTo,0,8,8
org.jfree.chart.axis.CyclicNumberAxis.equals,3,17,20
org.jfree.chart.title.LegendGraphic.equals,1,31,32
org.jfree.chart.plot.dial.DialCap.setOutlineStroke,0,3,3
org.jfree.chart.annotations.XYPointerAnnotation.setLabelOffset,0,2,2
org.jfree.chart.encoders.EncoderUtil.writeBufferedImage,8,0,8
org.jfree.data.time.ohlc.OHLCItem.getCloseValue,1,3,4
org.jfree.chart.renderer.DefaultPolarItemRenderer.setFillComposite,3,0,3
org.jfree.data.xy.IntervalXYDelegate.getEndXValue,1,0,1
org.jfree.chart.plot.dial.StandardDialScale.getTickRadius,1,0,1
org.jfree.chart.title.Title.getHorizontalAlignment,0,1,1
org.jfree.data.xy.YIntervalSeriesCollection.<init>,0,1,1
org.jfree.chart.renderer.xy.XYBlockRenderer.getBlockAnchor,1,0,1
org.jfree.data.time.Week.<init>,10,17,27
org.jfree.data.xy.XYSeriesCollection.setIntervalPositionFactor,0,2,2
org.jfree.chart.plot.XYPlot.isRangeZeroBaselineVisible,0,1,1
org.jfree.chart.plot.CategoryPlot.setColumnRenderingOrder,0,3,3
org.jfree.chart.urls.CustomXYURLGenerator.equals,6,15,21
org.jfree.chart.axis.CyclicNumberAxis.getOffset,1,0,1
org.jfree.chart.plot.CategoryPlot.getFixedDomainAxisSpace,0,1,1
org.jfree.data.general.DatasetUtils.findMinimumStackedRangeValue,0,19,19
org.jfree.chart.annotations.XYDrawableAnnotation.draw,16,0,16
org.jfree.chart.renderer.xy.XYBoxAndWhiskerRenderer.drawEllipse,2,0,2
org.jfree.chart.renderer.category.LevelRenderer.setItemMargin,0,2,2
org.jfree.chart.plot.dial.DialPlot.mapDatasetToScale,2,0,2
org.jfree.chart.axis.LogAxis.refreshTicksVertical,28,0,28
org.jfree.chart.date.SpreadsheetDate.getDayOfWeek,1,0,1
org.jfree.chart.plot.CategoryPlot.setWeight,0,2,2
org.jfree.chart.renderer.category.AbstractCategoryItemRenderer.drawItemLabel,13,0,13
org.jfree.chart.urls.CategoryURLGenerator.null,0,0,0
org.jfree.chart.plot.XYPlot.clearRangeAxes,5,0,5
org.jfree.data.statistics.DefaultStatisticalCategoryDataset.<init>,0,13,13
org.jfree.chart.renderer.AbstractRenderer.setAutoPopulateSeriesShape,0,1,1
org.jfree.chart.text.TextUtils.createTextBlock,10,41,51
org.jfree.data.xy.XYIntervalSeriesCollection.getStartY,1,0,1
org.jfree.chart.needle.ShipNeedle.drawNeedle,11,0,11
org.jfree.chart.plot.Plot.getOutlineStroke,1,0,1
org.jfree.data.xy.XYIntervalSeriesCollection.getStartX,1,0,1
org.jfree.chart.ui.Size2D.getHeight,0,1,1
org.jfree.data.xy.DefaultHighLowDataset.getLow,1,0,1
org.jfree.data.statistics.HistogramDataset.getMinimum,1,6,7
org.jfree.chart.renderer.AbstractRenderer.setSeriesStroke,0,4,4
org.jfree.chart.ChartPanel.setEnforceFileExtensions,1,0,1
org.jfree.chart.renderer.xy.XYAreaRenderer.isOutline,0,1,1
org.jfree.chart.axis.LogAxis.selectHorizontalAutoTickUnit,5,17,22
org.jfree.chart.plot.PolarPlot.setAngleLabelsVisible,0,3,3
org.jfree.chart.annotations.XYTextAnnotation.setFont,0,3,3
org.jfree.data.RangeType.toString,0,1,1
org.jfree.chart.plot.FastScatterPlot.setRangeGridlinesVisible,0,3,3
org.jfree.chart.renderer.category.LineAndShapeRenderer.<init>,0,13,13
org.jfree.chart.axis.Axis.setAxisLineStroke,0,3,3
org.jfree.chart.plot.dial.DialTextAnnotation.getLabel,1,0,1
org.jfree.chart.ChartUtils.saveChartAsJPEG,14,0,14
org.jfree.chart.title.Title.setVisible,0,2,2
org.jfree.chart.axis.ExtendedCategoryAxis.createLabel,11,0,11
org.jfree.chart.plot.Plot.setNotify,0,3,3
org.jfree.chart.StandardChartTheme.getCrosshairPaint,1,0,1
org.jfree.chart.block.AbstractBlock.getHeight,0,1,1
org.jfree.chart.ChartUtils.writeImageMap,6,0,6
org.jfree.chart.ui.FontChooserPanel.<init>,27,0,27
org.jfree.chart.ChartPanel.getEntityForPoint,8,0,8
org.jfree.data.KeyedObjects.clear,1,0,1
org.jfree.data.time.ohlc.OHLCSeriesCollection.<init>,0,1,1
org.jfree.chart.entity.AxisEntity.readObject,2,0,2
org.jfree.data.gantt.SlidingGanttCategoryDataset.equals,2,10,12
org.jfree.chart.util.AbstractObjectList.clone,0,5,5
org.jfree.chart.renderer.GrayPaintScale.getLowerBound,0,1,1
org.jfree.data.RangeType.equals,0,8,8
org.jfree.chart.plot.dial.ArcDialFrame.getBackgroundPaint,1,0,1
org.jfree.data.KeyedValuesItemKey.getKey,1,0,1
org.jfree.chart.renderer.xy.XYBarRenderer.setDefaultShadowsVisible,1,0,1
org.jfree.chart.axis.CategoryAxis.calculateCategorySize,0,11,11
org.jfree.chart.renderer.xy.XYErrorRenderer.setDrawYError,0,3,3
org.jfree.chart.plot.PiePlot.lookupSectionOutlinePaint,6,6,12
org.jfree.chart.ui.TextAnchor.isRight,0,1,1
org.jfree.data.xy.VectorSeriesCollection.getYValue,3,0,3
org.jfree.chart.plot.Crosshair.isVisible,1,0,1
org.jfree.chart.labels.StandardXYZToolTipGenerator.generateToolTip,1,0,1
org.jfree.chart.axis.PeriodAxis.draw,12,0,12
org.jfree.chart.renderer.xy.XYStepRenderer.equals,2,6,8
org.jfree.data.time.TimeTableXYDataset.getTimePeriod,0,1,1
org.jfree.chart.renderer.xy.XYShapeRenderer.getUseOutlinePaint,1,0,1
org.jfree.chart.plot.CategoryPlot.getDomainAxisEdge,1,6,7
org.jfree.chart.block.BlockContainer.getArrangement,1,0,1
org.jfree.chart.annotations.XYPointerAnnotation.draw,46,0,46
org.jfree.data.xy.DefaultWindDataset.getWindForce,4,0,4
org.jfree.chart.event.ChartProgressEvent.setType,1,0,1
org.jfree.chart.PaintMap.readObject,0,7,7
org.jfree.chart.StandardChartTheme.getXYBarPainter,1,0,1
org.jfree.chart.StrokeMap.getStroke,0,2,2
org.jfree.chart.axis.SubCategoryAxis.setSubLabelPaint,0,3,3
org.jfree.chart.title.LegendTitle.getItemFont,1,0,1
org.jfree.chart.ChartFrame.getChartPanel,1,0,1
org.jfree.data.xy.XYItemKey.<init>,3,0,3
org.jfree.chart.block.FlowArrangement.add,0,0,0
org.jfree.chart.LegendItem.getDescription,1,0,1
org.jfree.chart.renderer.xy.XYLineAndShapeRenderer.setUseOutlinePaint,0,2,2
org.jfree.chart.annotations.XYPointerAnnotation.setBaseRadius,0,2,2
org.jfree.chart.StandardChartTheme.setTickLabelPaint,0,2,2
org.jfree.chart.plot.dial.DialPlot.readObject,0,1,1
org.jfree.chart.axis.LogAxis.selectAutoTickUnit,2,2,4
org.jfree.data.time.TimeTableXYDataset.clone,0,4,4
org.jfree.chart.block.BlockParams.<init>,0,3,3
org.jfree.chart.labels.IntervalCategoryToolTipGenerator.createItemArray,19,0,19
org.jfree.chart.renderer.xy.AbstractXYItemRenderer.drawRangeLine,2,14,16
org.jfree.chart.plot.XYPlot.getDatasetsMappedToRangeAxis,0,11,11
org.jfree.chart.encoders.SunJPEGEncoderAdapter.encode,16,0,16
org.jfree.chart.needle.PinNeedle.hashCode,1,0,1
org.jfree.chart.labels.AbstractCategoryItemLabelGenerator.generateRowLabel,1,0,1
org.jfree.chart.axis.Tick.getTextAnchor,0,1,1
org.jfree.data.xy.XYDataItem.toString,1,0,1
org.jfree.chart.renderer.xy.StandardXYItemRenderer.setGapThresholdType,0,3,3
org.jfree.data.xy.IntervalXYDelegate.equals,2,10,12
org.jfree.chart.event.MarkerChangeEvent.<init>,0,2,2
org.jfree.chart.plot.dial.DialValueIndicator.setFrameAnchor,0,3,3
org.jfree.data.xy.CategoryTableXYDataset.remove,4,0,4
org.jfree.chart.renderer.category.ScatterRenderer.drawItem,36,0,36
org.jfree.chart.annotations.CategoryPointerAnnotation.clone,0,1,1
org.jfree.chart.renderer.DefaultPolarItemRenderer.readObject,0,3,3
org.jfree.chart.axis.ValueAxis.isNegativeArrowVisible,1,0,1
org.jfree.data.KeyedObjects2D.getRowKeys,0,1,1
org.jfree.chart.renderer.category.BoxAndWhiskerRenderer.setArtifactPaint,0,3,3
org.jfree.chart.labels.SymbolicXYItemLabelGenerator.generateLabel,1,0,1
org.jfree.chart.plot.CombinedRangeXYPlot.equals,2,8,10
org.jfree.chart.StandardChartTheme.getExtraLargeFont,1,0,1
org.jfree.chart.plot.ValueMarker.equals,1,9,10
org.jfree.chart.renderer.AbstractRenderer.isItemLabelVisible,0,1,1
org.jfree.chart.plot.SpiderWebPlot.getStartAngle,0,1,1
org.jfree.chart.plot.CombinedRangeXYPlot.setGap,0,1,1
org.jfree.chart.renderer.xy.DeviationRenderer.equals,2,6,8
org.jfree.data.time.TimeSeriesCollection.getEndX,2,0,2
org.jfree.data.time.TimeSeriesCollection.getEndY,0,1,1
org.jfree.chart.plot.SpiderWebPlot.setStartAngle,0,2,2
org.jfree.chart.renderer.xy.YIntervalRenderer.clone,0,1,1
org.jfree.chart.plot.CategoryPlot.setRangeMinorGridlinePaint,0,3,3
org.jfree.chart.plot.SpiderWebPlot.getLegendItemShape,0,1,1
org.jfree.chart.renderer.xy.XYBlockRenderer.getBlockWidth,1,0,1
org.jfree.chart.util.RelativeDateFormat.getSecondSuffix,0,1,1
org.jfree.chart.renderer.xy.CyclicXYItemRenderer.addChangeListener,0,0,0
org.jfree.data.xy.DefaultTableXYDataset.getSeries,0,3,3
org.jfree.chart.StandardChartTheme.applyToCategoryPlot,12,22,34
org.jfree.data.xy.CategoryTableXYDataset.getStartY,1,0,1
org.jfree.data.xy.CategoryTableXYDataset.getStartX,0,1,1
org.jfree.chart.title.TextTitle.setURLText,0,2,2
org.jfree.chart.axis.SymbolAxis.getSymbols,3,0,3
org.jfree.chart.axis.TickUnit.getMinorTickCount,0,1,1
org.jfree.chart.plot.ThermometerPlot.inSubrange,1,0,1
org.jfree.chart.plot.AbstractPieLabelDistributor.getPieLabelRecord,0,1,1
org.jfree.chart.renderer.xy.StackedXYAreaRenderer.setLastSeriesPoints,0,1,1
org.jfree.chart.labels.CrosshairLabelGenerator.null,0,0,0
org.jfree.data.xy.YIntervalSeriesCollection.removeSeries,5,6,11
org.jfree.chart.StandardChartTheme.getPlotBackgroundPaint,1,0,1
org.jfree.chart.renderer.category.StatisticalLineAndShapeRenderer.readObject,0,3,3
org.jfree.chart.axis.CyclicNumberAxis.readObject,0,3,3
org.jfree.chart.annotations.AbstractXYAnnotation.equals,4,6,10
org.jfree.chart.renderer.xy.AbstractXYItemRenderer.getLegendItems,13,0,13
org.jfree.data.time.TimePeriodValues.equals,2,16,18
org.jfree.chart.imagemap.ImageMapUtils.htmlEscape,0,19,19
org.jfree.chart.axis.CategoryLabelWidthType.toString,0,1,1
org.jfree.chart.axis.CategoryAxis.getCategoryLabelPositions,1,0,1
org.jfree.data.statistics.Statistics.calculateMean,0,33,33
org.jfree.data.xy.XYDatasetTableModel.getColumnName,5,0,5
org.jfree.chart.axis.SymbolAxis.valueToString,5,0,5
org.jfree.data.time.TimeTableXYDataset.getDomainBounds,8,0,8
org.jfree.chart.renderer.xy.XYDotRenderer.getLegendItem,5,22,27
org.jfree.chart.renderer.xy.XYLineAndShapeRenderer.getItemShapeVisible,1,3,4
org.jfree.chart.plot.dial.DialPointer.equals,8,24,32
org.jfree.chart.text.TextBox.setOutlinePaint,0,1,1
org.jfree.chart.axis.ModuloAxis.autoAdjustRange,1,0,1
org.jfree.chart.plot.ThermometerPlot.getBulbDiameter,1,0,1
org.jfree.data.xy.XYIntervalSeries.getYValue,0,2,2
org.jfree.chart.plot.MeterPlot.getTickLabelPaint,1,0,1
org.jfree.chart.util.AbstractObjectList.hashCode,1,0,1
org.jfree.chart.date.SerialDate.stringToWeekdayCode,12,0,12
org.jfree.data.xy.OHLCDataItem.getHigh,0,1,1
org.jfree.chart.StandardChartTheme.getLabelLinkPaint,1,0,1
org.jfree.chart.renderer.xy.StackedXYBarRenderer.equals,2,6,8
org.jfree.data.time.TimePeriodValues.getMinEndIndex,0,1,1
org.jfree.chart.ui.RectangleInsets.calculateLeftOutset,1,3,4
org.jfree.chart.renderer.xy.XYBlockRenderer.setPaintScale,0,3,3
org.jfree.data.time.Minute.getHour,0,1,1
org.jfree.chart.plot.dial.AbstractDialLayer.equals,2,4,6
org.jfree.chart.renderer.xy.StandardXYItemRenderer.setDrawSeriesLineAsPath,0,1,1
org.jfree.chart.renderer.category.StackedAreaRenderer.getStackValues,17,0,17
org.jfree.chart.renderer.category.LevelRenderer.<init>,0,5,5
org.jfree.chart.plot.RingPlot.getInnerSeparatorExtension,1,0,1
org.jfree.chart.util.Args.requireInRange,1,1,2
org.jfree.data.xy.YIntervalSeriesCollection.getYValue,0,2,2
org.jfree.chart.StandardChartTheme.applyToBlockContainer,4,0,4
org.jfree.data.time.TimeTableXYDataset.setXPosition,3,0,3
org.jfree.chart.plot.CategoryPlot.datasetChanged,0,8,8
org.jfree.chart.axis.DateAxis.toMillisecond,0,1,1
org.jfree.chart.plot.PiePlot3D.getPlotType,1,0,1
org.jfree.chart.renderer.category.AbstractCategoryItemRenderer.setLegendItemLabelGenerator,0,3,3
org.jfree.chart.renderer.AbstractRenderer.setSeriesItemLabelsVisible,1,4,5
org.jfree.chart.text.TextBox.getTextBlock,1,0,1
org.jfree.chart.axis.Axis.getTickMarkInsideLength,0,1,1
org.jfree.chart.LegendItem.isShapeVisible,0,1,1
org.jfree.chart.editor.DefaultPlotEditor.attemptDrawShapesSelection,1,0,1
org.jfree.chart.title.CompositeTitle.equals,2,8,10
org.jfree.chart.plot.PlotRenderingInfo.getOwner,0,1,1
org.jfree.chart.plot.CategoryPlot.setDomainGridlinePosition,0,3,3
org.jfree.data.xy.XYDataset.null,0,0,0
org.jfree.data.json.impl.JSONArray.writeJSONString,17,0,17
org.jfree.data.xy.XYCoordinate.equals,1,9,10
org.jfree.data.DefaultKeyedValues2D.<init>,0,5,5
org.jfree.chart.annotations.XYDataImageAnnotation.equals,20,0,20
org.jfree.chart.ChartPanel.<init>,3,34,37
org.jfree.chart.ChartPanel.isMouseWheelEnabled,0,1,1
org.jfree.chart.renderer.xy.HighLowRenderer.drawItem,67,0,67
org.jfree.chart.labels.ItemLabelPosition.equals,3,11,14
org.jfree.data.statistics.DefaultBoxAndWhiskerXYDataset.getSeriesCount,0,1,1
org.jfree.chart.plot.CategoryPlot.getRangeMinorGridlinePaint,1,0,1
org.jfree.chart.plot.RingPlot.setInnerSeparatorExtension,0,2,2
org.jfree.chart.PaintMap.put,0,2,2
org.jfree.data.xy.OHLCDataItem.compareTo,1,3,4
org.jfree.chart.axis.CategoryAxis.draw,2,11,13
org.jfree.chart.panel.AbstractOverlay.fireOverlayChanged,0,2,2
org.jfree.chart.axis.DateAxis.getTickUnit,0,1,1
org.jfree.chart.renderer.xy.XYErrorRenderer.setErrorPaint,0,2,2
org.jfree.chart.plot.CombinedDomainXYPlot.handleClick,6,0,6
org.jfree.chart.plot.CombinedRangeXYPlot.add,2,11,13
org.jfree.chart.renderer.category.MinMaxCategoryRenderer.setMinIcon,3,0,3
org.jfree.data.time.Millisecond.getSecond,0,1,1
org.jfree.chart.plot.SpiderWebPlot.getMaxValue,1,0,1
org.jfree.data.xy.DefaultWindDataset.compareTo,2,6,8
org.jfree.chart.renderer.category.BoxAndWhiskerRenderer.findRangeBounds,0,1,1
org.jfree.chart.plot.PiePlot.getMaximumExplodePercent,1,9,10
org.jfree.data.time.TimeSeries.getIndex,0,3,3
org.jfree.data.time.Hour.next,1,7,8
org.jfree.chart.renderer.xy.GradientXYBarPainter.paintBarShadow,8,0,8
org.jfree.chart.annotations.XYPointerAnnotation.getBaseRadius,1,0,1
org.jfree.chart.plot.dial.DialPointer.setStroke,0,3,3
org.jfree.chart.renderer.DefaultPolarItemRenderer.setPlot,0,1,1
org.jfree.chart.axis.ValueAxis.pan,6,0,6
org.jfree.chart.plot.XYPlot.getRangeGridlinePaint,0,1,1
org.jfree.chart.plot.PiePlot.setLabelFont,0,3,3
org.jfree.chart.axis.NumberTickUnit.toString,1,0,1
org.jfree.chart.ChartPanel.zoomOutRange,0,7,7
org.jfree.data.general.ValueDataset.null,0,0,0
org.jfree.chart.renderer.xy.StandardXYItemRenderer.drawItem,50,44,94
org.jfree.chart.plot.ThermometerPlot.setSubrange,0,3,3
org.jfree.data.xy.NormalizedMatrixSeries.update,3,0,3
org.jfree.chart.renderer.xy.XYBlockRenderer.getPaintScale,0,1,1
org.jfree.chart.text.TextLine.draw,2,12,14
org.jfree.chart.renderer.xy.XYAreaRenderer2.setOutline,0,2,2
org.jfree.chart.annotations.AbstractXYAnnotation.addEntity,5,2,7
org.jfree.data.time.TimePeriodValuesCollection.getSeriesKey,1,0,1
org.jfree.chart.plot.PolarPlot.getIndexOf,0,1,1
org.jfree.chart.plot.dial.DialPlot.removeLayer,0,6,6
org.jfree.chart.plot.PiePlot3D.<init>,0,3,3
org.jfree.chart.util.ExportUtils.isJFreeSVGAvailable,4,0,4
org.jfree.chart.plot.CombinedDomainCategoryPlot.setFixedRangeAxisSpaceForSubplots,0,4,4
org.jfree.chart.axis.CategoryLabelPositions.hashCode,0,6,6
org.jfree.data.general.Series.notifyListeners,0,4,4
org.jfree.chart.block.GridArrangement.arrangeFF,0,12,12
org.jfree.chart.plot.XYPlot.removeDomainMarker,5,8,13
org.jfree.chart.axis.ModuloAxis.transStart,11,0,11
org.jfree.chart.plot.RingPlot.setCenterText,0,2,2
org.jfree.chart.renderer.category.AbstractCategoryItemRenderer.drawRangeMarker,86,13,99
org.jfree.chart.block.GridArrangement.arrangeFR,0,7,7
org.jfree.data.time.DynamicTimeSeriesCollection.getEndY,1,0,1
org.jfree.chart.plot.dial.StandardDialScale.setUpperBound,2,0,2
org.jfree.chart.axis.CategoryTick.getLabel,0,1,1
org.jfree.chart.axis.TickUnits.<init>,0,1,1
org.jfree.chart.axis.SymbolAxis.refreshTicks,6,0,6
org.jfree.data.time.DynamicTimeSeriesCollection.getEndX,2,0,2
org.jfree.data.xy.YWithXInterval.equals,2,10,12
org.jfree.chart.plot.PolarPlot.clone,5,20,25
org.jfree.chart.block.GridArrangement.arrangeFN,0,15,15
org.jfree.chart.util.TableOrder.toString,1,0,1
org.jfree.data.KeyedObjects2D.hashCode,5,0,5
org.jfree.chart.plot.CombinedDomainCategoryPlot.getSubplots,1,2,3
org.jfree.chart.plot.FastScatterPlot.drawRangeGridlines,1,12,13
org.jfree.chart.renderer.category.AreaRenderer.setEndType,0,3,3
org.jfree.data.general.DatasetUtils.createConsolidatedPieDataset,0,25,25
org.jfree.chart.axis.DateAxis.nextStandardDate,0,5,5
org.jfree.chart.plot.PiePlot.getShadowXOffset,1,0,1
org.jfree.data.xml.ItemHandler.setKey,1,0,1
org.jfree.data.jdbc.JDBCXYDataset.executeQuery,113,0,113
org.jfree.chart.plot.CombinedRangeCategoryPlot.setShadowGenerator,7,0,7
org.jfree.chart.plot.PolarPlot.zoomRangeAxes,10,0,10
org.jfree.chart.plot.CombinedRangeXYPlot.getDataRange,0,7,7
org.jfree.chart.axis.CategoryAxis.equalPaintMaps,0,11,11
org.jfree.data.KeyedValuesItemKey.toJSONString,3,0,3
org.jfree.chart.plot.Crosshair.setLabelOutlineStroke,0,4,4
org.jfree.chart.plot.Plot.setBackgroundPaint,4,5,9
org.jfree.chart.axis.DateTickMarkPosition.equals,0,8,8
org.jfree.chart.block.LengthConstraintType.toString,1,0,1
org.jfree.chart.renderer.xy.XYSplineRenderer.<init>,2,7,9
org.jfree.chart.plot.dial.StandardDialScale.getUpperBound,1,0,1
org.jfree.chart.plot.PiePlot.setLabelPaint,0,3,3
org.jfree.data.general.DatasetUtils.findMaximumDomainValue,16,5,21
org.jfree.chart.block.BlockContainer.<init>,0,4,4
org.jfree.data.category.CategoryToPieDataset.getExtractIndex,0,1,1
org.jfree.chart.plot.PolarPlot.indexOf,6,0,6
org.jfree.chart.title.LegendTitle.equals,4,22,26
org.jfree.chart.renderer.xy.GradientXYBarPainter.splitHorizontalBar,10,0,10
org.jfree.chart.plot.PiePlot.initialise,0,6,6
org.jfree.chart.plot.PiePlot.equals,4,96,100
org.jfree.chart.plot.CategoryCrosshairState.getColumnKey,0,1,1
org.jfree.data.time.Hour.compareTo,10,0,10
org.jfree.data.xy.DefaultOHLCDataset.getLow,0,1,1
org.jfree.chart.plot.CategoryPlot.getRangeZeroBaselinePaint,1,0,1
org.jfree.chart.renderer.AbstractRenderer.addChangeListener,0,2,2
org.jfree.chart.renderer.WaferMapRenderer.makeValueIndex,12,0,12
org.jfree.data.general.WaferMapDataset.getUniqueValues,7,0,7
org.jfree.chart.plot.dial.ArcDialFrame.<init>,0,8,8
org.jfree.data.time.Millisecond.getSerialIndex,0,4,4
org.jfree.chart.plot.RingPlot.getSectionDepth,1,0,1
org.jfree.chart.block.GridArrangement.arrangeRN,1,6,7
org.jfree.chart.block.GridArrangement.arrangeRR,8,7,15
org.jfree.chart.renderer.xy.XYLineAndShapeRenderer.startSeriesPass,0,3,3
org.jfree.chart.block.GridArrangement.arrangeRF,1,6,7
org.jfree.chart.block.LabelBlock.getToolTipText,1,0,1
org.jfree.chart.renderer.category.BarRenderer.getShadowsVisible,0,1,1
org.jfree.data.category.SlidingCategoryDataset.getFirstCategoryIndex,1,0,1
org.jfree.chart.plot.DialShape.equals,3,5,8
org.jfree.data.xy.XYBarDataset.getStartYValue,1,0,1
org.jfree.data.xy.XYIntervalSeriesCollection.getSeries,0,3,3
org.jfree.data.ComparableObjectItem.hashCode,0,4,4
org.jfree.chart.ui.FontDisplayField.setDisplayFont,2,0,2
org.jfree.chart.axis.Axis.hashCode,0,4,4
org.jfree.chart.plot.SpiderWebPlot.writeObject,0,11,11
org.jfree.chart.renderer.category.BoxAndWhiskerRenderer.drawItem,2,7,9
org.jfree.chart.plot.dial.DialValueIndicator.getBackgroundPaint,1,0,1
org.jfree.chart.ChartPanel.setDefaultDirectoryForSaveAs,4,0,4
org.jfree.data.statistics.DefaultBoxAndWhiskerCategoryDataset.getRowKey,0,1,1
org.jfree.chart.LegendItem.getLabelFont,0,1,1
org.jfree.chart.plot.PlotOrientation.isVertical,0,1,1
org.jfree.chart.renderer.category.GroupedStackedBarRenderer.<init>,0,2,2
org.jfree.chart.axis.CategoryAxis.writeObject,0,2,2
org.jfree.chart.plot.PiePlotState.getPieArea,0,1,1
org.jfree.data.time.ohlc.OHLCSeriesCollection.removeSeries,0,9,9
org.jfree.chart.renderer.category.StatisticalBarRenderer.getErrorIndicatorPaint,1,0,1
org.jfree.chart.renderer.xy.StackedXYAreaRenderer2.findRangeBounds,0,13,13
org.jfree.chart.axis.ValueAxis.resizeRange2,6,0,6
org.jfree.chart.plot.ThermometerPlot.getDataRange,0,1,1
org.jfree.data.time.DynamicTimeSeriesCollection.getSeriesKey,1,0,1
org.jfree.chart.JFreeChart.setRenderingHints,0,3,3
org.jfree.chart.ui.RectangleEdge.coordinate,3,7,10
org.jfree.chart.util.RelativeDateFormat.setShowZeroHours,0,1,1
org.jfree.chart.plot.CategoryPlot.getDataset,0,2,2
org.jfree.data.time.TimeTableXYDataset.getItemCount,1,1,2
org.jfree.chart.plot.dial.DialTextAnnotation.setAnchor,3,0,3
org.jfree.data.statistics.MeanAndStandardDeviation.getMeanValue,0,4,4
org.jfree.chart.annotations.CategoryPointerAnnotation.readObject,0,3,3
org.jfree.chart.axis.CyclicNumberAxis.draw,16,0,16
org.jfree.chart.ChartPanel.setDomainZoomable,6,0,6
org.jfree.chart.needle.WindNeedle.<init>,0,1,1
org.jfree.chart.plot.SpiderWebPlot.getLabelFont,0,1,1
org.jfree.chart.annotations.XYPointerAnnotation.getArrowStroke,1,0,1
org.jfree.chart.axis.ValueAxis.setInverted,0,3,3
org.jfree.chart.renderer.xy.AbstractXYItemRenderer.setLegendItemURLGenerator,0,2,2
org.jfree.chart.renderer.xy.StackedXYAreaRenderer.findRangeBounds,1,2,3
org.jfree.chart.plot.MeterPlot.equals,3,39,42
org.jfree.chart.plot.PolarPlot.removeCornerTextItem,3,0,3
org.jfree.chart.renderer.category.AbstractCategoryItemRenderer.getSeriesItemLabelGenerator,0,4,4
org.jfree.chart.block.GridArrangement.arrangeNN,0,14,14
org.jfree.chart.axis.NumberAxis.getTickUnit,0,1,1
org.jfree.chart.ChartPanel.getHorizontalTraceLine,1,0,1
org.jfree.data.function.PowerFunction2D.hashCode,0,4,4
org.jfree.chart.urls.TimeSeriesURLGenerator.getPrefix,1,0,1
org.jfree.chart.encoders.SunPNGEncoderAdapter.isEncodingAlpha,1,0,1
org.jfree.chart.block.GridArrangement.arrangeNF,1,14,15
org.jfree.data.function.PolynomialFunction2D.getValue,4,0,4
org.jfree.data.gantt.Task.getPercentComplete,0,1,1
org.jfree.chart.axis.DateAxis.calculateDateForPosition,0,9,9
org.jfree.chart.plot.Marker.setLabel,0,2,2
org.jfree.chart.plot.MeterPlot.getDialBackgroundPaint,1,0,1
org.jfree.chart.plot.PiePlot.getLegendLabelToolTipGenerator,1,0,1
org.jfree.chart.block.GridArrangement.arrangeNR,1,6,7
org.jfree.chart.plot.PiePlot.handleMouseWheelRotation,1,0,1
org.jfree.chart.axis.CategoryTick.equals,1,11,12
org.jfree.data.statistics.SimpleHistogramDataset.getSeriesCount,1,0,1
org.jfree.chart.plot.dial.DialBackground.hashCode,0,4,4
org.jfree.chart.renderer.xy.DeviationRenderer.isItemPass,1,0,1
org.jfree.chart.util.RelativeDateFormat.setDayFormatter,0,2,2
org.jfree.chart.renderer.xy.AbstractXYItemRenderer.addEntity,15,0,15
org.jfree.chart.axis.LogarithmicAxis.adjustedPow10,1,7,8
org.jfree.chart.text.TextBlock.calculateBounds,0,5,5
org.jfree.chart.renderer.xy.StandardXYItemRenderer.getSeriesShapesFilled,1,0,1
org.jfree.data.general.HeatMapDataset.null,0,0,0
org.jfree.chart.renderer.DefaultPolarItemRenderer.getPlot,0,1,1
org.jfree.chart.renderer.xy.XYItemRendererState.endSeriesPass,0,0,0
org.jfree.chart.plot.CategoryPlot.getRendererCount,0,1,1
org.jfree.chart.labels.StandardCrosshairLabelGenerator.<init>,2,6,8
org.jfree.chart.title.LegendGraphic.getOutlinePaint,1,0,1
org.jfree.chart.renderer.xy.CandlestickRenderer.getAutoWidthMethod,1,0,1
org.jfree.chart.plot.Crosshair.setLabelVisible,0,3,3
org.jfree.chart.axis.LogarithmicAxis.refreshTicksHorizontal,52,0,52
org.jfree.data.xy.YIntervalSeriesCollection.getEndYValue,0,2,2
org.jfree.chart.plot.CombinedDomainCategoryPlot.getCategoriesForAxis,0,1,1
org.jfree.data.category.DefaultCategoryDataset.removeRow,2,2,4
org.jfree.data.DefaultKeyedValues2D.removeColumn,2,10,12
org.jfree.chart.axis.NumberAxis.clone,1,3,4
org.jfree.data.xy.DefaultTableXYDataset.getSeriesCount,0,1,1
org.jfree.chart.renderer.AbstractRenderer.getLegendTextPaint,0,1,1
org.jfree.chart.renderer.category.StatisticalLineAndShapeRenderer.setErrorIndicatorStroke,2,0,2
org.jfree.data.general.DatasetGroup.<init>,2,2,4
org.jfree.chart.renderer.category.BarRenderer.<init>,0,16,16
org.jfree.chart.renderer.DefaultPolarItemRenderer.setShapesVisible,2,0,2
org.jfree.chart.axis.Axis.getAttributedLabel,0,3,3
org.jfree.chart.StandardChartTheme.getBarPainter,1,0,1
org.jfree.chart.renderer.category.BarRenderer.getShadowYOffset,0,1,1
org.jfree.chart.plot.Marker.setLabelFont,0,3,3
org.jfree.chart.ChartPanel.getDismissDelay,1,0,1
org.jfree.data.time.DynamicTimeSeriesCollection.getPosition,1,0,1
org.jfree.chart.ChartRenderingInfo.getChartArea,0,1,1
org.jfree.chart.util.LogFormat.parse,1,0,1
org.jfree.chart.ui.FontDisplayField.getDisplayFont,1,0,1
org.jfree.data.time.TimeSeries.getItems,1,0,1
org.jfree.data.category.DefaultIntervalCategoryDataset.getValue,1,7,8
org.jfree.chart.plot.CategoryPlot.drawDomainGridlines,1,14,15
org.jfree.chart.axis.LogAxis.<init>,0,4,4
org.jfree.chart.block.ColorBlock.<init>,0,4,4
org.jfree.data.xy.DefaultTableXYDataset.getEndY,1,0,1
org.jfree.data.xy.DefaultTableXYDataset.getEndX,0,1,1
org.jfree.chart.plot.dial.DialPlot.addLayer,0,4,4
org.jfree.chart.plot.PiePlotState.<init>,0,3,3
org.jfree.chart.title.LegendGraphic.setShapeLocation,0,2,2
org.jfree.chart.axis.LogarithmicAxis.setAutoRangeNextLogFlag,1,0,1
org.jfree.chart.renderer.xy.XYDotRenderer.getLegendShape,0,1,1
org.jfree.chart.plot.ThermometerPlot.getColumnDiameter,1,0,1
org.jfree.data.category.DefaultCategoryDataset.clone,0,3,3
org.jfree.data.xy.XYInterval.getXLow,0,1,1
org.jfree.chart.servlet.ServletUtilities.sendTempFile,30,0,30
org.jfree.chart.plot.CategoryPlot.getDomainCrosshairPaint,1,0,1
org.jfree.chart.text.TextUtils.calculateRotatedStringBounds,2,13,15
org.jfree.chart.plot.dial.ArcDialFrame.setInnerRadius,1,3,4
org.jfree.chart.editor.DefaultValueAxisEditor.validateMaximum,8,0,8
org.jfree.chart.axis.ValueAxis.setPositiveArrowVisible,0,2,2
org.jfree.chart.renderer.AbstractRenderer.getAutoPopulateSeriesShape,0,1,1
org.jfree.chart.plot.dial.DialValueIndicator.isClippedToWindow,1,0,1
org.jfree.chart.renderer.category.ScatterRenderer.equals,3,17,20
org.jfree.data.DefaultKeyedValues2D.getRowKey,0,1,1
org.jfree.chart.needle.ShipNeedle.equals,3,4,7
org.jfree.chart.plot.PiePlot.getLabelLinkStroke,1,0,1
org.jfree.chart.renderer.category.BarRenderer.calculateLabelAnchorPoint,67,0,67
org.jfree.chart.plot.Plot.getInsets,0,1,1
org.jfree.chart.plot.dial.DialValueIndicator.getInsets,1,0,1
org.jfree.chart.block.GridArrangement.arrange,1,23,24
org.jfree.chart.plot.ValueMarker.setValue,0,2,2
org.jfree.chart.renderer.category.BarRenderer.writeObject,0,2,2
org.jfree.chart.plot.CombinedDomainXYPlot.setFixedRangeAxisSpace,3,0,3
org.jfree.chart.plot.PlotRenderingInfo.getPlotArea,0,1,1
org.jfree.chart.plot.XYPlot.drawAnnotations,0,6,6
org.jfree.data.time.TimePeriodFormatException.<init>,0,1,1
org.jfree.chart.axis.SubCategoryAxis.getSubLabelPaint,1,0,1
org.jfree.chart.plot.XYPlot.getRenderer,0,2,2
org.jfree.data.xml.ValueHandler.endElement,10,0,10
org.jfree.chart.encoders.SunPNGEncoderAdapter.setQuality,0,0,0
org.jfree.chart.renderer.category.CategoryStepRenderer.setStagger,2,0,2
org.jfree.chart.plot.CombinedDomainCategoryPlot.<init>,0,4,4
org.jfree.chart.renderer.xy.XYAreaRenderer.hashCode,0,6,6
org.jfree.chart.renderer.xy.CandlestickRenderer.writeObject,0,4,4
org.jfree.chart.plot.XYPlot.removeAnnotation,0,7,7
org.jfree.chart.annotations.XYTitleAnnotation.draw,17,36,53
org.jfree.chart.needle.ArrowNeedle.drawNeedle,24,0,24
org.jfree.chart.plot.PolarPlot.getAngleOffset,1,0,1
org.jfree.chart.renderer.AbstractRenderer.getSeriesVisibleInLegend,1,0,1
org.jfree.chart.axis.LogarithmicAxis.switchedPow10,0,1,1
org.jfree.chart.plot.Marker.addChangeListener,0,1,1
org.jfree.chart.plot.Plot.datasetChanged,0,3,3
org.jfree.chart.renderer.category.AbstractCategoryItemRenderer.setSeriesItemLabelGenerator,0,4,4
org.jfree.data.ComparableObjectSeries.getAllowDuplicateXValues,0,1,1
org.jfree.chart.axis.CategoryAxis.getCategoryLabelPositionOffset,1,0,1
org.jfree.chart.renderer.RendererUtils.findLiveItems,1,4,5
org.jfree.chart.plot.Plot.setParent,0,1,1
org.jfree.chart.renderer.xy.XYStepAreaRenderer.setStepPoint,1,3,4
org.jfree.chart.labels.StandardCategorySeriesLabelGenerator.createItemArray,0,3,3
org.jfree.chart.renderer.category.GradientBarPainter.hashCode,0,5,5
org.jfree.data.xy.XIntervalSeriesCollection.equals,1,5,6
org.jfree.chart.date.SerialDate.weekdayCodeToString,2,0,2
org.jfree.chart.axis.ValueAxis.resizeRange,0,6,6
org.jfree.chart.axis.Axis.isVisible,0,1,1
org.jfree.chart.title.LegendGraphic.setFillPaintTransformer,0,2,2
org.jfree.chart.entity.ChartEntity.setURLText,0,1,1
org.jfree.chart.plot.CategoryPlot.writeObject,0,13,13
org.jfree.chart.axis.PeriodAxis.setMinorTickMarksVisible,0,2,2
org.jfree.chart.renderer.category.ScatterRenderer.clone,0,3,3
org.jfree.chart.block.EmptyBlock.draw,4,0,4
org.jfree.data.time.DynamicTimeSeriesCollection.getDomainLowerBound,1,0,1
org.jfree.chart.imagemap.StandardToolTipTagFragmentGenerator.<init>,0,1,1
org.jfree.chart.labels.StandardPieSectionLabelGenerator.getAttributedLabel,1,0,1
org.jfree.data.resources.DataPackageResources_es.getContents,1,0,1
org.jfree.chart.renderer.AbstractRenderer.getDefaultCreateEntities,1,0,1
org.jfree.data.time.Year.getSerialIndex,0,1,1
org.jfree.data.statistics.HistogramType.toString,1,0,1
org.jfree.chart.servlet.ChartDeleter.valueBound,0,0,0
org.jfree.chart.util.StrokeList.setStroke,0,1,1
org.jfree.data.time.TimeSeriesCollection.getSeriesKey,0,1,1
org.jfree.chart.annotations.XYShapeAnnotation.<init>,2,6,8
org.jfree.chart.labels.StandardCrosshairLabelGenerator.equals,2,8,10
org.jfree.chart.plot.CategoryPlot.handleClick,11,0,11
org.jfree.data.gantt.TaskSeriesCollection.getColumnKeys,1,0,1
org.jfree.chart.plot.PieLabelLinkStyle.toString,0,1,1
org.jfree.chart.LegendItem.setDatasetIndex,0,1,1
org.jfree.chart.title.LegendGraphic.getLineStroke,1,0,1
org.jfree.chart.date.SerialDate.leapYearCount,0,4,4
org.jfree.chart.plot.ThermometerPlot.setAxisRange,1,2,3
org.jfree.chart.axis.DateTick.<init>,0,4,4
org.jfree.chart.plot.dial.StandardDialRange.readObject,0,2,2
org.jfree.chart.entity.JFreeChartEntity.clone,1,0,1
org.jfree.chart.ui.RectangleEdge.equals,1,7,8
org.jfree.chart.date.SpreadsheetDate.compareTo,1,0,1
org.jfree.chart.renderer.xy.CyclicXYItemRenderer.<init>,4,0,4
org.jfree.chart.LegendItemCollection.addAll,0,1,1
org.jfree.chart.plot.FastScatterPlot.getPlotType,1,0,1
org.jfree.chart.plot.Crosshair.setValue,0,3,3
org.jfree.chart.axis.AxisSpace.shrink,0,4,4
org.jfree.chart.plot.CombinedDomainXYPlot.setOrientation,0,3,3
org.jfree.chart.plot.CategoryPlot.setRangeCrosshairValue,0,4,4
org.jfree.chart.ui.RectangleInsets.calculateBottomOutset,1,3,4
org.jfree.chart.entity.StandardEntityCollection.iterator,1,0,1
org.jfree.chart.renderer.AbstractRenderer.readObject,0,11,11
org.jfree.chart.editor.DefaultPlotEditor.createPlotPanel,84,0,84
org.jfree.data.xy.VectorSeriesCollection.getVectorXValue,3,0,3
org.jfree.chart.axis.NumberAxis.selectAutoTickUnit,0,4,4
org.jfree.chart.axis.ValueAxis.findMaximumTickLabelHeight,13,8,21
org.jfree.chart.renderer.xy.AbstractXYItemRenderer.updateCrosshairValues,3,5,8
org.jfree.chart.StandardChartTheme.setBaselinePaint,2,0,2
org.jfree.data.xml.RootHandler.<init>,1,0,1
org.jfree.chart.date.SerialDate.weekInMonthToString,8,0,8
org.jfree.data.general.KeyedValueDataset.null,0,0,0
org.jfree.data.KeyToGroupMap.mapKeyToGroup,0,13,13
org.jfree.chart.plot.RingPlot.readObject,0,3,3
org.jfree.chart.axis.ValueAxis.setAutoRange,0,6,6
org.jfree.chart.renderer.xy.XYDotRenderer.getDotWidth,1,0,1
org.jfree.chart.needle.MeterNeedle.readObject,0,5,5
org.jfree.chart.axis.MonthDateFormat.equals,2,12,14
org.jfree.data.DefaultKeyedValue.clone,0,1,1
org.jfree.chart.renderer.WaferMapRenderer.makePositionIndex,9,0,9
org.jfree.chart.entity.EntityCollection.null,0,0,0
org.jfree.chart.JFreeChart.setBorderVisible,0,2,2
org.jfree.chart.ChartFactory.createXYLineChart,1,14,15
org.jfree.chart.util.LogFormat.clone,0,3,3
org.jfree.chart.renderer.category.StackedAreaRenderer.setRenderAsPercentages,0,2,2
org.jfree.chart.JFreeChart.getBackgroundImageAlignment,1,0,1
org.jfree.chart.plot.dial.DialValueIndicator.getOutlinePaint,1,0,1
org.jfree.chart.axis.NumberAxis.getRangeType,1,0,1
org.jfree.chart.plot.dial.DialPointer.setDatasetIndex,2,0,2
org.jfree.data.statistics.DefaultMultiValueCategoryDataset.getValues,0,5,5
org.jfree.data.gantt.Task.addSubtask,0,2,2
org.jfree.data.RangeType.readResolve,5,2,7
org.jfree.data.gantt.XYTaskDataset.getSeriesValue,1,0,1
org.jfree.data.statistics.DefaultBoxAndWhiskerXYDataset.getOutlierCoefficient,1,0,1
org.jfree.chart.entity.XYAnnotationEntity.getRendererIndex,1,0,1
org.jfree.chart.plot.CategoryPlot.drawAnnotations,2,3,5
org.jfree.chart.annotations.XYPointerAnnotation.getArrowLength,1,0,1
org.jfree.chart.plot.Crosshair.setLabelBackgroundPaint,0,3,3
org.jfree.data.gantt.TaskSeries.clone,0,3,3
org.jfree.chart.plot.dial.StandardDialRange.equals,5,13,18
org.jfree.chart.editor.DefaultChartEditorFactory.<init>,0,0,0
org.jfree.chart.annotations.XYImageAnnotation.clone,1,0,1
org.jfree.chart.axis.Axis.getLabelInsets,0,1,1
org.jfree.data.gantt.SlidingGanttCategoryDataset.getEndValue,12,0,12
org.jfree.data.xy.DefaultXYZDataset.getSeriesCount,0,1,1
org.jfree.chart.renderer.OutlierListCollection.iterator,0,1,1
org.jfree.chart.renderer.xy.DefaultXYItemRenderer.null,0,0,0
org.jfree.data.statistics.DefaultBoxAndWhiskerXYDataset.getMeanValue,0,5,5
org.jfree.chart.plot.FastScatterPlot.isRangeGridlinesVisible,0,1,1
org.jfree.data.time.ohlc.OHLCItem.getHighValue,1,3,4
org.jfree.chart.title.LegendGraphic.setLineStroke,0,1,1
org.jfree.chart.title.PaintScaleLegend.getStripOutlinePaint,1,0,1
org.jfree.chart.renderer.category.WaterfallBarRenderer.getPositiveBarPaint,1,0,1
org.jfree.chart.plot.dial.DialPlot.equals,5,19,24
org.jfree.chart.needle.LongNeedle.<init>,0,2,2
org.jfree.chart.axis.NumberAxis.calculateHighestVisibleTickValue,3,0,3
org.jfree.data.xy.XYDatasetTableModel.getRowCount,3,0,3
org.jfree.data.time.TimePeriodValues.add,0,8,8
org.jfree.chart.JFreeChart.getSubtitleCount,0,1,1
org.jfree.data.xy.XIntervalSeriesCollection.removeSeries,5,6,11
org.jfree.data.DefaultKeyedValues2D.getRowKeys,0,1,1
org.jfree.chart.renderer.AbstractRenderer.setSeriesItemLabelPaint,0,4,4
org.jfree.chart.block.LengthConstraintType.readResolve,7,0,7
org.jfree.chart.renderer.xy.ClusteredXYBarRenderer.findDomainBoundsWithOffset,1,18,19
org.jfree.chart.ui.RectangleAnchor.createRectangle,11,11,22
org.jfree.chart.LegendItemCollection.add,0,1,1
org.jfree.chart.block.AbstractBlock.arrange,2,1,3
org.jfree.data.KeyedObjects.hashCode,1,0,1
org.jfree.chart.renderer.category.GanttRenderer.setIncompletePaint,0,3,3
org.jfree.chart.renderer.category.LineAndShapeRenderer.setItemMargin,1,3,4
org.jfree.data.jdbc.JDBCXYDataset.getRangeUpperBound,1,0,1
org.jfree.data.xy.DefaultTableXYDataset.updateXPoints,1,25,26
org.jfree.chart.servlet.ServletUtilities.getTempOneTimeFilePrefix,1,0,1
org.jfree.chart.plot.PolarPlot.getAngleGridlinePaint,1,0,1
org.jfree.data.gantt.SlidingGanttCategoryDataset.clone,0,5,5
org.jfree.data.time.Second.getFirstMillisecond,0,8,8
org.jfree.chart.encoders.SunJPEGEncoderAdapter.<init>,0,0,0
org.jfree.chart.axis.PeriodAxis.setLabelInfo,0,2,2
org.jfree.chart.plot.XYPlot.getDomainAxisCount,0,1,1
org.jfree.data.xy.XYSeriesCollection.getRangeBounds,0,14,14
org.jfree.data.statistics.HistogramDataset.equals,3,7,10
org.jfree.chart.axis.NumberTickUnitSource.getTickSize,0,1,1
org.jfree.chart.StandardChartTheme.getAxisLabelPaint,1,0,1
org.jfree.chart.JFreeChart.setNotify,3,0,3
org.jfree.chart.plot.dial.DialPlot.<init>,1,14,15
org.jfree.chart.renderer.xy.AbstractXYItemRenderer.drawRangeMarker,86,13,99
org.jfree.chart.plot.ThermometerPlot.isDomainZoomable,1,0,1
org.jfree.data.xy.XYSeries.getItemCount,0,1,1
org.jfree.chart.axis.PeriodAxis.java2DToValue,15,0,15
org.jfree.chart.title.PaintScaleLegend.readObject,0,4,4
org.jfree.data.xml.ValueHandler.<init>,3,0,3
org.jfree.chart.plot.ThermometerPlot.getColumnRadius,1,0,1
org.jfree.chart.ChartPanel.getHorizontalAxisTrace,1,0,1
org.jfree.chart.entity.PlotEntity.clone,1,0,1
org.jfree.chart.panel.AbstractOverlay.<init>,0,1,1
org.jfree.data.xml.CategoryDatasetHandler.getDataset,1,0,1
org.jfree.chart.axis.CategoryAxis.getCategoryStart,0,9,9
org.jfree.data.time.Second.peg,0,1,1
org.jfree.chart.renderer.AbstractRenderer.setSeriesShape,0,4,4
org.jfree.data.time.DynamicTimeSeriesCollection.addValue,8,0,8
org.jfree.chart.renderer.category.ScatterRenderer.getLegendItem,30,0,30
org.jfree.chart.ChartPanel.setDisplayToolTips,1,2,3
org.jfree.chart.plot.IntervalMarker.setGradientPaintTransformer,0,2,2
org.jfree.data.KeyedObjects.addObject,0,1,1
org.jfree.chart.util.RelativeDateFormat.getShowZeroHours,1,0,1
org.jfree.chart.renderer.category.BarRenderer.calculateBarL0L1,2,9,11
org.jfree.chart.ChartPanel.drawZoomRectangle,10,0,10
org.jfree.chart.axis.DateTickMarkPosition.<init>,0,1,1
org.jfree.chart.axis.TickUnits.equals,2,4,6
org.jfree.chart.plot.dial.ArcDialFrame.isClippedToWindow,1,0,1
org.jfree.chart.axis.CategoryTick.<init>,0,4,4
org.jfree.chart.renderer.category.BoxAndWhiskerRenderer.drawHighFarOut,4,0,4
org.jfree.chart.renderer.DefaultPolarItemRenderer.getShapesVisible,0,1,1
org.jfree.chart.StandardChartTheme.applyToXYAnnotation,5,0,5
org.jfree.chart.plot.XYPlot.findDomainAxisIndex,0,4,4
org.jfree.chart.JFreeChart.titleChanged,0,2,2
org.jfree.data.category.SlidingCategoryDataset.lastCategoryIndex,1,2,3
org.jfree.chart.annotations.XYShapeAnnotation.equals,3,13,16
org.jfree.chart.plot.MultiplePiePlot.setLimit,0,2,2
org.jfree.chart.renderer.xy.AbstractXYItemRenderer.getLegendItemLabelGenerator,0,1,1
org.jfree.chart.renderer.OutlierList.updateAveragedOutlier,8,0,8
org.jfree.data.time.TimePeriodValues.getMaxStartIndex,0,1,1
org.jfree.chart.axis.NumberTickUnit.<init>,0,7,7
org.jfree.chart.urls.CustomXYURLGenerator.getURL,0,7,7
org.jfree.data.time.RegularTimePeriod.downsize,9,6,15
org.jfree.chart.plot.PiePlot.setLabelBackgroundPaint,0,2,2
org.jfree.chart.renderer.category.StandardBarPainter.paintBarShadow,8,0,8
org.jfree.chart.renderer.category.AbstractCategoryItemRenderer.drawOutline,0,1,1
org.jfree.chart.plot.CombinedRangeCategoryPlot.add,1,14,15
org.jfree.chart.axis.LogAxis.autoAdjustRange,5,22,27
org.jfree.chart.labels.AbstractPieItemLabelGenerator.clone,0,6,6
org.jfree.chart.plot.CombinedRangeXYPlot.zoomDomainAxes,15,0,15
org.jfree.chart.plot.SpiderWebPlot.setDataExtractOrder,0,3,3
org.jfree.data.time.Quarter.parseQuarter,2,12,14
org.jfree.data.general.DatasetUtils.iterateDomainBounds,0,34,34
org.jfree.chart.ui.RectangleInsets.calculateRightOutset,1,3,4
org.jfree.chart.renderer.xy.XYStepAreaRenderer.initialise,0,3,3
org.jfree.data.statistics.DefaultMultiValueCategoryDataset.getRowKey,0,1,1
org.jfree.chart.renderer.xy.XYBlockRenderer.setBlockAnchor,6,0,6
org.jfree.data.xy.IntervalXYDelegate.clone,0,1,1
org.jfree.data.time.Week.getLastMillisecond,0,11,11
org.jfree.chart.renderer.category.BarRenderer.setPositiveItemLabelPositionFallback,0,2,2
org.jfree.data.time.Minute.getDay,0,1,1
org.jfree.chart.axis.AxisLabelLocation.<init>,0,1,1
org.jfree.chart.axis.ValueAxis.setDownArrow,3,0,3
org.jfree.chart.needle.ArrowNeedle.clone,0,1,1
org.jfree.chart.ChartUtils.saveChartAsPNG,12,0,12
org.jfree.chart.plot.CombinedRangeCategoryPlot.setFixedDomainAxisSpaceForSubplots,0,4,4
org.jfree.chart.annotations.XYDataImageAnnotation.getXRange,1,0,1
org.jfree.chart.plot.CategoryPlot.setDataset,0,9,9
org.jfree.chart.plot.CategoryPlot.getDomainGridlinePaint,0,1,1
org.jfree.chart.plot.ThermometerPlot.setUnits,0,4,4
org.jfree.chart.ChartPanel.setMinimumDrawHeight,1,0,1
org.jfree.chart.plot.XYPlot.drawDomainTickBands,14,2,16
org.jfree.chart.renderer.category.WaterfallBarRenderer.setFirstBarPaint,0,3,3
org.jfree.data.time.ohlc.OHLCSeries.remove,0,1,1
org.jfree.chart.JFreeChart.handleClick,1,0,1
org.jfree.chart.LegendItem.setFillPaintTransformer,0,2,2
org.jfree.chart.renderer.xy.StackedXYBarRenderer.setRenderAsPercentages,0,2,2
org.jfree.chart.StandardChartTheme.setSmallFont,2,0,2
org.jfree.chart.plot.dial.ArcDialFrame.equals,1,19,20
org.jfree.data.xy.DefaultXYZDataset.getDomainOrder,1,0,1
org.jfree.chart.plot.CategoryPlot.getRowRenderingOrder,0,1,1
org.jfree.chart.plot.DefaultDrawingSupplier.readObject,0,21,21
org.jfree.chart.renderer.Outlier.setRadius,0,1,1
org.jfree.chart.annotations.CategoryLineAnnotation.getStroke,1,0,1
org.jfree.chart.labels.StandardXYSeriesLabelGenerator.clone,0,1,1
org.jfree.chart.renderer.xy.AbstractXYItemRenderer.setDefaultItemLabelGenerator,0,2,2
org.jfree.data.general.DatasetUtils.<init>,0,0,0
org.jfree.chart.plot.CombinedDomainCategoryPlot.setGap,2,0,2
org.jfree.chart.axis.CyclicNumberAxis.isBoundMappedToLastCycle,0,1,1
org.jfree.data.general.AbstractDataset.clone,0,3,3
org.jfree.chart.annotations.AbstractAnnotation.writeObject,0,1,1
org.jfree.data.KeyedObjects2D.getColumnCount,0,1,1
org.jfree.chart.plot.XYPlot.getRangeAxisCount,0,1,1
org.jfree.chart.renderer.xy.XYAreaRenderer2.writeObject,0,2,2
org.jfree.chart.renderer.xy.XYDifferenceRenderer.areSeriesDisjoint,7,0,7
org.jfree.chart.editor.DefaultAxisEditor.getLabelPaint,1,0,1
org.jfree.chart.ui.GradientPaintTransformer.null,0,0,0
org.jfree.chart.StrokeMap.readObject,0,7,7
org.jfree.chart.renderer.xy.GradientXYBarPainter.hashCode,0,5,5
org.jfree.chart.ChartHints.isCompatibleValue,7,0,7
org.jfree.chart.annotations.CategoryLineAnnotation.getCategory2,0,1,1
org.jfree.chart.annotations.CategoryLineAnnotation.getCategory1,0,1,1
org.jfree.chart.plot.XYPlot.getDatasetCount,0,1,1
org.jfree.chart.axis.CyclicNumberAxis.drawTickMarksAndLabels,25,0,25
org.jfree.data.xy.DefaultTableXYDataset.removeAllSeries,0,6,6
org.jfree.data.xy.YIntervalSeriesCollection.getStartX,1,0,1
org.jfree.chart.entity.AxisEntity.clone,1,0,1
org.jfree.data.xy.YIntervalSeriesCollection.getStartY,2,0,2
org.jfree.chart.annotations.XYImageAnnotation.writeObject,1,0,1
org.jfree.chart.renderer.category.StatisticalBarRenderer.getErrorIndicatorStroke,1,0,1
org.jfree.chart.annotations.TextAnnotation.setPaint,0,3,3
org.jfree.chart.plot.dial.DialPlot.writeObject,0,1,1
org.jfree.data.time.TimeSeries.clear,0,6,6
org.jfree.chart.editor.ChartEditorManager.<init>,0,0,0
org.jfree.data.xy.YIntervalSeriesCollection.getY,2,0,2
org.jfree.data.xy.YIntervalSeriesCollection.getX,0,2,2
org.jfree.chart.axis.AxisSpace.expand,4,0,4
org.jfree.data.xml.KeyHandler.<init>,3,0,3
org.jfree.data.general.DefaultPieDataset.getIndex,0,1,1
org.jfree.data.xy.XYItemKey.toJSONString,5,0,5
org.jfree.data.KeyedValueComparator.<init>,0,4,4
org.jfree.chart.plot.PiePlot.getLabelPaint,1,0,1
org.jfree.chart.date.SerialDate.getEndOfCurrentMonth,2,0,2
org.jfree.chart.labels.StandardXYSeriesLabelGenerator.createItemArray,0,3,3
org.jfree.chart.editor.DefaultTitleEditor.attemptModifyShowTitle,2,0,2
org.jfree.chart.entity.JFreeChartEntity.hashCode,4,0,4
org.jfree.chart.annotations.XYImageAnnotation.getImageAnchor,1,0,1
org.jfree.chart.plot.PiePlot.setSectionOutlinePaint,0,2,2
org.jfree.data.category.DefaultIntervalCategoryDataset.getEndValue,4,8,12
org.jfree.chart.renderer.category.LineAndShapeRenderer.drawItem,15,49,64
org.jfree.chart.renderer.xy.StandardXYItemRenderer.State,0,1,1
org.jfree.data.general.Series.getKey,0,1,1
org.jfree.chart.plot.XYPlot.isRangeCrosshairVisible,0,1,1
org.jfree.chart.ChartFactory.createMultiplePieChart3D,23,0,23
org.jfree.chart.entity.ChartEntity.getShapeCoords,3,0,3
org.jfree.chart.renderer.xy.StackedXYAreaRenderer.<init>,0,3,3
org.jfree.chart.plot.CategoryPlot.setDomainAxisLocation,2,6,8
org.jfree.data.ComparableObjectItem.getComparable,0,1,1
org.jfree.chart.plot.XYCrosshairState.<init>,0,0,0
org.jfree.chart.axis.LogAxis.zoomRange,15,0,15
org.jfree.data.statistics.HistogramDataset.<init>,0,2,2
org.jfree.chart.plot.PiePlot.setDataset,2,7,9
org.jfree.data.ComparableObjectSeries.update,6,0,6
org.jfree.chart.renderer.category.GanttRenderer.getItemMiddle,1,0,1
org.jfree.chart.labels.CustomXYToolTipGenerator.getToolTipText,0,7,7
org.jfree.chart.renderer.xy.XYBubbleRenderer.getLegendItem,4,25,29
org.jfree.data.statistics.DefaultBoxAndWhiskerXYDataset.getQ3Value,0,5,5
org.jfree.data.time.ohlc.OHLCSeriesCollection.getClose,1,0,1
org.jfree.chart.plot.CategoryPlot.getRangeGridlineStroke,0,1,1
org.jfree.chart.entity.AxisEntity.getAxis,1,0,1
org.jfree.chart.ChartPanel.paintComponent,68,0,68
org.jfree.chart.renderer.xy.XYSplineRenderer.setGradientPaintTransformer,0,2,2
org.jfree.chart.util.ShapeUtils.contains,7,0,7
org.jfree.chart.plot.dial.DialPointer.hashCode,5,7,12
org.jfree.chart.renderer.category.LineAndShapeRenderer.getUseOutlinePaint,0,1,1
org.jfree.data.statistics.DefaultBoxAndWhiskerCategoryDataset.getRangeUpperBound,0,1,1
org.jfree.chart.plot.dial.DialValueIndicator.setValueAnchor,0,3,3
org.jfree.data.time.Month.parseMonth,7,26,33
org.jfree.chart.plot.PiePlot.getURLGenerator,0,1,1
org.jfree.data.gantt.SlidingGanttCategoryDataset.getStartValue,12,0,12
org.jfree.data.xy.XYInterval.getYHigh,0,1,1
org.jfree.data.general.DefaultHeatMapDataset.getXValue,2,0,2
org.jfree.chart.entity.JFreeChartEntity.<init>,0,5,5
org.jfree.chart.editor.DefaultAxisEditor.getOtherTabs,1,0,1
org.jfree.chart.plot.PolarPlot.getAxisCount,1,0,1
org.jfree.chart.renderer.AbstractRenderer.setDefaultCreateEntities,0,4,4
org.jfree.chart.renderer.xy.StandardXYItemRenderer.setSeriesIndex,1,0,1
org.jfree.chart.renderer.xy.XYLineAndShapeRenderer.isLastPointGood,1,0,1
org.jfree.chart.axis.LogAxis.setSmallestValue,1,3,4
org.jfree.chart.renderer.category.AbstractCategoryItemRenderer.setPlot,0,2,2
org.jfree.chart.axis.SubCategoryAxis.draw,2,9,11
org.jfree.chart.StandardChartTheme.setShadowPaint,0,2,2
org.jfree.chart.plot.PiePlot.getLegendItems,2,36,38
org.jfree.chart.axis.LogAxis.exponentLengthToJava2D,0,3,3
org.jfree.chart.entity.XYItemEntity.getItem,1,0,1
org.jfree.chart.annotations.XYDataImageAnnotation.<init>,9,0,9
org.jfree.data.KeyToGroupMap.getGroups,8,0,8
org.jfree.chart.plot.Marker.setStroke,0,3,3
org.jfree.data.xy.CategoryTableXYDataset.getX,0,1,1
org.jfree.data.xy.CategoryTableXYDataset.getY,1,0,1
org.jfree.chart.plot.PieLabelRecord.getAngle,0,1,1
org.jfree.chart.plot.CombinedRangeXYPlot.getGap,1,0,1
org.jfree.data.xy.DefaultOHLCDataset.getVolumeValue,5,0,5
org.jfree.chart.axis.AxisState.cursorRight,1,0,1
org.jfree.chart.util.ExportUtils.writeAsJPEG,7,0,7
org.jfree.chart.StandardChartTheme.isShadowVisible,0,1,1
org.jfree.data.general.Series.setNotify,3,0,3
org.jfree.chart.labels.AbstractPieItemLabelGenerator.getLabelFormat,1,0,1
org.jfree.chart.axis.ValueAxis.getStandardTickUnits,0,1,1
org.jfree.chart.annotations.XYTextAnnotation.getPaint,0,1,1
org.jfree.chart.renderer.AbstractRenderer.setSeriesVisibleInLegend,0,4,4
org.jfree.chart.entity.ChartEntity.setArea,0,2,2
org.jfree.data.DefaultKeyedValue.hashCode,4,0,4
org.jfree.chart.annotations.XYTextAnnotation.getText,0,1,1
org.jfree.chart.block.BorderArrangement.arrange,8,18,26
org.jfree.chart.axis.SymbolAxis.equals,2,12,14
org.jfree.chart.LegendItem.getLinePaint,0,1,1
org.jfree.chart.editor.DefaultTitleEditor.enableOrDisableControls,4,0,4
org.jfree.chart.plot.CategoryPlot.getRangeAxisCount,0,1,1
org.jfree.chart.plot.Plot.setOutlineStroke,4,5,9
org.jfree.chart.axis.SymbolAxis.getGridBandPaint,1,0,1
org.jfree.chart.labels.MultipleXYSeriesLabelGenerator.hashCode,0,5,5
org.jfree.chart.block.FlowArrangement.arrange,15,9,24
org.jfree.data.general.DatasetUtils.iterateZBounds,2,12,14
org.jfree.chart.axis.DateAxis.selectVerticalAutoTickUnit,17,0,17
org.jfree.chart.plot.PolarPlot.addCornerTextItem,0,3,3
org.jfree.chart.renderer.category.LineAndShapeRenderer.setUseSeriesOffset,0,2,2
org.jfree.chart.plot.XYPlot.setDomainAxes,3,0,3
org.jfree.chart.plot.Marker.setLabelPaint,0,3,3
org.jfree.data.category.DefaultCategoryDataset.getValue,0,2,2
org.jfree.chart.editor.DefaultNumberAxisEditor.toggleAutoTick,5,0,5
org.jfree.data.statistics.MultiValueCategoryDataset.null,0,0,0
org.jfree.chart.util.StrokeList.clone,0,1,1
org.jfree.chart.urls.CustomCategoryURLGenerator.addURLSeries,0,4,4
org.jfree.chart.annotations.XYTextAnnotation.setText,3,0,3
org.jfree.chart.renderer.xy.XYBarRenderer.setUseYInterval,0,3,3
org.jfree.chart.plot.dial.ArcDialFrame.getOuterRadius,1,0,1
org.jfree.chart.title.TextTitle.getToolTipText,1,0,1
org.jfree.chart.axis.PeriodAxisLabelInfo.getPadding,1,0,1
org.jfree.chart.ui.RectangleInsets.extendWidth,0,1,1
org.jfree.chart.renderer.category.StackedAreaRenderer.findRangeBounds,1,4,5
org.jfree.chart.axis.CyclicNumberAxis.getAdvanceLineStroke,1,0,1
org.jfree.chart.annotations.XYTextAnnotation.setOutlineVisible,0,2,2
org.jfree.chart.renderer.category.CategoryStepRenderer.drawItem,37,0,37
org.jfree.chart.block.EmptyBlock.<init>,0,2,2
org.jfree.chart.StandardChartTheme.getPlotOutlinePaint,1,0,1
org.jfree.data.time.TimeSeriesTableModel.getColumnCount,1,0,1
org.jfree.chart.axis.NumberAxis.estimateMaximumTickLabelHeight,0,6,6
org.jfree.chart.util.SortOrder.toString,1,0,1
org.jfree.data.xy.DefaultIntervalXYDataset.clone,0,25,25
org.jfree.data.time.Year.previous,0,3,3
org.jfree.chart.plot.CompassPlot.readObject,0,4,4
org.jfree.chart.text.TextBlockAnchor.equals,1,7,8
org.jfree.chart.JFreeChart.getLegend,2,8,10
org.jfree.chart.ui.UIUtils.createTablePanel,9,0,9
org.jfree.chart.renderer.xy.CandlestickRenderer.findRangeBounds,0,1,1
org.jfree.chart.needle.MiddlePinNeedle.clone,0,1,1
org.jfree.chart.annotations.AbstractAnnotation.addChangeListener,0,1,1
org.jfree.chart.title.LegendItemBlockContainer.getDataset,1,0,1
org.jfree.data.xy.XYIntervalSeries.getYHighValue,0,2,2
org.jfree.chart.axis.TickUnit.equals,3,7,10
org.jfree.chart.entity.ChartEntity.getArea,1,0,1
org.jfree.data.DefaultKeyedValues.getKey,0,1,1
org.jfree.chart.plot.DialShape.readResolve,5,2,7
org.jfree.chart.plot.XYPlot.panDomainAxes,8,0,8
org.jfree.chart.title.ShortTextTitle.arrange,28,0,28
org.jfree.chart.urls.StandardCategoryURLGenerator.clone,1,0,1
org.jfree.chart.plot.Crosshair.getLabelPaint,1,0,1
org.jfree.chart.renderer.category.BarRenderer.getIncludeBaseInRange,1,0,1
org.jfree.chart.title.TextTitle.draw,7,21,28
org.jfree.data.time.FixedMillisecond.previous,5,0,5
org.jfree.data.statistics.DefaultBoxAndWhiskerCategoryDataset.getMaxRegularValue,0,10,10
org.jfree.data.statistics.DefaultStatisticalCategoryDataset.getRangeBounds,0,5,5
org.jfree.chart.plot.PiePlot.setSectionPaint,0,2,2
org.jfree.chart.plot.MeterInterval.getOutlinePaint,0,1,1
org.jfree.chart.axis.PeriodAxis.drawTickMarksHorizontal,52,0,52
org.jfree.data.time.Year.peg,0,2,2
org.jfree.chart.plot.PiePlotState.setPieCenterY,0,1,1
org.jfree.chart.plot.PiePlotState.setPieCenterX,0,1,1
org.jfree.chart.block.BorderArrangement.add,0,11,11
org.jfree.data.statistics.SimpleHistogramBin.compareTo,7,5,12
org.jfree.chart.StandardChartTheme.applyToTitle,19,8,27
org.jfree.chart.title.LegendTitle.getBackgroundPaint,0,1,1
org.jfree.chart.annotations.XYTextAnnotation.setY,0,2,2
org.jfree.chart.axis.DateTickUnit.rollDate,5,0,5
org.jfree.chart.annotations.XYTextAnnotation.setX,0,2,2
org.jfree.data.time.Hour.getSerialIndex,0,1,1
org.jfree.data.statistics.DefaultStatisticalCategoryDataset.getRowCount,0,1,1
org.jfree.chart.axis.Tick.clone,0,2,2
org.jfree.chart.renderer.xy.XYBarRenderer.setGradientPaintTransformer,0,2,2
org.jfree.chart.axis.ValueAxis.isVerticalTickLabels,0,1,1
org.jfree.chart.plot.CombinedDomainCategoryPlot.plotChanged,0,1,1
org.jfree.chart.plot.Crosshair.setStroke,0,3,3
org.jfree.chart.axis.Axis.removeChangeListener,0,1,1
org.jfree.chart.axis.DateTickUnit.valueToString,1,0,1
org.jfree.data.xml.ValueHandler.startElement,3,0,3
org.jfree.chart.LegendItem.setShapeVisible,1,0,1
org.jfree.data.statistics.BoxAndWhiskerCalculator.calculateQ1,0,10,10
org.jfree.data.general.WaferMapDataset.getMinValue,1,0,1
org.jfree.chart.plot.PiePlot.setLabelGap,0,2,2
org.jfree.data.statistics.BoxAndWhiskerCalculator.calculateQ3,0,10,10
org.jfree.chart.plot.CombinedDomainXYPlot.findSubplot,7,0,7
org.jfree.chart.ChartPanel.print,9,0,9
org.jfree.data.KeyedObjects2D.addObject,0,1,1
org.jfree.chart.axis.LogarithmicAxis.setupNumberFmtObj,0,2,2
org.jfree.data.statistics.DefaultBoxAndWhiskerCategoryDataset.getMinOutlier,5,5,10
org.jfree.chart.util.PaintUtils.colorToString,18,0,18
org.jfree.chart.plot.CombinedDomainCategoryPlot.equals,3,7,10
org.jfree.chart.title.ImageTitle.draw,8,0,8
org.jfree.chart.renderer.category.LevelRenderer.setMaximumItemWidth,0,2,2
org.jfree.chart.plot.dial.DialValueIndicator.getOutlineStroke,1,0,1
org.jfree.chart.axis.LogAxis.configure,0,2,2
org.jfree.chart.LegendItem.setLineStroke,2,0,2
org.jfree.chart.plot.CombinedRangeCategoryPlot.remove,1,18,19
org.jfree.chart.plot.dial.StandardDialScale.setMajorTickPaint,0,3,3
org.jfree.data.time.TimeSeries.update,5,16,21
org.jfree.chart.entity.TitleEntity.clone,1,0,1
org.jfree.data.category.SlidingCategoryDataset.setMaximumCategoryCount,1,3,4
org.jfree.data.xy.XIntervalSeriesCollection.<init>,0,1,1
org.jfree.chart.plot.PiePlot.setLabelLinksVisible,0,2,2
org.jfree.chart.util.ShapeUtils.createLineRegion,20,0,20
org.jfree.data.xy.XYItemKey.equals,10,0,10
org.jfree.chart.renderer.xy.WindItemRenderer.<init>,0,1,1
org.jfree.chart.plot.DefaultDrawingSupplier.equalShapes,3,7,10
org.jfree.chart.renderer.AbstractRenderer.getDefaultOutlineStroke,1,0,1
org.jfree.chart.axis.Axis.equals,2,52,54
org.jfree.chart.axis.LogarithmicAxis.computeLogFloor,17,0,17
org.jfree.chart.event.AnnotationChangeEvent.getAnnotation,1,0,1
org.jfree.chart.plot.MeterPlot.getValuePaint,1,0,1
org.jfree.chart.plot.PolarPlot.getRadiusGridlinePaint,1,0,1
org.jfree.chart.plot.CategoryPlot.addRangeMarker,0,19,19
org.jfree.chart.editor.DefaultPolarPlotEditor.validateTickUnit,7,0,7
org.jfree.chart.plot.RingPlot.setSeparatorsVisible,0,2,2
org.jfree.chart.ui.TextAnchor.<init>,0,1,1
org.jfree.chart.plot.dial.DialValueIndicator.setNumberFormat,3,0,3
org.jfree.chart.plot.Crosshair.getLabelGenerator,1,0,1
org.jfree.data.statistics.SimpleHistogramBin.setItemCount,0,1,1
org.jfree.chart.block.RectangleConstraint.toFixedHeight,0,1,1
org.jfree.chart.plot.CombinedRangeCategoryPlot.clone,0,9,9
org.jfree.data.gantt.TaskSeriesCollection.getRowCount,0,1,1
org.jfree.chart.title.LegendGraphic.draw,2,24,26
org.jfree.chart.util.CloneUtils.cloneList,9,0,9
org.jfree.chart.renderer.xy.HighLowRenderer.getCloseTickPaint,1,0,1
org.jfree.data.KeyedValues2DItemKey.getRowKey,1,0,1
org.jfree.data.gantt.XYTaskDataset.getSeriesCount,1,0,1
org.jfree.chart.annotations.TextAnnotation.readObject,0,2,2
org.jfree.chart.date.SpreadsheetDate.getDayOfMonth,0,1,1
org.jfree.chart.renderer.Outlier.<init>,0,2,2
org.jfree.chart.editor.DefaultPlotEditor.updatePlotProperties,56,0,56
org.jfree.chart.labels.CategorySeriesLabelGenerator.null,0,0,0
org.jfree.data.gantt.SlidingGanttCategoryDataset.setMaximumCategoryCount,1,3,4
org.jfree.chart.plot.ThermometerPlot.setFollowDataInSubranges,2,0,2
org.jfree.chart.renderer.AbstractRenderer.setTreatLegendShapeAsLine,0,3,3
org.jfree.data.time.TimeSeries.getMinY,0,1,1
org.jfree.chart.renderer.xy.XYShapeRenderer.setGuideLinesVisible,0,2,2
org.jfree.data.io.CSV.extractRowKeyAndData,14,0,14
org.jfree.chart.block.BlockContainer.equals,2,10,12
org.jfree.chart.plot.XYPlot.isDomainCrosshairLockedOnData,0,1,1
org.jfree.data.xy.DefaultXYZDataset.addSeries,3,12,15
org.jfree.data.xy.DefaultIntervalXYDataset.getX,1,0,1
org.jfree.data.xy.DefaultIntervalXYDataset.getY,1,0,1
org.jfree.chart.ui.GradientPaintTransformType.toString,1,0,1
org.jfree.chart.util.AttrStringUtils.isHorizontalCenter,1,0,1
org.jfree.chart.ui.UIUtils.createJButton,3,0,3
org.jfree.chart.event.ChartChangeEventType.toString,1,0,1
org.jfree.chart.util.RelativeDateFormat.getMinuteSuffix,0,1,1
org.jfree.chart.needle.MeterNeedle.hashCode,8,0,8
org.jfree.chart.plot.CategoryPlot.setRangeZeroBaselinePaint,0,3,3
org.jfree.chart.urls.CustomPieURLGenerator.addURLs,0,1,1
org.jfree.data.gantt.XYTaskDataset.getSeriesWidth,1,0,1
org.jfree.data.xy.OHLCDataItem.equals,5,11,16
org.jfree.chart.plot.CategoryPlot.getRangeAxis,0,8,8
org.jfree.chart.axis.CategoryAxis.getCategoryJava2DCoordinate,3,5,8
org.jfree.data.general.DatasetUtils.findRangeBounds,4,26,30
org.jfree.data.Range.hashCode,0,7,7
org.jfree.chart.plot.dial.DialValueIndicator.setOutlineStroke,0,3,3
org.jfree.chart.plot.Plot.fillBackground,6,10,16
org.jfree.chart.plot.dial.StandardDialScale.setStartAngle,0,2,2
org.jfree.chart.title.ImageTitle.getImage,1,0,1
org.jfree.chart.annotations.XYPointerAnnotation.getArrowPaint,1,0,1
org.jfree.data.time.TimePeriodValuesCollection.getSeries,0,3,3
org.jfree.data.xy.XIntervalSeriesCollection.getYValue,2,0,2
org.jfree.chart.plot.RingPlot.getCenterTextColor,1,0,1
org.jfree.chart.plot.dial.DialValueIndicator.clone,0,1,1
org.jfree.data.ComparableObjectSeries.hashCode,0,15,15
org.jfree.chart.renderer.category.AbstractCategoryItemRenderer.<init>,0,4,4
org.jfree.chart.LegendItem.getToolTipText,0,1,1
org.jfree.chart.axis.ExtendedCategoryAxis.setSubLabelFont,0,3,3
org.jfree.chart.util.ShapeList.readObject,3,3,6
org.jfree.data.xy.DefaultTableXYDataset.<init>,0,6,6
org.jfree.data.time.Millisecond.getFirstMillisecond,0,8,8
org.jfree.chart.axis.PeriodAxis.configure,2,0,2
org.jfree.chart.entity.TitleEntity.<init>,0,5,5
org.jfree.chart.util.SortOrder.<init>,0,1,1
org.jfree.data.general.DatasetUtils.createPieDatasetForColumn,8,0,8
org.jfree.chart.ChartFactory.createTimeSeriesChart,0,20,20
org.jfree.chart.title.PaintScaleLegend.isStripOutlineVisible,0,1,1
org.jfree.chart.plot.PiePlot.drawRightLabels,1,23,24
org.jfree.chart.LegendItem.setLabelPaint,0,1,1
org.jfree.chart.plot.dial.ArcDialFrame.getOuterWindow,13,0,13
org.jfree.chart.plot.dial.StandardDialScale.setMinorTickStroke,3,0,3
org.jfree.data.time.Hour.parseHour,0,11,11
org.jfree.chart.annotations.XYTextAnnotation.hashCode,0,13,13
org.jfree.chart.MouseWheelHandler.getZoomFactor,1,0,1
org.jfree.chart.axis.DateAxis.zoomRange,14,0,14
org.jfree.chart.axis.AxisSpace.getBottom,0,1,1
org.jfree.chart.ui.HorizontalAlignment.hashCode,0,1,1
org.jfree.data.time.ohlc.OHLCSeriesCollection.removeAllSeries,0,7,7
org.jfree.chart.plot.AbstractPieLabelDistributor.clear,0,1,1
org.jfree.chart.labels.IntervalCategoryItemLabelGenerator.<init>,0,3,3
org.jfree.chart.plot.dial.StandardDialScale.setMinorTickCount,1,3,4
org.jfree.data.Range.isNaNRange,0,1,1
org.jfree.chart.renderer.category.BarRenderer.equals,1,31,32
org.jfree.chart.plot.XYPlot.handleClick,10,0,10
org.jfree.data.jdbc.JDBCXYDataset.getRangeLowerBound,1,0,1
org.jfree.chart.plot.PolarPlot.draw,32,0,32
org.jfree.chart.util.DefaultShadowGenerator.<init>,1,6,7
org.jfree.chart.axis.Axis.setVisible,0,3,3
org.jfree.chart.plot.XYPlot.getDatasetIndices,0,8,8
org.jfree.chart.axis.ExtendedCategoryAxis.<init>,0,4,4
org.jfree.chart.renderer.xy.XYBarRenderer.setShadowVisible,0,2,2
org.jfree.chart.title.DateTitle.<init>,0,4,4
org.jfree.chart.plot.SeriesRenderingOrder.hashCode,1,0,1
org.jfree.data.general.AbstractSeriesDataset.<init>,0,1,1
org.jfree.data.time.FixedMillisecond.hashCode,0,1,1
org.jfree.chart.plot.dial.DialValueIndicator.setMaxTemplateValue,2,0,2
org.jfree.chart.renderer.category.LineAndShapeRenderer.getSeriesShapesVisible,0,1,1
org.jfree.data.time.TimeSeries.getRangeDescription,0,1,1
org.jfree.data.xy.XYSeriesCollection.clone,0,4,4
org.jfree.data.xy.DefaultHighLowDataset.getOpenValue,5,0,5
org.jfree.chart.editor.DefaultValueAxisEditor.isAutoRange,1,0,1
org.jfree.chart.plot.PiePlot.clearSectionOutlineStrokes,3,0,3
org.jfree.chart.renderer.xy.StackedXYBarRenderer.<init>,0,8,8
org.jfree.chart.block.RectangleConstraint.calculateConstrainedSize,0,26,26
org.jfree.data.xy.XYDatasetTableModel.setValueAt,1,0,1
org.jfree.chart.LegendRenderingOrder.toString,1,0,1
org.jfree.data.jdbc.JDBCXYDataset.getItemCount,2,0,2
org.jfree.chart.plot.Marker.readObject,0,7,7
org.jfree.chart.annotations.XYDataImageAnnotation.getImage,1,0,1
org.jfree.chart.text.TextBox.draw,0,19,19
org.jfree.data.KeyedValues2DItemKey.compareTo,4,0,4
org.jfree.chart.util.HexNumberFormat.format,9,0,9
org.jfree.chart.ChartPanel.removeChartMouseListener,0,1,1
org.jfree.data.time.TimeSeriesCollection.<init>,1,10,11
org.jfree.chart.plot.XYPlot.drawDomainGridlines,3,18,21
org.jfree.chart.axis.TickType.readResolve,2,4,6
org.jfree.data.xy.XYSeries.getMaxY,0,1,1
org.jfree.chart.renderer.xy.DeviationRenderer.initialise,4,0,4
org.jfree.chart.block.AbstractBlock.setBounds,0,2,2
org.jfree.chart.util.PaintAlpha.darkerRadialGradientPaint,4,0,4
org.jfree.data.gantt.TaskSeriesCollection.removeAll,6,0,6
org.jfree.chart.needle.PinNeedle.drawNeedle,20,0,20
org.jfree.chart.renderer.xy.XYDifferenceRenderer.getPassCount,1,0,1
org.jfree.data.statistics.HistogramBin.equals,3,8,11
org.jfree.chart.servlet.ServletUtilities.getTempFilePrefix,1,0,1
org.jfree.data.xy.XYDataItem.compareTo,1,10,11
org.jfree.chart.urls.TimeSeriesURLGenerator.<init>,0,9,9
org.jfree.chart.plot.PolarPlot.checkAxisIndices,13,0,13
org.jfree.chart.axis.NumberTick.<init>,0,4,4
org.jfree.chart.JFreeChart.setBorderStroke,0,2,2
org.jfree.chart.block.BlockContainer.clear,0,2,2
org.jfree.chart.renderer.category.GroupedStackedBarRenderer.calculateBarWidth,3,20,23
org.jfree.data.general.Series.firePropertyChange,0,1,1
org.jfree.chart.util.ArrayUtils.hasDuplicateItems,1,7,8
org.jfree.chart.entity.PieSectionEntity.setSectionKey,0,1,1
org.jfree.chart.ChartTransferable.getTransferData,3,0,3
org.jfree.chart.renderer.xy.CandlestickRenderer.setUpPaint,0,2,2
org.jfree.chart.labels.ItemLabelAnchor.equals,1,7,8
org.jfree.data.xy.XYSeries.getMaxX,0,1,1
org.jfree.chart.renderer.xy.DeviationRenderer.<init>,0,4,4
org.jfree.chart.ui.RectangleInsets.getUnitType,1,0,1
org.jfree.chart.util.ArrayUtils.<init>,0,0,0
org.jfree.data.xy.MatrixSeries.get,0,1,1
org.jfree.chart.axis.ModuloAxis.lengthToJava2D,9,0,9
org.jfree.chart.renderer.category.MinMaxCategoryRenderer.getIconHeight,2,0,2
org.jfree.chart.labels.IntervalXYItemLabelGenerator.<init>,3,2,5
org.jfree.chart.plot.dial.StandardDialRange.setPaint,0,3,3
org.jfree.chart.JFreeChart.clearSubtitles,6,0,6
org.jfree.chart.renderer.xy.XYSplineRenderer.getGradientPaintTransformer,1,0,1
org.jfree.chart.plot.DatasetRenderingOrder.hashCode,1,0,1
org.jfree.chart.JFreeChart.getElementHinting,0,1,1
org.jfree.data.category.DefaultIntervalCategoryDataset.getRowKey,1,2,3
org.jfree.chart.ChartPanel.getMaximumDrawWidth,1,0,1
org.jfree.chart.util.RelativeDateFormat.setMinuteFormatter,0,2,2
org.jfree.chart.event.ChartProgressEvent.setPercent,1,0,1
org.jfree.chart.title.ImageTitle.drawHorizontal,25,0,25
org.jfree.chart.block.ColorBlock.readObject,0,2,2
org.jfree.chart.plot.PolarPlot.getDatasetCount,1,0,1
org.jfree.chart.ui.RectangleInsets.getTop,0,1,1
org.jfree.chart.plot.dial.StandardDialScale.getMajorTickStroke,1,0,1
org.jfree.chart.plot.CategoryPlot.clearDomainAxes,5,0,5
org.jfree.chart.ChartPanel.restoreAutoBounds,1,7,8
org.jfree.chart.renderer.xy.XYErrorRenderer.getDrawXError,1,0,1
org.jfree.data.xy.XYSeriesCollection.vetoableChange,2,6,8
org.jfree.chart.plot.PiePlot.lookupSectionPaint,8,13,21
org.jfree.chart.plot.DefaultDrawingSupplier.getNextStroke,0,3,3
org.jfree.data.xy.XIntervalDataItem.getXHighValue,1,3,4
org.jfree.chart.util.AbstractObjectList.<init>,0,4,4
org.jfree.chart.util.LogFormat.getExponentFormat,1,0,1
org.jfree.chart.ui.VerticalAlignment.equals,2,6,8
org.jfree.chart.renderer.category.ScatterRenderer.setDrawOutlines,0,2,2
org.jfree.chart.title.LegendGraphic.getShapeLocation,1,0,1
org.jfree.chart.plot.XYPlot.clearDomainAxes,5,0,5
org.jfree.chart.plot.CategoryPlot.datasetsMappedToDomainAxis,2,11,13
org.jfree.chart.plot.SpiderWebPlot.isWebFilled,1,0,1
org.jfree.data.xy.YInterval.getY,0,1,1
org.jfree.chart.ChartPanel.getZoomTriggerDistance,1,0,1
org.jfree.data.category.SlidingCategoryDataset.setFirstCategoryIndex,1,3,4
org.jfree.chart.plot.PieLabelRecord.getBaseY,1,0,1
org.jfree.chart.plot.Marker.setLabelAnchor,0,3,3
org.jfree.data.xy.XYSeriesCollection.removeSeries,0,11,11
org.jfree.chart.StandardChartTheme.setGridBandAlternatePaint,0,2,2
org.jfree.data.statistics.BoxAndWhiskerItem.getMaxRegularValue,0,1,1
org.jfree.chart.title.LegendGraphic.readObject,0,8,8
org.jfree.chart.renderer.RendererState.setElementHinting,0,1,1
org.jfree.chart.axis.PeriodAxisLabelInfo.createInstance,0,5,5
org.jfree.chart.plot.CompassPlot.getCompassFont,5,0,5
org.jfree.chart.plot.Marker.removeChangeListener,0,1,1
org.jfree.data.xy.XYSeriesCollection.hashCode,4,0,4
org.jfree.chart.plot.PiePlot.getLabelLinkDepth,0,1,1
org.jfree.chart.text.TextBox.equals,9,13,22
org.jfree.chart.plot.CategoryPlot.setFixedDomainAxisSpace,0,4,4
org.jfree.chart.text.TextBlock.getLastLine,0,5,5
org.jfree.data.xy.IntervalXYDelegate.setAutoWidth,0,3,3
org.jfree.chart.plot.SpiderWebPlot.getAxisLinePaint,1,0,1
org.jfree.chart.ChartFactory.createBubbleChart,17,0,17
org.jfree.chart.renderer.xy.XYBarRenderer.drawItem,85,0,85
org.jfree.chart.plot.ThermometerPlot.getAxisLocation,1,0,1
org.jfree.chart.block.GridArrangement.equals,2,8,10
org.jfree.chart.JFreeChart.addProgressListener,0,1,1
org.jfree.chart.axis.CyclicNumberAxis.setAdvanceLineVisible,0,1,1
org.jfree.data.general.DatasetUtils.findCumulativeRangeBounds,1,17,18
org.jfree.data.time.TimeTableXYDataset.getDomainIsPointsInTime,0,1,1
org.jfree.chart.renderer.AbstractRenderer.getItemOutlinePaint,0,1,1
org.jfree.data.category.SlidingCategoryDataset.clone,0,5,5
org.jfree.chart.title.TextTitle.setFont,0,4,4
org.jfree.chart.date.MonthConstants.null,0,0,0
org.jfree.data.DefaultKeyedValues.equals,5,16,21
org.jfree.data.xy.OHLCDataItem.getOpen,1,0,1
org.jfree.data.time.ohlc.OHLCSeriesCollection.getOpen,1,0,1
org.jfree.chart.plot.CategoryPlot.drawRangeGridlines,6,19,25
org.jfree.data.time.TimePeriodValues.getMinMiddleIndex,0,1,1
org.jfree.data.xy.DefaultXYZDataset.indexOf,0,1,1
org.jfree.data.KeyedObjects2D.<init>,0,3,3
org.jfree.chart.panel.CrosshairOverlay.equals,3,7,10
org.jfree.data.KeyedValue.null,0,0,0
org.jfree.chart.date.SerialDate.lastDayOfMonth,0,6,6
org.jfree.chart.plot.MeterPlot.setTickLabelsVisible,0,3,3
org.jfree.chart.plot.CategoryPlot.getRangeCrosshairStroke,1,0,1
org.jfree.data.xy.YWithXInterval.<init>,0,3,3
org.jfree.chart.renderer.category.BarRenderer.drawItem,15,38,53
org.jfree.chart.editor.DefaultNumberAxisEditor.focusLost,3,0,3
org.jfree.chart.urls.CustomCategoryURLGenerator.clone,0,3,3
org.jfree.chart.util.PaintUtils.<init>,0,0,0
org.jfree.data.xy.IntervalXYDelegate.getDomainLowerBound,0,5,5
org.jfree.chart.renderer.AbstractRenderer.lookupSeriesFillPaint,0,9,9
org.jfree.chart.needle.MeterNeedle.setOutlinePaint,0,2,2
org.jfree.chart.plot.SpiderWebPlot.setBaseSeriesPaint,0,3,3
org.jfree.chart.ChartFactory.setChartTheme,9,0,9
org.jfree.chart.plot.CategoryCrosshairState.setColumnKey,0,1,1
org.jfree.data.time.FixedMillisecond.equals,1,3,4
org.jfree.data.general.AbstractDataset.readObject,0,3,3
org.jfree.chart.axis.CategoryAxis.getTickLabelFont,0,5,5
org.jfree.chart.annotations.XYTextAnnotation.getOutlineStroke,1,0,1
org.jfree.chart.renderer.AbstractRenderer.setDefaultEntityRadius,0,1,1
org.jfree.chart.block.AbstractBlock.trimMargin,0,2,2
org.jfree.data.statistics.DefaultBoxAndWhiskerCategoryDataset.getColumnKey,0,1,1
org.jfree.chart.plot.CategoryPlot.getRangeAxisLocation,1,4,5
org.jfree.chart.labels.StandardCategorySeriesLabelGenerator.hashCode,0,3,3
org.jfree.data.xy.XYIntervalSeriesCollection.equals,1,5,6
org.jfree.chart.plot.MeterPlot.setDrawBorder,0,2,2
org.jfree.chart.annotations.CategoryTextAnnotation.getCategory,0,1,1
org.jfree.data.time.DynamicTimeSeriesCollection.setSeriesKey,1,0,1
org.jfree.chart.renderer.DefaultPolarItemRenderer.getDrawOutlineWhenFilled,1,0,1
org.jfree.chart.renderer.xy.XYAreaRenderer.getLegendItem,3,22,25
org.jfree.chart.date.SerialDate.isValidMonthCode,16,0,16
org.jfree.data.xy.DefaultHighLowDataset.getY,1,0,1
org.jfree.data.xy.DefaultHighLowDataset.getX,1,0,1
org.jfree.chart.labels.IntervalXYToolTipGenerator.generateToolTip,1,0,1
org.jfree.data.general.SeriesChangeListener.null,0,0,0
org.jfree.chart.ui.ApplicationFrame.windowIconified,0,0,0
org.jfree.data.statistics.DefaultStatisticalCategoryDataset.getColumnIndex,0,1,1
org.jfree.chart.axis.CyclicNumberAxis.valueToJava2D,25,0,25
org.jfree.chart.plot.Plot.getDatasetGroup,1,0,1
org.jfree.data.general.WaferMapDataset.getChipValue,8,0,8
org.jfree.chart.plot.CombinedRangeCategoryPlot.calculateAxisSpace,12,29,41
org.jfree.chart.plot.MultiplePiePlot.setLegendItemShape,0,3,3
org.jfree.data.statistics.DefaultBoxAndWhiskerCategoryDataset.getMedianValue,0,10,10
org.jfree.chart.plot.MeterPlot.getIntervals,1,0,1
org.jfree.chart.renderer.category.LineAndShapeRenderer.setSeriesShapesFilled,0,3,3
org.jfree.chart.entity.AxisEntity.writeObject,2,0,2
org.jfree.chart.text.TextUtils.drawAlignedString,2,6,8
org.jfree.chart.renderer.category.GanttRenderer.getCompletePaint,1,0,1
org.jfree.chart.event.TitleChangeEvent.getTitle,1,0,1
org.jfree.chart.annotations.XYLineAnnotation.hashCode,0,11,11
org.jfree.chart.renderer.WaferMapRenderer.getPaintIndex,1,0,1
org.jfree.chart.plot.SpiderWebPlot.getToolTipGenerator,1,0,1
org.jfree.chart.renderer.xy.XYErrorRenderer.writeObject,0,3,3
org.jfree.data.time.Quarter.getQuarter,0,1,1
org.jfree.chart.plot.WaferMapPlot.setRenderer,6,0,6
org.jfree.chart.annotations.XYBoxAnnotation.<init>,2,8,10
org.jfree.data.xy.XYSeriesCollection.addSeries,0,7,7
org.jfree.chart.plot.MeterPlot.drawArcForInterval,1,11,12
org.jfree.chart.plot.CompassPlot.getDatasets,1,0,1
org.jfree.data.xml.ValueHandler.getCurrentText,1,0,1
org.jfree.chart.renderer.xy.XYBlockRenderer.drawItem,28,0,28
org.jfree.chart.plot.dial.DialPlot.getDataset,5,0,5
org.jfree.chart.renderer.xy.XYBoxAndWhiskerRenderer.readObject,0,3,3
org.jfree.chart.ChartPanel.getMaximumDrawHeight,1,0,1
org.jfree.chart.renderer.category.ScatterRenderer.getSeriesShapesFilled,4,0,4
org.jfree.chart.plot.CompassPlot.getPlotType,1,0,1
org.jfree.chart.block.BlockParams.setGenerateEntities,0,1,1
org.jfree.chart.renderer.xy.StackedXYAreaRenderer.getCurrentSeriesPoints,0,1,1
org.jfree.chart.plot.CategoryPlot.equals,0,102,102
org.jfree.chart.renderer.xy.XYLineAndShapeRenderer.setLastPointGood,1,0,1
org.jfree.data.general.DefaultPieDataset.sortByKeys,2,0,2
org.jfree.data.xy.YIntervalSeries.getDataItem,0,1,1
org.jfree.chart.plot.PolarPlot.equals,6,38,44
org.jfree.data.category.DefaultCategoryDataset.<init>,0,1,1
org.jfree.chart.annotations.AbstractXYAnnotation.<init>,0,3,3
org.jfree.chart.plot.MeterPlot.getRange,1,0,1
org.jfree.data.general.DatasetUtils.findZBounds,3,4,7
org.jfree.data.time.ohlc.OHLCSeriesCollection.setXPosition,0,3,3
org.jfree.chart.block.AbstractBlock.calculateTotalWidth,0,5,5
org.jfree.data.category.DefaultCategoryDataset.clear,0,2,2
org.jfree.chart.labels.AbstractCategoryItemLabelGenerator.createItemArray,2,13,15
org.jfree.data.DefaultKeyedValues.addValue,0,2,2
org.jfree.chart.plot.CategoryPlot.getDomainCrosshairStroke,1,0,1
org.jfree.chart.plot.FastScatterPlot.readObject,0,10,10
org.jfree.chart.renderer.category.BarRenderer.setShadowYOffset,0,2,2
org.jfree.chart.labels.AbstractCategoryItemLabelGenerator.generateColumnLabel,0,1,1
org.jfree.chart.ChartPanel.zoomOutBoth,1,7,8
org.jfree.chart.urls.CustomPieURLGenerator.clone,0,12,12
org.jfree.data.xy.XYSeries.getY,0,1,1
org.jfree.data.xy.XYSeries.getX,0,1,1
org.jfree.chart.plot.XYPlot.setRangeGridlinePaint,0,3,3
org.jfree.chart.util.AbstractObjectList.readObject,0,7,7
org.jfree.chart.servlet.ServletUtilities.registerChartForDeletion,7,0,7
org.jfree.data.xy.XYIntervalDataItem.<init>,0,1,1
org.jfree.chart.plot.CategoryPlot.getDatasetRenderingOrder,0,1,1
org.jfree.chart.plot.CategoryPlot.clearRangeMarkers,7,26,33
org.jfree.chart.date.SpreadsheetDate.isAfter,1,0,1
org.jfree.data.xy.XYItemKey.toString,6,0,6
org.jfree.chart.plot.PolarPlot.buildRadialTicks,7,0,7
org.jfree.chart.plot.MeterPlot.getDataset,0,1,1
org.jfree.chart.renderer.category.CategoryItemRendererState.getVisibleSeriesArray,5,0,5
org.jfree.chart.JFreeChart.getID,1,0,1
org.jfree.chart.plot.CategoryPlot.getIndexOf,1,3,4
org.jfree.chart.JFreeChart.drawTitle,13,27,40
org.jfree.data.gantt.TaskSeriesCollection.refreshKeys,0,10,10
org.jfree.chart.plot.FastScatterPlot.isDomainGridlinesVisible,0,1,1
org.jfree.chart.renderer.xy.StackedXYAreaRenderer.clone,0,1,1
org.jfree.chart.plot.XYPlot.drawRangeGridlines,3,19,22
org.jfree.chart.plot.FastScatterPlot.setDomainAxis,3,0,3
org.jfree.chart.plot.PolarPlot.refreshAngleTicks,6,0,6
org.jfree.data.ComparableObjectSeries.getAutoSort,0,1,1
org.jfree.data.xy.YIntervalSeriesCollection.clone,0,3,3
org.jfree.data.statistics.BoxAndWhiskerItem.getMean,0,1,1
org.jfree.chart.title.CompositeTitle.<init>,0,4,4
org.jfree.chart.renderer.xy.AbstractXYItemRenderer.fillDomainGridBand,10,0,10
org.jfree.chart.plot.PiePlot.setLabelShadowPaint,0,2,2
org.jfree.chart.plot.dial.StandardDialScale.writeObject,0,6,6
org.jfree.data.xy.XYIntervalDataItem.getX,0,1,1
org.jfree.chart.util.ExportUtils.isOrsonPDFAvailable,4,0,4
org.jfree.chart.text.TextBlock.equals,2,4,6
org.jfree.chart.plot.XYPlot.zoomDomainAxes,6,8,14
org.jfree.chart.labels.PieSectionLabelGenerator.null,0,0,0
org.jfree.data.gantt.SlidingGanttCategoryDataset.lastCategoryIndex,3,0,3
org.jfree.chart.entity.XYItemEntity.setItem,0,1,1
org.jfree.chart.axis.TickUnits.size,1,0,1
org.jfree.chart.renderer.xy.XYItemRendererState.getLastItemIndex,1,0,1
org.jfree.chart.axis.AxisCollection.<init>,0,4,4
org.jfree.chart.urls.TimeSeriesURLGenerator.getItemParameterName,1,0,1
org.jfree.data.statistics.Regression.getPolynomialRegression,50,0,50
org.jfree.chart.block.BlockParams.setTranslateX,1,0,1
org.jfree.chart.block.BlockParams.setTranslateY,1,0,1
org.jfree.data.xy.DefaultHighLowDataset.<init>,0,9,9
org.jfree.chart.axis.CategoryAxis.getCategoryMiddle,1,6,7
org.jfree.chart.renderer.category.CategoryStepRenderer.getStagger,1,0,1
org.jfree.chart.plot.PiePlot.setLegendItemShape,0,3,3
org.jfree.chart.labels.AbstractPieItemLabelGenerator.<init>,0,6,6
org.jfree.data.xy.DefaultXYZDataset.getX,1,0,1
org.jfree.data.xy.DefaultXYZDataset.getZ,1,0,1
org.jfree.data.xy.DefaultXYZDataset.getY,1,0,1
org.jfree.chart.axis.CategoryAxis.drawTickMarks,20,33,53
org.jfree.chart.renderer.category.StackedAreaRenderer.averageStackValues,4,0,4
org.jfree.chart.JFreeChart.removeChangeListener,0,2,2
org.jfree.chart.renderer.DefaultPolarItemRenderer.setLegendItemURLGenerator,2,0,2
org.jfree.chart.date.SerialDate.getPreviousDayOfWeek,9,0,9
org.jfree.chart.axis.NumberAxis.setMarkerBand,2,0,2
org.jfree.data.general.HeatMapUtils.extractColumnFromHeatMapDataset,6,0,6
org.jfree.chart.labels.BoxAndWhiskerXYToolTipGenerator.createItemArray,16,0,16
org.jfree.chart.plot.PieLabelLinkStyle.readResolve,1,7,8
org.jfree.chart.title.DateTitle.setDateFormat,1,0,1
org.jfree.data.time.ohlc.OHLC.hashCode,0,6,6
org.jfree.chart.plot.Crosshair.getLabelOutlinePaint,1,0,1
org.jfree.data.xy.XYSeries.equals,4,12,16
org.jfree.chart.labels.SymbolicXYItemLabelGenerator.hashCode,0,2,2
org.jfree.chart.plot.ThermometerPlot.getSubrangePaint,3,0,3
org.jfree.data.time.Week.hashCode,0,4,4
org.jfree.chart.renderer.category.LineAndShapeRenderer.clone,0,5,5
org.jfree.chart.needle.MeterNeedle.getOutlineStroke,1,0,1
org.jfree.chart.renderer.xy.StackedXYAreaRenderer.equals,2,8,10
org.jfree.chart.needle.ArrowNeedle.<init>,0,1,1
org.jfree.chart.labels.IntervalXYToolTipGenerator.equals,5,0,5
org.jfree.chart.axis.CyclicNumberAxis.getPeriod,1,0,1
org.jfree.chart.renderer.AbstractRenderer.getItemFillPaint,1,0,1
org.jfree.chart.editor.DefaultAxisEditor.getLabel,1,0,1
org.jfree.chart.axis.Axis.isAxisLineVisible,0,1,1
org.jfree.chart.renderer.xy.XYAreaRenderer.getPlotShapes,0,1,1
org.jfree.chart.annotations.CategoryLineAnnotation.draw,24,0,24
org.jfree.data.time.TimeSeries.minIgnoreNaN,0,5,5
org.jfree.data.xy.YIntervalSeries.getX,0,2,2
org.jfree.chart.title.LegendTitle.setItemLabelPadding,3,0,3
org.jfree.chart.axis.AxisSpace.setBottom,0,1,1
org.jfree.chart.axis.CyclicNumberAxis.centerRange,1,0,1
org.jfree.chart.plot.dial.StandardDialRange.hashCode,0,11,11
org.jfree.chart.axis.DateTickUnit.getRollUnitType,1,0,1
org.jfree.chart.plot.XYPlot.setRangeCrosshairStroke,0,3,3
org.jfree.data.time.Year.<init>,1,9,10
org.jfree.data.general.DefaultHeatMapDataset.getYSampleCount,0,1,1
org.jfree.chart.axis.Axis.createAttributedLabel,5,0,5
org.jfree.chart.plot.CombinedRangeXYPlot.getLegendItems,0,10,10
org.jfree.chart.StandardChartTheme.createLegacyTheme,1,0,1
org.jfree.data.xy.MatrixSeries.getColumnsCount,0,1,1
org.jfree.chart.ChartColor.createDefaultPaintArray,0,1,1
org.jfree.chart.entity.PlotEntity.readObject,2,0,2
org.jfree.chart.annotations.XYDataImageAnnotation.getWidth,1,0,1
org.jfree.chart.plot.CategoryPlot.isRangeCrosshairVisible,0,1,1
org.jfree.chart.annotations.XYTextAnnotation.isOutlineVisible,0,1,1
org.jfree.data.time.Minute.parseMinute,15,0,15
org.jfree.chart.renderer.xy.AbstractXYItemRenderer.getSeriesToolTipGenerator,1,0,1
org.jfree.chart.text.TextBox.setInteriorGap,0,1,1
org.jfree.chart.title.LegendTitle.getSources,0,1,1
org.jfree.chart.plot.MultiplePiePlot.readObject,0,4,4
org.jfree.chart.plot.ThermometerPlot.getLegendItems,1,0,1
org.jfree.chart.axis.Axis.setLabelFont,0,4,4
org.jfree.chart.plot.PieLabelRecord.setBaseY,1,0,1
org.jfree.data.xy.DefaultXYZDataset.getZValue,0,2,2
org.jfree.chart.urls.CustomXYURLGenerator.<init>,0,1,1
org.jfree.chart.block.BlockBorder.readObject,0,2,2
org.jfree.chart.encoders.SunPNGEncoderAdapter.getQuality,1,0,1
org.jfree.chart.plot.SpiderWebPlot.setSeriesPaint,0,4,4
org.jfree.chart.axis.LogAxis.getNumberFormatOverride,1,0,1
org.jfree.chart.StandardChartTheme.writeObject,0,21,21
org.jfree.chart.PaintMap.<init>,0,1,1
org.jfree.data.xy.YIntervalSeriesCollection.removeAllSeries,5,0,5
org.jfree.data.statistics.SimpleHistogramDataset.getItemCount,0,1,1
org.jfree.chart.plot.CategoryPlot.getOrientation,0,1,1
org.jfree.chart.servlet.ServletUtilities.setTempOneTimeFilePrefix,2,0,2
org.jfree.chart.plot.Crosshair.setLabelPaint,0,4,4
org.jfree.chart.block.LabelBlock.getFont,1,0,1
org.jfree.chart.axis.Axis.setTickMarkOutsideLength,0,2,2
org.jfree.chart.LegendItem.writeObject,0,10,10
org.jfree.data.json.impl.JSONValue.escape,40,0,40
org.jfree.chart.plot.SpiderWebPlot.setWebFilled,0,2,2
org.jfree.chart.renderer.AbstractRenderer.getItemLabelFont,4,0,4
org.jfree.data.DefaultKeyedValues.insertValue,3,11,14
org.jfree.data.category.DefaultCategoryDataset.removeColumn,2,2,4
org.jfree.data.xy.MatrixSeriesCollection.<init>,2,3,5
org.jfree.data.ComparableObjectSeries.setMaximumItemCount,0,7,7
org.jfree.chart.plot.RingPlot.setCenterTextFormatter,0,2,2
org.jfree.chart.StandardChartTheme.applyToCategoryAxis,3,5,8
org.jfree.chart.title.Title.removeChangeListener,0,1,1
org.jfree.chart.plot.ThermometerPlot.<init>,0,13,13
org.jfree.chart.axis.DateAxis.selectHorizontalAutoTickUnit,1,13,14
org.jfree.chart.plot.CrosshairState.updateCrosshairX,7,0,7
org.jfree.chart.block.AbstractBlock.trimToContentHeight,1,12,13
org.jfree.chart.plot.CrosshairState.updateCrosshairY,7,0,7
org.jfree.data.category.SlidingCategoryDataset.getColumnKeys,0,5,5
org.jfree.chart.util.AbstractObjectList.writeObject,0,9,9
org.jfree.chart.ChartPanel.removeOverlay,5,0,5
org.jfree.chart.renderer.AbstractRenderer.getSeriesNegativeItemLabelPosition,4,0,4
org.jfree.chart.renderer.xy.StandardXYItemRenderer.getLegendItem,4,26,30
org.jfree.data.xy.DefaultIntervalXYDataset.<init>,0,2,2
org.jfree.data.time.Year.getFirstMillisecond,0,4,4
org.jfree.chart.block.AbstractBlock.setMargin,1,2,3
org.jfree.data.time.DynamicTimeSeriesCollection.enterData,1,0,1
org.jfree.chart.plot.dial.DialPlot.getViewHeight,1,0,1
org.jfree.data.statistics.DefaultBoxAndWhiskerCategoryDataset.getRangeLowerBound,0,1,1
org.jfree.data.time.ohlc.OHLCSeriesCollection.hashCode,0,5,5
org.jfree.chart.plot.CategoryPlot.isRangeMinorGridlinesVisible,0,1,1
org.jfree.chart.plot.XYPlot.render,18,28,46
org.jfree.chart.plot.Crosshair.getLabelFont,1,0,1
org.jfree.data.general.AbstractDataset.addChangeListener,0,1,1
org.jfree.chart.util.ResourceBundleWrapper.<init>,0,0,0
org.jfree.chart.event.RendererChangeEvent.<init>,0,4,4
org.jfree.chart.plot.FastScatterPlot.setDomainGridlineStroke,0,3,3
org.jfree.chart.plot.PiePlotState.setPieArea,0,1,1
org.jfree.chart.renderer.category.LineAndShapeRenderer.setUseFillPaint,2,0,2
org.jfree.data.KeyedObjects.equals,6,15,21
org.jfree.chart.plot.CategoryPlot.getDomainGridlinePosition,0,1,1
org.jfree.chart.plot.ThermometerPlot.setAxisLocation,1,3,4
org.jfree.chart.ChartUtils.writeBufferedImageAsJPEG,2,0,2
org.jfree.chart.plot.MultiplePiePlot.setAggregatedItemsPaint,0,3,3
org.jfree.chart.renderer.category.LineAndShapeRenderer.setDefaultLinesVisible,0,2,2
org.jfree.chart.renderer.xy.XYBarRenderer.findRangeBounds,0,1,1
org.jfree.data.xy.YIntervalSeriesCollection.equals,1,5,6
org.jfree.chart.StandardChartTheme.setGridBandPaint,0,2,2
org.jfree.chart.urls.CustomXYURLGenerator.clone,0,3,3
org.jfree.chart.block.AbstractBlock.getBounds,0,1,1
org.jfree.chart.axis.NumberTickUnitSource.getCeilingTickUnit,1,13,14
org.jfree.chart.editor.DefaultNumberAxisEditor.validateTickUnit,7,0,7
org.jfree.chart.plot.dial.StandardDialScale.setTickLabelFormatter,3,0,3
org.jfree.chart.renderer.xy.XYStepAreaRenderer.setPlotArea,0,2,2
org.jfree.chart.title.Title.readObject,0,2,2
org.jfree.data.KeyedObjects2D.removeRow,0,6,6
org.jfree.chart.renderer.xy.XYDotRenderer.setDotHeight,1,3,4
org.jfree.data.xy.DefaultTableXYDataset.addSeries,1,6,7
org.jfree.chart.util.ShapeUtils.createRegularCross,15,0,15
org.jfree.chart.ui.StrokeChooserPanel.<init>,9,0,9
org.jfree.chart.plot.XYPlot.getRangeMinorGridlineStroke,1,0,1
org.jfree.chart.plot.XYPlot.getRangeAxisForDataset,0,8,8
org.jfree.chart.plot.XYPlot.getRendererIndices,0,8,8
org.jfree.data.category.DefaultCategoryDataset.getRowCount,0,1,1
org.jfree.chart.plot.ThermometerPlot.readObject,0,12,12
org.jfree.chart.axis.CategoryAxis.readObject,0,2,2
org.jfree.chart.renderer.category.AbstractCategoryItemRenderer.getColumnCount,0,1,1
org.jfree.chart.util.DefaultShadowGenerator.getDistance,1,0,1
org.jfree.data.xy.XYCoordinate.compareTo,12,0,12
org.jfree.data.general.DefaultHeatMapDataset.getMaximumYValue,0,1,1
org.jfree.chart.axis.Axis.<init>,0,24,24
org.jfree.chart.title.TextTitle.getURLText,1,0,1
org.jfree.chart.renderer.category.BarRenderer.readObject,0,2,2
org.jfree.chart.entity.ChartEntity.getURLText,1,0,1
org.jfree.chart.axis.LogarithmicAxis.setAllowNegativesFlag,0,1,1
org.jfree.chart.renderer.DefaultPolarItemRenderer.equals,13,17,30
org.jfree.chart.plot.dial.StandardDialFrame.getWindow,2,0,2
org.jfree.chart.plot.dial.StandardDialScale.readObject,0,6,6
org.jfree.data.xy.DefaultXYDataset.<init>,0,2,2
org.jfree.chart.plot.Marker.setLabelTextAnchor,0,3,3
org.jfree.data.time.TimePeriodAnchor.equals,1,7,8
org.jfree.chart.title.LegendTitle.setItemPaint,0,3,3
org.jfree.chart.plot.XYPlot.setRangeTickBandPaint,0,2,2
org.jfree.chart.renderer.category.LayeredBarRenderer.getSeriesBarWidth,1,4,5
org.jfree.chart.ChartFactory.createHighLowChart,8,0,8
org.jfree.chart.renderer.xy.XYAreaRenderer2.isOutline,0,1,1
org.jfree.chart.plot.PolarPlot.getDataRange,0,13,13
org.jfree.chart.axis.NumberAxis.calculateLowestVisibleTickValue,0,3,3
org.jfree.chart.plot.SpiderWebPlot.getPlotType,1,0,1
org.jfree.chart.StandardChartTheme.setShadowVisible,0,1,1
org.jfree.chart.util.ShadowGenerator.null,0,0,0
org.jfree.chart.axis.MarkerAxisBand.addMarker,1,0,1
org.jfree.chart.title.PaintScaleLegend.setSubdivisionCount,1,3,4
org.jfree.chart.servlet.DisplayChart.init,0,0,0
org.jfree.chart.util.Rotation.<init>,0,2,2
org.jfree.chart.title.LegendItemBlockContainer.<init>,0,3,3
org.jfree.chart.ChartFactory.createXYStepAreaChart,1,19,20
org.jfree.chart.editor.DefaultPlotEditor.getPlotInsets,3,0,3
org.jfree.chart.JFreeChart.getBackgroundImage,1,0,1
org.jfree.data.time.Month.getMonth,0,1,1
org.jfree.data.statistics.DefaultMultiValueCategoryDataset.getRangeLowerBound,4,0,4
org.jfree.data.statistics.SimpleHistogramBin.getLowerBound,0,1,1
org.jfree.chart.plot.MultiplePiePlot.getLegendItems,5,23,28
org.jfree.chart.plot.CategoryPlot.getShadowGenerator,1,0,1
org.jfree.chart.plot.CombinedRangeCategoryPlot.plotChanged,1,0,1
org.jfree.chart.text.TextBlock.getLines,1,0,1
org.jfree.chart.renderer.xy.XYBoxAndWhiskerRenderer.setFillBox,0,2,2
org.jfree.chart.plot.PiePlot.getLabelLinkMargin,0,1,1
org.jfree.chart.imagemap.OverLIBToolTipTagFragmentGenerator.generateToolTipFragment,0,1,1
org.jfree.chart.imagemap.ToolTipTagFragmentGenerator.null,0,0,0
org.jfree.chart.block.LabelBlock.setContentAlignmentPoint,0,2,2
org.jfree.chart.panel.AbstractOverlay.addChangeListener,2,0,2
org.jfree.chart.labels.ItemLabelPosition.getRotationAnchor,1,0,1
org.jfree.chart.axis.LogarithmicAxis.refreshTicksVertical,74,0,74
org.jfree.chart.axis.CategoryAxis.getCategoryLabelURL,0,2,2
org.jfree.chart.annotations.XYPointerAnnotation.getTipRadius,1,0,1
org.jfree.chart.renderer.xy.XYLineAndShapeRenderer.getDrawSeriesLineAsPath,1,0,1
org.jfree.chart.urls.CustomCategoryURLGenerator.equals,6,15,21
org.jfree.chart.date.SerialDate.getMonths,4,0,4
org.jfree.chart.renderer.AbstractRenderer.getSeriesFillPaint,0,1,1
org.jfree.data.time.ohlc.OHLCSeriesCollection.getXValue,4,0,4
org.jfree.chart.axis.PeriodAxis.setMinorTickMarkStroke,0,3,3
org.jfree.chart.util.XYCoordinateType.equals,2,6,8
org.jfree.chart.event.RendererChangeEvent.getRenderer,0,1,1
org.jfree.chart.plot.PiePlot.setSectionOutlinesVisible,0,2,2
org.jfree.data.time.RegularTimePeriod.getStart,0,1,1
org.jfree.data.time.SimpleTimePeriod.getStartMillis,1,0,1
org.jfree.chart.title.TextTitle.setExpandToFitSpace,0,2,2
org.jfree.chart.ChartPanel.setFillZoomRectangle,1,0,1
org.jfree.data.xy.AbstractXYZDataset.getZValue,5,0,5
org.jfree.chart.renderer.xy.StandardXYItemRenderer.readObject,0,2,2
org.jfree.data.time.DynamicTimeSeriesCollection.appendData,20,0,20
org.jfree.data.time.DynamicTimeSeriesCollection.getOldestIndex,1,0,1
org.jfree.chart.labels.StandardXYSeriesLabelGenerator.<init>,0,3,3
org.jfree.chart.plot.dial.DialPointer.writeObject,0,6,6
org.jfree.chart.plot.PieLabelRecord.equals,3,19,22
org.jfree.data.xy.VectorSeriesCollection.getSeries,1,2,3
org.jfree.chart.axis.AxisLabelLocation.equals,1,7,8
org.jfree.data.general.DefaultKeyedValueDataset.hashCode,1,0,1
org.jfree.chart.entity.StandardEntityCollection.getEntities,0,1,1
org.jfree.chart.ChartPanel.doSaveAs,12,0,12
org.jfree.data.xml.RootHandler.popSubHandler,1,0,1
org.jfree.chart.text.TextBox.setOutlineStroke,0,1,1
org.jfree.chart.plot.SpiderWebPlot.setBaseSeriesOutlineStroke,0,3,3
org.jfree.data.time.Year.toString,1,0,1
org.jfree.data.xy.XYCoordinate.hashCode,0,6,6
org.jfree.chart.text.TextBlock.addLine,0,2,2
org.jfree.data.xy.DefaultXYZDataset.getItemCount,1,3,4
org.jfree.chart.renderer.xy.XYBarRenderer.equals,3,29,32
org.jfree.chart.axis.AxisState.<init>,0,3,3
org.jfree.chart.plot.XYPlot.addDomainMarker,0,21,21
org.jfree.chart.ChartTransferable.getTransferDataFlavors,1,0,1
org.jfree.chart.event.MarkerChangeListener.null,0,0,0
org.jfree.data.xy.Vector.hashCode,0,6,6
org.jfree.chart.entity.XYItemEntity.getSeriesIndex,1,0,1
org.jfree.chart.renderer.xy.AbstractXYItemRenderer.drawDomainMarker,72,27,99
org.jfree.data.gantt.TaskSeriesCollection.<init>,0,2,2
org.jfree.chart.util.PaintList.<init>,0,1,1
org.jfree.chart.plot.dial.DialPointer.setFillPaint,0,3,3
org.jfree.data.general.DefaultKeyedValueDataset.equals,5,9,14
org.jfree.chart.plot.XYPlot.getRangeZeroBaselinePaint,1,0,1
org.jfree.chart.renderer.AbstractRenderer.getAutoPopulateSeriesOutlineStroke,0,1,1
org.jfree.data.time.Day.peg,0,2,2
org.jfree.chart.renderer.category.AbstractCategoryItemRenderer.calculateRangeMarkerTextAnchorPoint,6,0,6
org.jfree.chart.entity.PlotEntity.getPlot,1,0,1
org.jfree.chart.plot.dial.StandardDialRange.<init>,0,8,8
org.jfree.data.DomainOrder.readResolve,5,2,7
org.jfree.chart.JFreeChart.setSubtitles,10,0,10
org.jfree.chart.axis.PeriodAxis.getFirst,1,0,1
org.jfree.chart.block.AbstractBlock.getMargin,1,0,1
org.jfree.chart.plot.PieLabelRecord.<init>,0,8,8
org.jfree.chart.block.AbstractBlock.toContentConstraint,0,12,12
org.jfree.chart.plot.dial.DialValueIndicator.fixToRange,7,0,7
org.jfree.data.ComparableObjectItem.setObject,1,0,1
org.jfree.chart.axis.LogAxis.getBaseSymbol,1,0,1
org.jfree.chart.ui.TextAnchor.isLeft,0,1,1
org.jfree.data.time.ohlc.OHLCSeriesCollection.getCloseValue,3,0,3
org.jfree.data.xml.CategorySeriesHandler.<init>,2,0,2
org.jfree.chart.renderer.AbstractRenderer.setSeriesPositiveItemLabelPosition,0,4,4
org.jfree.chart.util.ObjectList.get,0,1,1
org.jfree.data.time.DynamicTimeSeriesCollection.fireSeriesChanged,1,0,1
org.jfree.data.xy.VectorSeries.getVectorYValue,2,0,2
org.jfree.chart.title.LegendTitle.setLegendItemGraphicLocation,0,1,1
org.jfree.chart.plot.CompassPlot.writeObject,0,4,4
org.jfree.chart.plot.PiePlot.getLabelOutlineStroke,1,0,1
org.jfree.chart.needle.LineNeedle.drawNeedle,8,0,8
org.jfree.chart.renderer.LookupPaintScale.PaintItem,0,2,2
org.jfree.data.category.DefaultIntervalCategoryDataset.getSeriesCount,0,4,4
org.jfree.chart.axis.PeriodAxis.getAutoRangeTimePeriodClass,1,0,1
org.jfree.chart.annotations.XYLineAnnotation.<init>,1,9,10
org.jfree.chart.renderer.xy.WindItemRenderer.drawItem,45,0,45
org.jfree.data.xy.DefaultTableXYDataset.isAutoWidth,0,1,1
org.jfree.chart.renderer.AbstractRenderer.getItemOutlineStroke,0,1,1
org.jfree.chart.axis.LogAxis.getTickUnit,0,1,1
org.jfree.chart.plot.PlotOrientation.hashCode,1,0,1
org.jfree.chart.entity.PieSectionEntity.getSectionIndex,1,0,1
org.jfree.chart.annotations.CategoryPointerAnnotation.equals,2,22,24
org.jfree.data.statistics.Statistics.getStdDev,0,9,9
org.jfree.chart.urls.CustomPieURLGenerator.getURLCount,0,5,5
org.jfree.chart.renderer.xy.XYDotRenderer.readObject,0,2,2
org.jfree.chart.util.LogFormat.format,12,0,12
org.jfree.data.statistics.SimpleHistogramDataset.getSeriesKey,1,0,1
org.jfree.chart.plot.Plot.setBackgroundImage,2,0,2
org.jfree.chart.StandardChartTheme.setRegularFont,0,2,2
org.jfree.data.xy.XYZDataset.null,0,0,0
org.jfree.chart.plot.CrosshairState.setCrosshairX,0,1,1
org.jfree.chart.plot.CrosshairState.setCrosshairY,0,1,1
org.jfree.chart.axis.SymbolAxis.setGridBandsVisible,0,2,2
org.jfree.data.KeyedObjects2D.removeObject,4,26,30
org.jfree.data.io.CSV.removeStringDelimiters,6,0,6
org.jfree.data.xml.KeyHandler.startElement,3,0,3
org.jfree.data.statistics.StatisticalCategoryDataset.null,0,0,0
org.jfree.chart.axis.DateAxis.getMinimumDate,1,6,7
org.jfree.chart.ChartRenderingInfo.equals,1,11,12
org.jfree.chart.title.Title.setHorizontalAlignment,0,4,4
org.jfree.data.json.impl.JSONAware.null,0,0,0
org.jfree.chart.block.BlockFrame.null,0,0,0
org.jfree.data.category.SlidingCategoryDataset.equals,2,10,12
org.jfree.chart.renderer.xy.XYLineAndShapeRenderer.drawItem,3,9,12
org.jfree.chart.axis.LogAxis.calculateValue,0,1,1
org.jfree.chart.renderer.xy.AbstractXYItemRenderer.drawDomainLine,2,14,16
org.jfree.chart.LegendItem.getLabel,0,1,1
org.jfree.data.category.SlidingCategoryDataset.getRowKeys,1,0,1
org.jfree.chart.ui.UIUtils.centerDialogInParent,1,0,1
org.jfree.chart.axis.Axis.setTickLabelInsets,0,4,4
org.jfree.chart.renderer.xy.XYAreaRenderer2.setLegendArea,0,3,3
org.jfree.chart.plot.PiePlot.drawLeftLabels,1,23,24
org.jfree.chart.annotations.CategoryLineAnnotation.setStroke,0,3,3
org.jfree.chart.JFreeChart.getXYPlot,1,0,1
org.jfree.chart.renderer.xy.CandlestickRenderer.<init>,0,10,10
org.jfree.chart.plot.DefaultDrawingSupplier.intArray,0,2,2
org.jfree.chart.plot.PiePlot.getSectionKey,1,6,7
org.jfree.chart.renderer.AbstractRenderer.setDefaultPositiveItemLabelPosition,0,5,5
org.jfree.chart.title.TextTitle.drawVertical,28,0,28
org.jfree.chart.axis.AxisState.setTicks,0,1,1
org.jfree.chart.renderer.category.BarRenderer.findRangeBounds,0,7,7
org.jfree.chart.ChartPanel.getMinimumDrawHeight,1,0,1
org.jfree.data.xy.MatrixSeries.<init>,0,3,3
org.jfree.chart.renderer.category.BoxAndWhiskerRenderer.setMedianVisible,1,3,4
org.jfree.chart.renderer.WaferMapRenderer.getChipColor,1,0,1
org.jfree.data.xy.XYIntervalDataItem.getYValue,1,3,4
org.jfree.chart.renderer.category.StandardBarPainter.hashCode,0,2,2
org.jfree.chart.axis.DateAxis.setMaximumDate,0,10,10
org.jfree.chart.plot.PiePlot.getAutoPopulateSectionOutlinePaint,0,1,1
org.jfree.chart.ui.LCBLayout.preferredLayoutSize,17,0,17
org.jfree.chart.axis.PeriodAxis.setMinorTickTimePeriodClass,0,3,3
org.jfree.chart.annotations.AbstractXYAnnotation.setURL,1,0,1
org.jfree.chart.renderer.xy.CandlestickRenderer.readObject,0,4,4
org.jfree.data.general.WaferMapDataset.setChipSpace,1,0,1
org.jfree.chart.renderer.xy.StandardXYItemRenderer.equals,2,24,26
org.jfree.chart.labels.StandardXYSeriesLabelGenerator.equals,1,7,8
org.jfree.chart.plot.PiePlot.getPieIndex,1,0,1
org.jfree.data.Range.intersects,1,3,4
org.jfree.data.statistics.SimpleHistogramDataset.getDomainOrder,1,0,1
org.jfree.chart.block.LineBorder.equals,1,11,12
org.jfree.data.time.Week.stringToWeek,8,0,8
org.jfree.data.xy.DefaultHighLowDataset.getVolumeValue,5,0,5
org.jfree.chart.plot.CombinedRangeCategoryPlot.getDataRange,0,7,7
org.jfree.chart.axis.DateTickUnitType.readResolve,1,14,15
org.jfree.chart.renderer.xy.DeviationRenderer.setDrawSeriesLineAsPath,0,0,0
org.jfree.data.statistics.DefaultBoxAndWhiskerXYDataset.getSeriesKey,0,1,1
org.jfree.chart.util.RelativeDateFormat.getPositivePrefix,1,0,1
org.jfree.data.statistics.SimpleHistogramDataset.getAdjustForBinSize,1,0,1
org.jfree.data.general.WaferMapDataset.getMaxValue,1,0,1
org.jfree.chart.axis.NumberTickUnit.hashCode,0,3,3
org.jfree.data.time.Second.getSerialIndex,0,3,3
org.jfree.data.xy.XYBarDataset.getItemCount,0,1,1
org.jfree.chart.plot.Plot.getBackgroundImageAlpha,1,0,1
org.jfree.chart.labels.IntervalXYItemLabelGenerator.clone,1,0,1
org.jfree.chart.renderer.xy.XYDifferenceRenderer.getPositivePaint,1,0,1
org.jfree.chart.plot.Plot.drawNoDataMessage,4,5,9
org.jfree.chart.block.CenterArrangement.clear,0,0,0
org.jfree.chart.annotations.XYTitleAnnotation.getTitle,1,0,1
org.jfree.data.gantt.XYTaskDataset.getSeriesEndValue,1,0,1
org.jfree.data.xy.XYIntervalSeriesCollection.getItemCount,0,1,1
org.jfree.data.category.DefaultIntervalCategoryDataset.setCategoryKeys,3,5,8
org.jfree.chart.plot.dial.StandardDialRange.getPaint,1,0,1
org.jfree.chart.labels.XYItemLabelGenerator.null,0,0,0
org.jfree.chart.entity.CategoryItemEntity.getDataset,1,0,1
org.jfree.chart.axis.MarkerAxisBand.equals,3,15,18
org.jfree.chart.axis.Axis.setTickLabelPaint,0,3,3
org.jfree.data.general.DefaultKeyedValueDataset.updateValue,1,2,3
org.jfree.data.time.TimeSeriesCollection.getSurroundingItems,0,11,11
org.jfree.chart.plot.dial.StandardDialScale.valueToAngle,0,3,3
org.jfree.chart.title.TextTitle.equals,0,24,24
org.jfree.chart.plot.Marker.getLabel,0,1,1
org.jfree.chart.plot.PiePlot.getDefaultSectionOutlinePaint,1,0,1
org.jfree.chart.StandardChartTheme.setPlotOutlinePaint,0,2,2
org.jfree.chart.plot.dial.DialTextAnnotation.equals,3,15,18
org.jfree.chart.ChartUtils.writeChartAsPNG,9,0,9
org.jfree.chart.ChartRenderingInfo.getEntityCollection,0,1,1
org.jfree.chart.axis.CategoryAxis.setLowerMargin,0,2,2
org.jfree.chart.plot.DefaultDrawingSupplier.writeObject,0,21,21
org.jfree.chart.annotations.CategoryLineAnnotation.readObject,0,3,3
org.jfree.data.xy.XYBarDataset.getXValue,0,1,1
org.jfree.data.gantt.TaskSeriesCollection.getSeriesCount,0,1,1
org.jfree.chart.renderer.AbstractRenderer.getDefaultPaint,0,1,1
org.jfree.chart.plot.XYPlot.setDomainZeroBaselineStroke,3,0,3
org.jfree.chart.block.LabelBlock.getURLText,1,0,1
org.jfree.chart.block.AbstractBlock.setBorder,1,0,1
org.jfree.chart.axis.LogAxis.calculateLog,0,1,1
org.jfree.chart.renderer.DefaultPolarItemRenderer.getLegendLine,1,0,1
org.jfree.data.xy.YInterval.<init>,0,3,3
org.jfree.data.xy.VectorSeriesCollection.equals,1,5,6
org.jfree.chart.renderer.xy.XYLineAndShapeRenderer.drawPrimaryLineAsPath,21,0,21
org.jfree.chart.annotations.XYLineAnnotation.equals,4,16,20
org.jfree.data.statistics.HistogramDataset.getSeriesCount,0,1,1
org.jfree.chart.plot.CombinedRangeCategoryPlot.readObject,0,4,4
org.jfree.chart.renderer.category.StackedBarRenderer.drawItem,60,0,60
org.jfree.chart.renderer.xy.AbstractXYItemRenderer.getToolTipGenerator,1,3,4
org.jfree.data.time.TimePeriod.null,0,0,0
org.jfree.chart.annotations.CategoryPointerAnnotation.setAngle,0,2,2
org.jfree.chart.entity.AxisEntity.toString,4,0,4
org.jfree.data.xy.DefaultXYDataset.hashCode,4,0,4
org.jfree.chart.block.LengthConstraintType.equals,8,0,8
org.jfree.data.statistics.DefaultStatisticalCategoryDataset.removeColumn,6,0,6
org.jfree.chart.block.RectangleConstraint.toUnconstrainedHeight,1,2,3
org.jfree.chart.needle.MeterNeedle.defaultDisplay,7,0,7
org.jfree.chart.axis.ExtendedCategoryAxis.addSubLabel,0,1,1
org.jfree.data.xy.AbstractXYDataset.getXValue,0,5,5
org.jfree.data.time.TimeSeriesCollection.getSeries,1,11,12
org.jfree.chart.StandardChartTheme.applyToFastScatterPlot,8,0,8
org.jfree.data.xy.DefaultXYDataset.getItemCount,1,3,4
org.jfree.chart.plot.Marker.setLabelOffsetType,0,3,3
org.jfree.chart.renderer.AbstractRenderer.getLegendTextFont,0,1,1
org.jfree.chart.JFreeChart.getTextAntiAlias,1,0,1
org.jfree.chart.title.Title.isVisible,0,1,1
org.jfree.chart.plot.Plot.zoom,0,0,0
org.jfree.chart.plot.DefaultDrawingSupplier.getNextOutlineStroke,0,3,3
org.jfree.data.xy.XIntervalSeries.getXHighValue,0,2,2
org.jfree.chart.axis.AxisCollection.getAxesAtTop,0,1,1
org.jfree.chart.title.LegendGraphic.setShapeOutlineVisible,0,1,1
org.jfree.chart.text.TextBox.getShadowPaint,1,0,1
org.jfree.data.xy.XYIntervalSeriesCollection.clone,1,5,6
org.jfree.chart.renderer.xy.AbstractXYItemRenderer.findRangeBounds,1,21,22
org.jfree.chart.plot.dial.StandardDialScale.setLowerBound,2,0,2
org.jfree.data.statistics.HistogramDataset.getSeriesKey,0,2,2
org.jfree.data.xy.CategoryTableXYDataset.setIntervalWidth,0,2,2
org.jfree.data.xy.XYDataItem.hashCode,0,4,4
org.jfree.chart.plot.CombinedDomainXYPlot.getDataRange,0,6,6
org.jfree.data.gantt.Task.removeSubtask,0,1,1
org.jfree.chart.plot.MeterPlot.draw,7,58,65
org.jfree.data.time.TimeTableXYDataset.getDomainLowerBound,5,0,5
org.jfree.data.time.DynamicTimeSeriesCollection.getNewestTime,1,0,1
org.jfree.chart.axis.ValueAxis.zoomRange,3,7,10
org.jfree.chart.StandardChartTheme.clone,0,1,1
org.jfree.data.time.TimeTableXYDataset.<init>,0,7,7
org.jfree.chart.plot.XYPlot.getQuadrantPaint,3,0,3
org.jfree.chart.axis.LogarithmicAxis.setLog10TickLabelsFlag,0,1,1
org.jfree.data.xy.DefaultOHLCDataset.getHigh,0,1,1
org.jfree.chart.block.AbstractBlock.setFrame,0,2,2
org.jfree.data.xy.DefaultTableXYDataset.setAutoWidth,0,2,2
org.jfree.chart.plot.dial.DialBackground.writeObject,0,2,2
org.jfree.chart.ChartFactory.createWaferMapChart,7,0,7
org.jfree.chart.plot.ThermometerPlot.getUnits,1,0,1
org.jfree.data.xy.XYIntervalSeries.getXLowValue,0,2,2
org.jfree.chart.LegendItem.setOutlineStroke,0,2,2
org.jfree.chart.ui.FontChooserPanel.getSelectedSize,4,0,4
org.jfree.chart.util.ShapeList.writeObject,5,4,9
org.jfree.chart.annotations.TextAnnotation.equals,2,16,18
org.jfree.chart.util.HexNumberFormat.getNumberOfDigits,1,0,1
org.jfree.data.time.Day.getYear,0,1,1
org.jfree.data.DefaultKeyedValues2D.equals,7,20,27
org.jfree.chart.renderer.category.StackedAreaRenderer.equals,2,6,8
org.jfree.data.xy.YWithXInterval.getXHigh,0,1,1
org.jfree.chart.plot.XYPlot.setRangeZeroBaselineVisible,0,2,2
org.jfree.chart.labels.StandardXYZToolTipGenerator.generateLabelString,4,0,4
org.jfree.data.DataUtils.createNumberArray,0,5,5
org.jfree.chart.renderer.xy.XYDifferenceRenderer.setShapesVisible,2,0,2
org.jfree.chart.plot.MeterPlot.setDialShape,0,3,3
org.jfree.data.xy.XIntervalSeriesCollection.getStartXValue,2,0,2
org.jfree.chart.plot.MeterPlot.getTickLabelFormat,0,1,1
org.jfree.chart.util.ObjectList.indexOf,0,1,1
org.jfree.chart.annotations.XYPointerAnnotation.writeObject,0,3,3
org.jfree.chart.ChartFactory.createXYAreaChart,1,17,18
org.jfree.chart.plot.XYPlot.isDomainZeroBaselineVisible,0,1,1
org.jfree.chart.plot.ThermometerPlot.clone,0,10,10
org.jfree.data.general.DefaultHeatMapDataset.getZ,1,0,1
org.jfree.chart.plot.RingPlot.writeObject,0,3,3
org.jfree.chart.plot.WaferMapPlot.draw,10,0,10
org.jfree.chart.plot.FastScatterPlot.<init>,0,20,20
org.jfree.chart.StandardChartTheme.applyToThermometerPlot,5,0,5
org.jfree.chart.block.RectangleConstraint.getWidthRange,0,1,1
org.jfree.data.time.TimeSeries.clone,0,3,3
org.jfree.chart.annotations.AbstractAnnotation.notifyListeners,0,4,4
org.jfree.data.general.DefaultPieDataset.getValue,0,6,6
org.jfree.chart.plot.dial.DialPlot.addScale,0,8,8
org.jfree.chart.plot.CompassPlot.draw,86,0,86
org.jfree.chart.block.EntityBlockParams.null,0,0,0
org.jfree.data.jdbc.JDBCXYDataset.getSeriesKey,3,0,3
org.jfree.chart.plot.CategoryPlot.getDomainAxisLocation,1,4,5
org.jfree.chart.text.TextBlock.draw,2,13,15
org.jfree.chart.axis.ValueAxis.getLowerMargin,0,1,1
org.jfree.chart.axis.ValueAxis.getLeftArrow,1,0,1
org.jfree.chart.labels.StandardCrosshairLabelGenerator.hashCode,0,1,1
org.jfree.chart.axis.ExtendedCategoryAxis.getSubLabelFont,1,0,1
org.jfree.data.gantt.TaskSeriesCollection.equals,1,7,8
org.jfree.data.KeyedValueComparator.getOrder,1,0,1
org.jfree.chart.StandardChartTheme.getThermometerPaint,1,0,1
org.jfree.chart.plot.PieLabelDistributor.adjustDownwards,0,5,5
org.jfree.chart.editor.DefaultValueAxisEditor.toggleAutoRange,8,0,8
org.jfree.chart.editor.DefaultPlotEditor.getDomainAxisPropertyEditPanel,1,0,1
org.jfree.chart.title.ShortTextTitle.arrangeFN,6,0,6
org.jfree.chart.labels.StandardXYToolTipGenerator.generateToolTip,1,0,1
org.jfree.chart.StandardChartTheme.setLargeFont,0,2,2
org.jfree.chart.plot.CategoryPlot.getCrosshairDatasetIndex,1,0,1
org.jfree.chart.renderer.category.BarRenderer.calculateBarW0,0,13,13
org.jfree.data.category.DefaultCategoryDataset.hashCode,1,0,1
org.jfree.chart.axis.ValueAxis.setLowerBound,0,3,3
org.jfree.chart.axis.AxisState.cursorLeft,0,1,1
org.jfree.chart.renderer.xy.XYBubbleRenderer.getScaleType,1,0,1
org.jfree.chart.annotations.AbstractAnnotation.readObject,0,2,2
org.jfree.chart.axis.CompassFormat.getDirectionCode,5,0,5
org.jfree.data.gantt.TaskSeries.remove,2,0,2
org.jfree.chart.plot.ThermometerPlot.getValuePaint,1,0,1
org.jfree.chart.labels.StandardCategoryItemLabelGenerator.equals,0,5,5
org.jfree.chart.editor.DefaultAxisEditor.attemptModifyLabelPaint,4,0,4
org.jfree.chart.JFreeChart.removeProgressListener,0,1,1
org.jfree.chart.plot.RingPlot.getSeparatorsVisible,1,0,1
org.jfree.chart.LegendRenderingOrder.readResolve,5,0,5
org.jfree.data.time.DynamicTimeSeriesCollection.wrapOffset,6,0,6
org.jfree.chart.ui.RectangleEdge.hashCode,0,1,1
org.jfree.data.xy.VectorSeries.<init>,0,2,2
org.jfree.data.statistics.DefaultBoxAndWhiskerCategoryDataset.getRowIndex,0,1,1
org.jfree.chart.plot.CategoryPlot.calculateRangeAxisSpace,6,9,15
org.jfree.chart.plot.MeterPlot.drawTicks,0,2,2
org.jfree.chart.LegendItem.<init>,2,53,55
org.jfree.chart.renderer.category.StackedAreaRenderer.getPassCount,1,0,1
org.jfree.data.category.CategoryToPieDataset.equals,7,14,21
org.jfree.data.xy.Vector.getAngle,1,0,1
org.jfree.chart.renderer.category.ScatterRenderer.setUseSeriesOffset,0,2,2
org.jfree.chart.LegendItem.getSeriesKey,0,1,1
org.jfree.chart.renderer.xy.HighLowRenderer.setTickLength,0,2,2
org.jfree.data.xy.VectorSeriesCollection.indexOf,2,0,2
org.jfree.chart.axis.AxisCollection.getAxesAtBottom,0,1,1
org.jfree.data.time.TimePeriodValue.hashCode,4,0,4
org.jfree.chart.renderer.xy.XYStepAreaRenderer.setRangeBase,0,2,2
org.jfree.data.KeyedObject.<init>,0,2,2
org.jfree.chart.text.TextFragment.draw,0,3,3
org.jfree.data.time.TimeTableXYDataset.getEndX,1,0,1
org.jfree.chart.ChartRenderingInfo.clear,0,4,4
org.jfree.data.time.TimeTableXYDataset.getEndY,1,0,1
org.jfree.data.xy.VectorSeriesCollection.getSeriesCount,0,1,1
org.jfree.chart.plot.CombinedDomainCategoryPlot.draw,5,22,27
org.jfree.chart.renderer.xy.XYStepRenderer.<init>,0,5,5
org.jfree.chart.plot.WaferMapPlot.setDataset,7,0,7
org.jfree.data.xml.CategorySeriesHandler.addItem,1,0,1
org.jfree.chart.plot.FastScatterPlot.getRangeGridlinePaint,0,1,1
org.jfree.data.KeyToGroupMap.equals,1,9,10
org.jfree.chart.ui.VerticalAlignment.readResolve,2,5,7
org.jfree.data.general.DefaultPieDataset.clone,0,3,3
org.jfree.chart.ui.LCBLayout.layoutContainer,35,0,35
org.jfree.chart.block.ColorBlock.equals,1,7,8
org.jfree.chart.renderer.xy.StackedXYAreaRenderer.initialise,0,3,3
org.jfree.chart.annotations.AbstractAnnotation.clone,0,3,3
org.jfree.chart.axis.AxisCollection.getAxesAtRight,0,1,1
org.jfree.chart.entity.LegendItemEntity.toString,1,0,1
org.jfree.chart.title.LegendGraphic.arrange,18,8,26
org.jfree.chart.block.LabelBlock.clone,0,1,1
org.jfree.chart.plot.XYPlot.setRangeZeroBaselineStroke,0,3,3
org.jfree.chart.plot.PiePlot.readObject,0,13,13
org.jfree.chart.renderer.category.MinMaxCategoryRenderer.<init>,0,1,1
org.jfree.chart.util.AttrStringUtils.deriveTextBoundsAnchorOffsets,29,0,29
org.jfree.chart.plot.SpiderWebPlot.getPlotValue,2,4,6
org.jfree.chart.plot.MeterPlot.setTickSize,1,3,4
org.jfree.chart.annotations.CategoryLineAnnotation.clone,0,1,1
org.jfree.chart.annotations.XYTextAnnotation.setPaint,0,3,3
org.jfree.chart.plot.dial.StandardDialRange.draw,13,0,13
org.jfree.chart.util.ResourceBundleWrapper.removeCodeBase,7,0,7
org.jfree.chart.plot.dial.StandardDialScale.angleToValue,0,3,3
org.jfree.chart.block.ColumnArrangement.equals,0,14,14
org.jfree.chart.renderer.AbstractRenderer.setDefaultPaint,0,4,4
org.jfree.chart.plot.CategoryPlot.<init>,0,62,62
org.jfree.data.time.DynamicTimeSeriesCollection.getDomainBounds,3,0,3
org.jfree.chart.text.TextLine.calculateDimensions,0,9,9
org.jfree.chart.ChartFactory.createXYStepChart,1,19,20
org.jfree.chart.panel.CrosshairOverlay.textAlignPtForLabelAnchorH,18,0,18
org.jfree.chart.renderer.category.BarRenderer.setDefaultBarPainter,2,0,2
org.jfree.chart.renderer.category.MinMaxCategoryRenderer.isDrawLines,1,0,1
org.jfree.chart.urls.XYZURLGenerator.null,0,0,0
org.jfree.chart.ui.RectangleInsets.calculateTopOutset,1,3,4
org.jfree.chart.renderer.xy.StandardXYItemRenderer.getGapThresholdType,1,0,1
org.jfree.chart.ChartMouseEvent.getTrigger,1,0,1
org.jfree.chart.plot.PolarPlot.drawAxis,32,0,32
org.jfree.data.statistics.BoxAndWhiskerItem.<init>,0,10,10
org.jfree.chart.panel.CrosshairOverlay.textAlignPtForLabelAnchorV,18,0,18
org.jfree.chart.annotations.AbstractAnnotation.getNotify,1,0,1
org.jfree.chart.renderer.xy.XYBoxAndWhiskerRenderer.drawItem,1,4,5
org.jfree.chart.plot.dial.DialLayer.null,0,0,0
org.jfree.chart.renderer.xy.XYAreaRenderer.drawItem,56,46,102
org.jfree.chart.text.TextBlock.calculateDimensions,0,9,9
org.jfree.chart.renderer.xy.XYLineAndShapeRenderer.writeObject,0,2,2
org.jfree.chart.title.Title.writeObject,0,1,1
org.jfree.chart.renderer.category.BoxAndWhiskerRenderer.getMaximumBarWidth,0,1,1
org.jfree.chart.axis.Axis.labelLocationX,4,3,7
org.jfree.chart.util.ObjectUtils.deepClone,2,9,11
org.jfree.chart.axis.Axis.labelLocationY,4,3,7
org.jfree.chart.plot.dial.DialCap.<init>,0,4,4
org.jfree.chart.renderer.category.ScatterRenderer.getDrawOutlines,1,0,1
org.jfree.data.category.DefaultIntervalCategoryDataset.getRowIndex,0,1,1
org.jfree.chart.renderer.OutlierListCollection.updateOutlierList,5,0,5
org.jfree.chart.plot.PieLabelDistributor.adjustInwards,16,0,16
org.jfree.chart.StandardChartTheme.createDarknessTheme,21,0,21
org.jfree.chart.annotations.XYPointerAnnotation.clone,0,1,1
org.jfree.data.general.Series.isEmpty,0,1,1
org.jfree.chart.renderer.xy.AbstractXYItemRenderer.setPlot,0,1,1
org.jfree.data.jdbc.JDBCCategoryDataset.<init>,7,0,7
org.jfree.chart.axis.Axis.addChangeListener,0,1,1
org.jfree.chart.renderer.category.LineAndShapeRenderer.getDrawOutlines,0,1,1
org.jfree.chart.editor.DefaultAxisEditor.setAxisProperties,9,0,9
org.jfree.chart.renderer.category.GroupedStackedBarRenderer.findRangeBounds,0,4,4
org.jfree.chart.annotations.XYDataImageAnnotation.getYRange,1,0,1
org.jfree.chart.ui.StrokeSample.<init>,3,0,3
org.jfree.chart.util.StringUtils.endsWithIgnoreCase,3,0,3
org.jfree.chart.entity.LegendItemEntity.equals,3,9,12
org.jfree.data.time.Week.getWeek,0,1,1
org.jfree.chart.plot.IntervalMarker.getStartValue,0,1,1
org.jfree.data.xy.XYIntervalSeriesCollection.getStartXValue,0,2,2
org.jfree.chart.plot.dial.DialValueIndicator.getAngle,1,0,1
org.jfree.chart.plot.CompassPlot.getLabelType,1,0,1
org.jfree.chart.axis.NumberTickUnitSource.getLargerTickUnit,0,5,5
org.jfree.chart.renderer.category.AbstractCategoryItemRenderer.beginElementGroup,1,0,1
org.jfree.data.function.LineFunction2D.hashCode,0,4,4
org.jfree.chart.renderer.xy.XYErrorRenderer.findDomainBounds,0,1,1
org.jfree.chart.renderer.category.AbstractCategoryItemRenderer.clone,6,23,29
org.jfree.chart.util.StrokeList.writeObject,5,4,9
org.jfree.chart.title.LegendGraphic.getOutlineStroke,1,0,1
org.jfree.chart.renderer.category.BarRenderer.setShadowXOffset,0,2,2
org.jfree.chart.ChartPanel.mouseMoved,21,0,21
org.jfree.chart.plot.Crosshair.getValue,1,0,1
org.jfree.chart.axis.Axis.isTickLabelsVisible,0,1,1
org.jfree.chart.axis.Timeline.null,0,0,0
org.jfree.chart.ChartUtils.writeBufferedImageAsPNG,2,0,2
org.jfree.chart.editor.DefaultTitleEditor.<init>,39,0,39
org.jfree.chart.plot.PolarPlot.getAxis,0,5,5
org.jfree.chart.plot.CategoryPlot.rendererChanged,4,5,9
org.jfree.chart.plot.XYPlot.isDomainPannable,1,0,1
org.jfree.chart.labels.IntervalXYToolTipGenerator.<init>,5,0,5
org.jfree.chart.plot.PieLabelRecord.toString,1,0,1
org.jfree.chart.title.ShortTextTitle.arrangeNN,2,0,2
org.jfree.chart.plot.Plot.setDrawingSupplier,3,2,5
org.jfree.chart.MouseWheelHandler.<init>,0,3,3
org.jfree.data.category.DefaultCategoryDataset.getRowKeys,0,1,1
org.jfree.chart.renderer.AbstractRenderer.setItemLabelAnchorOffset,0,2,2
org.jfree.chart.annotations.XYDataImageAnnotation.hashCode,1,0,1
org.jfree.data.xy.NormalizedMatrixSeries.getScaleFactor,1,0,1
org.jfree.data.statistics.Statistics.calculateMedian,11,31,42
org.jfree.chart.text.TextFragment.equals,4,10,14
org.jfree.chart.renderer.AbstractRenderer.setSeriesOutlinePaint,0,4,4
org.jfree.chart.panel.CrosshairOverlay.removeRangeCrosshair,4,0,4
org.jfree.data.time.TimePeriodAnchor.readResolve,3,4,7
org.jfree.chart.imagemap.ImageMapUtils.javascriptEscape,0,13,13
org.jfree.data.statistics.DefaultMultiValueCategoryDataset.clone,0,3,3
org.jfree.chart.plot.XYPlot.getShadowGenerator,1,0,1
org.jfree.data.xy.XYDataItem.getYValue,0,4,4
org.jfree.chart.plot.CombinedDomainCategoryPlot.add,1,14,15
org.jfree.chart.plot.PiePlot3D.setDarkerSides,0,2,2
org.jfree.chart.needle.LineNeedle.clone,0,1,1
org.jfree.chart.renderer.xy.SamplingXYLineRenderer.drawItem,48,0,48
org.jfree.chart.labels.ItemLabelAnchor.<init>,0,1,1
org.jfree.chart.title.LegendGraphic.setFillPaint,0,1,1
org.jfree.chart.renderer.category.LineAndShapeRenderer.setDefaultShapesVisible,0,2,2
org.jfree.chart.labels.AbstractCategoryItemLabelGenerator.hashCode,0,7,7
org.jfree.chart.date.SpreadsheetDate.isInRange,13,0,13
org.jfree.chart.renderer.category.GanttRenderer.writeObject,0,3,3
org.jfree.chart.plot.CategoryPlot.getRendererForDataset,1,6,7
org.jfree.chart.event.ChartChangeEvent.setChart,0,1,1
org.jfree.chart.plot.XYPlot.setQuadrantOrigin,0,3,3
org.jfree.chart.block.LineBorder.draw,32,0,32
org.jfree.data.time.Year.compareTo,3,5,8
org.jfree.chart.text.TextLine.calculateBaselineOffset,0,6,6
org.jfree.chart.plot.PieLabelRecord.getLinkPercent,0,1,1
org.jfree.chart.StandardChartTheme.getTickLabelPaint,1,0,1
org.jfree.chart.axis.AxisSpace.clone,0,1,1
org.jfree.chart.renderer.xy.XYSplineRenderer.getPrecision,1,0,1
org.jfree.data.xy.DefaultOHLCDataset.getXDate,1,0,1
org.jfree.chart.plot.ThermometerPlot.writeObject,0,9,9
org.jfree.chart.plot.PiePlot.setLegendLabelToolTipGenerator,0,2,2
org.jfree.chart.date.SerialDate.relativeToString,5,0,5
org.jfree.chart.plot.CompassPlot.setRoseCenterPaint,0,3,3
org.jfree.data.xy.XYDomainInfo.null,0,0,0
org.jfree.chart.axis.CyclicNumberAxis.<init>,3,6,9
org.jfree.chart.util.AttrStringUtils.isHalfHeight,1,0,1
org.jfree.chart.plot.PieLabelRecord.getGap,0,1,1
org.jfree.chart.plot.ThermometerPlot.setThermometerStroke,0,3,3
org.jfree.chart.plot.CombinedRangeXYPlot.plotChanged,0,1,1
org.jfree.chart.entity.CategoryItemEntity.getColumnKey,1,0,1
org.jfree.data.gantt.Task.setPercentComplete,0,2,2
org.jfree.chart.renderer.OutlierList.getAveragedOutlier,1,0,1
org.jfree.data.gantt.TaskSeriesCollection.getValue,0,2,2
org.jfree.data.xy.XYSeriesCollection.getRangeLowerBound,0,10,10
org.jfree.chart.labels.AbstractCategoryItemLabelGenerator.getLabelFormat,1,0,1
org.jfree.data.function.LineFunction2D.<init>,0,2,2
org.jfree.chart.renderer.xy.XYShapeRenderer.setDrawOutlines,0,2,2
org.jfree.chart.annotations.XYTitleAnnotation.setMaxHeight,2,0,2
org.jfree.data.time.Second.compareTo,12,0,12
org.jfree.chart.axis.Axis.getAxisLinePaint,0,1,1
org.jfree.data.time.SimpleTimePeriod.getStart,0,1,1
org.jfree.data.time.TimePeriodValuesCollection.removeSeries,3,4,7
org.jfree.chart.annotations.XYPointerAnnotation.setArrowStroke,0,3,3
org.jfree.chart.date.SpreadsheetDate.isOnOrBefore,1,0,1
org.jfree.chart.annotations.XYBoxAnnotation.equals,7,15,22
org.jfree.chart.entity.TitleEntity.getTitle,1,0,1
org.jfree.chart.plot.CategoryPlot.clearAnnotations,5,0,5
org.jfree.chart.plot.SpiderWebPlot.setAxisLabelGap,0,2,2
org.jfree.chart.block.BlockContainer.add,0,3,3
org.jfree.chart.title.CompositeTitle.draw,9,0,9
org.jfree.chart.renderer.DefaultPolarItemRenderer.getFillComposite,1,0,1
org.jfree.chart.renderer.xy.XYBlockRenderer.setBlockWidth,1,4,5
org.jfree.chart.annotations.XYDrawableAnnotation.equals,4,16,20
org.jfree.data.KeyedValues2DItemKey.getColumnKey,1,0,1
org.jfree.chart.plot.ThermometerPlot.equal,3,7,10
org.jfree.chart.axis.ValueAxis.getUpArrow,1,0,1
org.jfree.chart.axis.LogarithmicAxis.getLog10TickLabelsFlag,1,0,1
org.jfree.chart.renderer.xy.XYSplineRenderer.XYSplineState,3,0,3
org.jfree.chart.renderer.AbstractRenderer.getDefaultItemLabelPaint,1,0,1
org.jfree.chart.renderer.xy.HighLowRenderer.findRangeBounds,0,3,3
org.jfree.chart.axis.AxisState.getTicks,0,1,1
org.jfree.chart.renderer.category.AbstractCategoryItemRenderer.getRowCount,0,1,1
org.jfree.data.statistics.DefaultBoxAndWhiskerCategoryDataset.getOutliers,5,5,10
org.jfree.chart.ui.VerticalAlignment.<init>,0,1,1
org.jfree.data.statistics.DefaultMultiValueCategoryDataset.<init>,0,4,4
org.jfree.chart.plot.CategoryPlot.getDatasetIndices,0,8,8
org.jfree.chart.plot.CategoryPlot.annotationChanged,4,0,4
org.jfree.data.time.TimeSeries.getTimePeriodsUniqueToOtherSeries,7,0,7
org.jfree.chart.plot.PolarPlot.setRenderer,1,10,11
org.jfree.chart.ChartColor.<init>,1,0,1
org.jfree.chart.renderer.category.GradientBarPainter.equals,1,11,12
org.jfree.chart.plot.XYPlot.configureRangeAxes,0,3,3
org.jfree.chart.renderer.LookupPaintScale.getLowerBound,0,1,1
org.jfree.chart.plot.dial.ArcDialFrame.setOuterRadius,1,3,4
org.jfree.chart.plot.CategoryPlot.getDomainAxisCount,0,1,1
org.jfree.chart.plot.dial.StandardDialRange.writeObject,0,2,2
org.jfree.chart.block.RectangleConstraint.toString,1,0,1
org.jfree.chart.annotations.XYShapeAnnotation.hashCode,0,7,7
org.jfree.data.time.Month.evaluateAsYear,0,4,4
org.jfree.data.xy.DefaultIntervalXYDataset.getSeriesCount,0,1,1
org.jfree.chart.entity.PieSectionEntity.getDataset,1,0,1
org.jfree.chart.plot.MeterPlot.setTickLabelPaint,0,4,4
org.jfree.chart.axis.AxisState.getMax,0,1,1
org.jfree.data.category.DefaultIntervalCategoryDataset.setSeriesKeys,1,4,5
org.jfree.chart.text.TextFragment.writeObject,0,2,2
org.jfree.chart.plot.Plot.setOutlinePaint,4,5,9
org.jfree.chart.axis.PeriodAxis.readObject,0,3,3
org.jfree.chart.axis.DateTickUnit.getMultiple,0,1,1
org.jfree.chart.renderer.xy.XYBarRenderer.getNegativeItemLabelPositionFallback,1,0,1
org.jfree.chart.plot.ThermometerPlot.getThermometerStroke,1,0,1
org.jfree.chart.axis.LogarithmicAxis.<init>,0,2,2
org.jfree.chart.StandardChartTheme.setLabelLinkPaint,0,2,2
org.jfree.chart.needle.MeterNeedle.equals,2,18,20
org.jfree.chart.axis.LogAxis.valueToJava2D,4,11,15
org.jfree.data.time.Second.getSecond,0,1,1
org.jfree.data.time.TimePeriodValuesCollection.getY,3,0,3
org.jfree.chart.plot.dial.StandardDialScale.setMajorTickIncrement,1,3,4
org.jfree.chart.plot.MultiplePiePlot.getAggregatedItemsPaint,1,0,1
org.jfree.chart.plot.Marker.getLabelBackgroundColor,1,0,1
org.jfree.chart.plot.dial.DialValueIndicator.setTemplateValue,0,3,3
org.jfree.data.time.TimePeriodValuesCollection.getX,11,0,11
org.jfree.chart.renderer.xy.HighLowRenderer.readObject,0,3,3
org.jfree.chart.plot.dial.DialValueIndicator.getPaint,1,0,1
org.jfree.chart.plot.CombinedRangeCategoryPlot.getSubplots,1,2,3
org.jfree.data.statistics.DefaultBoxAndWhiskerCategoryDataset.<init>,0,7,7
org.jfree.data.time.Minute.peg,0,2,2
org.jfree.chart.util.DefaultShadowGenerator.equals,6,10,16
org.jfree.chart.text.TextUtils.deriveRotationAnchorOffsets,10,20,30
org.jfree.chart.ui.FontDisplayField.<init>,3,0,3
org.jfree.chart.annotations.XYTitleAnnotation.getY,1,0,1
org.jfree.chart.annotations.XYTitleAnnotation.getX,1,0,1
org.jfree.chart.plot.MultiplePiePlot.getLimit,1,0,1
org.jfree.chart.renderer.xy.StackedXYBarRenderer.initialise,1,0,1
org.jfree.chart.servlet.ChartDeleter.isChartAvailable,1,0,1
org.jfree.chart.ChartUtils.writeChartAsJPEG,10,0,10
org.jfree.chart.renderer.DefaultPolarItemRenderer.setBaseToolTipGenerator,2,0,2
org.jfree.chart.renderer.category.LineAndShapeRenderer.setDrawOutlines,2,0,2
org.jfree.data.UnknownKeyException.<init>,0,1,1
org.jfree.data.time.ohlc.OHLCSeriesCollection.getHigh,1,0,1
org.jfree.chart.entity.JFreeChartEntity.readObject,2,0,2
org.jfree.chart.annotations.CategoryPointerAnnotation.getTipRadius,1,0,1
org.jfree.chart.renderer.xy.XYLineAndShapeRenderer.isItemPass,0,1,1
org.jfree.chart.plot.XYPlot.getRangeAxisLocation,1,4,5
org.jfree.data.category.CategoryToPieDataset.getKey,0,8,8
org.jfree.data.KeyedObjects2D.equals,5,20,25
org.jfree.chart.labels.StandardXYZToolTipGenerator.getZDateFormat,1,0,1
org.jfree.chart.renderer.category.CategoryItemRendererState.getVisibleSeriesIndex,1,7,8
org.jfree.chart.annotations.CategoryLineAnnotation.writeObject,0,3,3
org.jfree.data.resources.DataPackageResources.getContents,0,1,1
org.jfree.chart.panel.CrosshairOverlay.<init>,0,3,3
org.jfree.chart.plot.ThermometerPlot.isValidNumber,1,0,1
org.jfree.chart.annotations.TextAnnotation.setRotationAngle,0,2,2
org.jfree.chart.plot.CategoryPlot.getColumnRenderingOrder,1,0,1
org.jfree.data.DefaultKeyedValues.<init>,0,3,3
org.jfree.chart.plot.FastScatterPlot.setRangePannable,0,1,1
org.jfree.chart.title.ShortTextTitle.arrangeRN,5,0,5
org.jfree.data.time.Hour.getLastMillisecond,0,7,7
org.jfree.chart.title.ShortTextTitle.arrangeRR,6,0,6
org.jfree.chart.panel.Overlay.null,0,0,0
org.jfree.data.xy.YIntervalSeries.getYHighValue,0,2,2
org.jfree.chart.block.LabelBlock.setFont,3,0,3
org.jfree.chart.plot.PiePlot.setInteriorGap,1,4,5
org.jfree.chart.text.TextBox.<init>,1,12,13
org.jfree.chart.axis.CyclicNumberAxis.refreshVerticalTicks,86,0,86
org.jfree.chart.labels.BubbleXYItemLabelGenerator.generateLabel,0,1,1
org.jfree.data.xy.XYIntervalSeriesCollection.<init>,0,1,1
org.jfree.chart.plot.SpiderWebPlot.getURLGenerator,1,0,1
org.jfree.data.statistics.DefaultBoxAndWhiskerXYDataset.getRangeUpperBound,1,3,4
org.jfree.chart.axis.LogTick.<init>,2,0,2
org.jfree.chart.annotations.CategoryTextAnnotation.draw,17,0,17
org.jfree.data.json.impl.JSONObject.toString,4,0,4
org.jfree.chart.StandardChartTheme.getLegendItemPaint,1,0,1
org.jfree.data.time.TimeSeries.getDataItem,1,5,6
org.jfree.chart.plot.MeterPlot.setDialOutlinePaint,0,2,2
org.jfree.data.category.CategoryToPieDataset.datasetChanged,1,0,1
org.jfree.data.category.SlidingCategoryDataset.<init>,0,3,3
org.jfree.chart.axis.CompassFormat.format,2,0,2
org.jfree.data.KeyedObjects2D.removeColumn,0,12,12
org.jfree.chart.util.RelativeDateFormat.format,1,21,22
org.jfree.chart.plot.PolarPlot.getAngleGridlineStroke,1,0,1
org.jfree.chart.plot.PiePlot.getDirection,0,1,1
org.jfree.chart.renderer.xy.XYShapeRenderer.getPaint,8,0,8
org.jfree.data.statistics.HistogramDataset.getStartX,0,3,3
org.jfree.chart.plot.XYPlot.setFixedDomainAxisSpace,2,2,4
org.jfree.data.category.DefaultIntervalCategoryDataset.setStartValue,1,6,7
org.jfree.data.time.TimeSeriesCollection.getDomainUpperBound,5,0,5
org.jfree.data.statistics.HistogramDataset.getStartY,1,0,1
org.jfree.chart.renderer.category.BoxAndWhiskerRenderer.setItemMargin,0,2,2
org.jfree.chart.ChartUtils.applyCurrentTheme,1,0,1
org.jfree.chart.plot.Crosshair.<init>,1,19,20
org.jfree.chart.title.TextTitle.setMaximumLinesToDisplay,0,2,2
org.jfree.chart.renderer.xy.StackedXYAreaRenderer2.getStackValues,1,7,8
org.jfree.chart.plot.FastScatterPlot.zoomRangeAxes,7,0,7
org.jfree.chart.renderer.WaferMapRenderer.getMaxPaintValue,7,0,7
org.jfree.chart.plot.Plot.setDatasetGroup,0,1,1
org.jfree.chart.util.ShapeUtils.isPointInRect,0,1,1
org.jfree.chart.axis.DateTickUnit.getUnitType,0,1,1
org.jfree.data.statistics.SimpleHistogramDataset.addObservations,3,0,3
org.jfree.chart.plot.dial.DialCap.draw,7,0,7
org.jfree.chart.renderer.Outlier.setPoint,0,1,1
org.jfree.chart.axis.CategoryAxis.configure,0,0,0
org.jfree.chart.renderer.xy.XYBarRenderer.drawItemLabel,25,0,25
org.jfree.data.time.TimePeriodValuesCollection.getDomainLowerBound,5,0,5
org.jfree.chart.renderer.category.AbstractCategoryItemRenderer.drawRangeLine,1,15,16
org.jfree.chart.plot.PiePlot.getShadowPaint,1,0,1
org.jfree.chart.plot.PiePlot.setStartAngle,0,2,2
org.jfree.chart.plot.CrosshairState.setAnchorY,0,1,1
org.jfree.chart.plot.CrosshairState.setAnchorX,0,1,1
org.jfree.data.KeyToGroupMap.<init>,0,5,5
org.jfree.chart.plot.PolarPlot.zoom,9,0,9
org.jfree.chart.renderer.xy.CyclicXYItemRenderer.getYValue,5,0,5
org.jfree.chart.editor.ChartEditorManager.setChartEditorFactory,2,0,2
org.jfree.chart.labels.AbstractXYItemLabelGenerator.hashCode,0,7,7
org.jfree.chart.ChartFactory.createBoxAndWhiskerChart,9,8,17
org.jfree.data.time.Week.equals,2,8,10
org.jfree.data.KeyedObjects2D.clear,3,0,3
org.jfree.data.general.Series.setDescription,0,3,3
org.jfree.chart.renderer.category.GroupedStackedBarRenderer.drawItem,11,38,49
org.jfree.chart.plot.dial.StandardDialScale.getMinorTickPaint,1,0,1
org.jfree.chart.plot.dial.DialValueIndicator.getFont,1,0,1
org.jfree.chart.axis.SymbolAxis.setGridBandAlternatePaint,0,3,3
org.jfree.chart.annotations.XYTitleAnnotation.getMaxWidth,1,0,1
org.jfree.chart.plot.CategoryPlot.indexOf,1,3,4
org.jfree.chart.date.SpreadsheetDate.isBefore,1,0,1
org.jfree.chart.servlet.ChartDeleter.<init>,1,0,1
org.jfree.data.KeyedValueComparator.compare,7,30,37
org.jfree.chart.plot.dial.DialValueIndicator.getTextAnchor,1,0,1
org.jfree.chart.title.Title.equals,2,14,16
org.jfree.chart.renderer.category.StatisticalBarRenderer.setErrorIndicatorStroke,0,2,2
org.jfree.chart.labels.CustomXYToolTipGenerator.clone,0,4,4
org.jfree.chart.axis.CyclicNumberAxis.setFixedAutoRange,0,2,2
org.jfree.chart.annotations.XYPolygonAnnotation.getOutlineStroke,1,0,1
org.jfree.chart.block.FlowArrangement.clear,0,0,0
org.jfree.chart.block.RectangleConstraint.getHeightConstraintType,0,1,1
org.jfree.chart.plot.CategoryPlot.integerise,0,5,5
org.jfree.chart.util.DefaultShadowGenerator.createDropShadow,6,0,6
org.jfree.chart.needle.MeterNeedle.draw,9,0,9
org.jfree.chart.ChartPanel.translateScreenToJava2D,0,4,4
org.jfree.data.gantt.XYTaskDataset.getTasks,0,1,1
org.jfree.chart.title.LegendTitle.fetchLegendItems,6,10,16
org.jfree.data.RangeType.hashCode,0,1,1
org.jfree.data.time.Quarter.toString,1,0,1
org.jfree.data.time.TimeSeriesCollection.equals,2,8,10
org.jfree.chart.renderer.category.AbstractCategoryItemRenderer.getSeriesToolTipGenerator,0,1,1
org.jfree.chart.renderer.category.StackedBarRenderer.setRenderAsPercentages,0,2,2
org.jfree.data.xy.DefaultIntervalXYDataset.getEndYValue,0,2,2
org.jfree.chart.axis.AxisSpace.reserved,10,0,10
org.jfree.chart.axis.CyclicNumberAxis.isAdvanceLineVisible,0,1,1
org.jfree.chart.renderer.category.MinMaxCategoryRenderer.setMaxIcon,3,0,3
org.jfree.chart.plot.dial.DialCap.isClippedToWindow,1,0,1
org.jfree.chart.plot.CompassPlot.setRosePaint,0,3,3
org.jfree.data.KeyedValues2DItemKey.toString,6,0,6
org.jfree.chart.plot.PlotState.getSharedAxisStates,0,1,1
org.jfree.chart.plot.CategoryPlot.getRendererIndices,0,8,8
org.jfree.chart.needle.MiddlePinNeedle.equals,3,4,7
org.jfree.chart.plot.MeterPlot.setRange,1,4,5
org.jfree.chart.plot.ValueMarker.getValue,0,1,1
org.jfree.chart.axis.Axis.getTickMarkStroke,0,1,1
org.jfree.chart.axis.MonthDateFormat.parse,1,0,1
org.jfree.chart.ui.PaintSample.getPreferredSize,1,0,1
org.jfree.chart.axis.SymbolAxis.drawGridBandsHorizontal,20,0,20
org.jfree.chart.util.SerialUtils.readPaint,1,17,18
org.jfree.chart.title.CompositeTitle.setTitleContainer,2,0,2
org.jfree.chart.plot.CategoryPlot.setRangeGridlinesVisible,0,3,3
org.jfree.chart.plot.XYPlot.setRangeCrosshairPaint,0,3,3
org.jfree.chart.axis.DateTickUnitType.<init>,0,2,2
org.jfree.chart.util.StrokeList.<init>,0,1,1
org.jfree.data.DefaultKeyedValues2D.removeValue,3,22,25
org.jfree.data.time.Second.previous,7,0,7
org.jfree.chart.plot.MeterPlot.getTickLabelFont,1,0,1
org.jfree.chart.plot.XYPlot.setRangeGridlinesVisible,0,3,3
org.jfree.chart.renderer.AbstractRenderer.getDefaultLegendShape,1,0,1
org.jfree.chart.plot.PiePlot.setAutoPopulateSectionPaint,0,2,2
org.jfree.chart.plot.Marker.setOutlineStroke,0,2,2
org.jfree.chart.plot.dial.DialPlot.rectangleByRadius,6,0,6
org.jfree.chart.title.LegendItemBlockContainer.setToolTipText,0,1,1
org.jfree.chart.plot.ThermometerPlot.setDisplayRange,6,0,6
org.jfree.chart.renderer.category.BoxAndWhiskerRenderer.writeObject,0,2,2
org.jfree.chart.plot.Crosshair.setLabelOutlineVisible,0,3,3
org.jfree.chart.entity.ChartEntity.getShapeType,3,0,3
org.jfree.chart.renderer.AbstractRenderer.getAutoPopulateSeriesOutlinePaint,0,1,1
org.jfree.chart.labels.XYSeriesLabelGenerator.null,0,0,0
org.jfree.data.statistics.DefaultMultiValueCategoryDataset.getRowCount,0,1,1
org.jfree.data.time.TimeTableXYDataset.getSeriesCount,0,1,1
org.jfree.chart.axis.ExtendedCategoryAxis.equals,2,10,12
org.jfree.data.time.Hour.getDayOfMonth,0,1,1
org.jfree.chart.axis.CyclicNumberAxis.setAutoRangeMinimumSize,3,0,3
org.jfree.chart.plot.CategoryPlot.drawZeroRangeBaseline,2,2,4
org.jfree.data.xy.XYSeriesCollection.getSeries,1,10,11
org.jfree.chart.ChartPanel.drawVerticalAxisTrace,9,0,9
org.jfree.chart.renderer.category.ScatterRenderer.setBaseShapesFilled,0,2,2
org.jfree.chart.annotations.XYImageAnnotation.<init>,8,0,8
org.jfree.chart.util.HMSNumberFormat.<init>,0,0,0
org.jfree.chart.entity.XYItemEntity.getDataset,1,0,1
org.jfree.chart.plot.ThermometerPlot.getMercuryPaint,1,0,1
org.jfree.chart.plot.XYPlot.rendererChanged,2,2,4
org.jfree.chart.plot.IntervalMarker.getEndValue,0,1,1
org.jfree.data.time.DateRange.getLowerMillis,0,1,1
org.jfree.chart.title.LegendItemBlockContainer.getSeriesKey,1,0,1
org.jfree.chart.entity.LegendItemEntity.setSeriesKey,0,1,1
org.jfree.data.xy.XYSeriesCollection.getEndX,0,1,1
org.jfree.data.xy.XYSeriesCollection.getEndY,0,1,1
org.jfree.chart.title.Title.clone,0,3,3
org.jfree.data.time.DynamicTimeSeriesCollection.offsetFromOldest,1,0,1
org.jfree.data.time.TimeSeriesCollection.addSeries,0,5,5
org.jfree.data.gantt.Task.getSubtaskCount,0,1,1
org.jfree.chart.plot.CategoryPlot.setDomainGridlineStroke,0,3,3
org.jfree.chart.ui.StandardGradientPaintTransformer.<init>,1,3,4
org.jfree.chart.axis.ValueAxis.isPositiveArrowVisible,1,0,1
org.jfree.chart.renderer.xy.XYShapeRenderer.findDomainBounds,1,6,7
org.jfree.chart.plot.MeterPlot.setTickPaint,0,3,3
org.jfree.chart.plot.PolarPlot.drawGridlines,14,0,14
org.jfree.chart.axis.LogarithmicAxis.makeTickLabel,4,0,4
org.jfree.data.xy.AbstractIntervalXYDataset.getStartYValue,0,5,5
org.jfree.chart.labels.IntervalXYItemLabelGenerator.equals,1,4,5
org.jfree.chart.renderer.AbstractRenderer.setDefaultLegendTextFont,0,3,3
org.jfree.chart.plot.dial.DialBackground.setPaint,0,3,3
org.jfree.chart.StandardChartTheme.setSubtitlePaint,0,2,2
org.jfree.chart.servlet.ServletUtilities.createTempDir,6,0,6
org.jfree.chart.axis.AxisLocation.readResolve,2,7,9
org.jfree.chart.renderer.xy.HighLowRenderer.getDrawCloseTicks,1,0,1
org.jfree.chart.plot.XYPlot.isDomainMinorGridlinesVisible,0,1,1
org.jfree.data.gantt.Task.clone,0,2,2
org.jfree.chart.renderer.AbstractRenderer.getDefaultNegativeItemLabelPosition,1,0,1
org.jfree.data.time.TimePeriodValues.recalculateBounds,2,7,9
org.jfree.chart.ui.FontChooserPanel.setSelectedFont,18,0,18
org.jfree.data.general.WaferMapDataset.addValue,2,0,2
org.jfree.chart.renderer.xy.CandlestickRenderer.setUseOutlinePaint,0,3,3
org.jfree.chart.entity.PieSectionEntity.getPieIndex,1,0,1
org.jfree.data.statistics.DefaultStatisticalCategoryDataset.equals,2,6,8
org.jfree.chart.util.ShapeList.hashCode,1,0,1
org.jfree.data.xy.XYSeriesCollection.equals,1,7,8
org.jfree.chart.axis.CompassFormat.<init>,7,0,7
org.jfree.chart.renderer.xy.SamplingXYLineRenderer.getPassCount,1,0,1
org.jfree.chart.renderer.xy.XYBoxAndWhiskerRenderer.getArtifactPaint,0,1,1
org.jfree.chart.renderer.DefaultPolarItemRenderer.<init>,0,11,11
org.jfree.chart.needle.MeterNeedle.getOutlinePaint,1,0,1
org.jfree.chart.labels.StandardPieSectionLabelGenerator.setAttributedLabel,0,1,1
org.jfree.chart.axis.AxisSpace.setRight,0,1,1
org.jfree.chart.plot.dial.DialPlot.setDialFrame,0,5,5
org.jfree.chart.block.RectangleConstraint.getWidthConstraintType,0,1,1
org.jfree.chart.axis.PeriodAxis.getMinorTickMarkPaint,1,0,1
org.jfree.data.general.DatasetUtils.createPieDatasetForRow,8,0,8
org.jfree.chart.axis.CategoryLabelWidthType.<init>,0,2,2
org.jfree.chart.plot.CombinedDomainCategoryPlot.clone,0,6,6
org.jfree.chart.ui.GradientPaintTransformType.hashCode,0,1,1
org.jfree.data.time.Hour.equals,3,7,10
org.jfree.chart.labels.CustomXYToolTipGenerator.generateToolTip,1,0,1
org.jfree.chart.plot.AbstractPieLabelDistributor.addPieLabelRecord,0,2,2
org.jfree.data.general.WaferMapDataset.getUniqueValueCount,1,0,1
org.jfree.chart.renderer.xy.XYAreaRenderer2.getLegendItem,3,22,25
org.jfree.chart.plot.dial.DialValueIndicator.getRadius,1,0,1
org.jfree.chart.block.BlockBorder.equals,2,8,10
org.jfree.data.time.TimePeriodValue.equals,3,7,10
org.jfree.chart.block.BlockResult.getEntityCollection,0,1,1
org.jfree.data.resources.DataPackageResources_pl.getContents,1,0,1
org.jfree.chart.ChartRenderingInfo.readObject,0,2,2
org.jfree.chart.renderer.xy.StackedXYAreaRenderer.getLastSeriesPoints,0,1,1
org.jfree.chart.axis.Axis.setTickMarksVisible,0,3,3
org.jfree.chart.text.TextBox.setShadowXOffset,1,0,1
org.jfree.data.xml.KeyHandler.characters,2,0,2
org.jfree.chart.title.TextTitle.getExpandToFitSpace,0,1,1
org.jfree.chart.renderer.xy.XYSplineRenderer.drawPrimaryLineAsPath,89,0,89
org.jfree.chart.renderer.GrayPaintScale.getPaint,0,4,4
org.jfree.chart.axis.Axis.setPlot,0,2,2
org.jfree.chart.plot.dial.DialPlot.getBackground,1,0,1
org.jfree.data.xy.DefaultHighLowDataset.getCloseValue,5,0,5
org.jfree.chart.text.TextBox.getOutlinePaint,1,0,1
org.jfree.chart.renderer.xy.StackedXYBarRenderer.getRenderAsPercentages,1,0,1
org.jfree.chart.StrokeMap.clear,1,0,1
org.jfree.chart.plot.XYPlot.getRangeZeroBaselineStroke,1,0,1
org.jfree.chart.block.Arrangement.null,0,0,0
org.jfree.chart.axis.AxisSpace.setTop,0,1,1
org.jfree.data.xy.IntervalXYDataset.null,0,0,0
org.jfree.data.xy.MatrixSeries.getItemCount,1,0,1
org.jfree.chart.ChartUtils.writeScaledChartAsPNG,21,0,21
org.jfree.chart.renderer.category.AbstractCategoryItemRenderer.createState,0,1,1
org.jfree.data.time.Hour.getHour,0,1,1
org.jfree.chart.ChartPanel.setVerticalTraceLine,1,0,1
org.jfree.chart.renderer.xy.XYAreaRenderer2.readObject,0,2,2
org.jfree.chart.editor.DefaultChartEditor.updateChart,4,0,4
org.jfree.chart.renderer.category.GradientBarPainter.createShadow,17,12,29
org.jfree.data.statistics.DefaultStatisticalCategoryDataset.getRowKey,0,1,1
org.jfree.chart.entity.ChartEntity.setToolTipText,0,1,1
org.jfree.chart.ui.RectangleInsets.hashCode,12,0,12
org.jfree.chart.renderer.xy.XYStepAreaRenderer.equals,2,16,18
org.jfree.chart.axis.PeriodAxis.valueToJava2D,16,0,16
org.jfree.chart.ChartRenderingInfo.getPlotInfo,0,1,1
org.jfree.chart.annotations.XYTextAnnotation.getX,1,0,1
org.jfree.chart.title.LegendTitle.addItemBlock,0,2,2
org.jfree.chart.plot.CombinedRangeXYPlot.draw,4,19,23
org.jfree.chart.util.UnitType.<init>,0,1,1
org.jfree.chart.plot.RingPlot.setCenterTextMode,0,3,3
org.jfree.chart.LegendItem.equals,5,39,44
org.jfree.data.function.PowerFunction2D.getA,0,1,1
org.jfree.data.function.PowerFunction2D.getB,0,1,1
org.jfree.chart.event.PlotChangeListener.null,0,0,0
org.jfree.chart.plot.IntervalMarker.equals,2,12,14
org.jfree.data.time.Week.getFirstMillisecond,0,11,11
org.jfree.chart.annotations.XYTextAnnotation.getY,1,0,1
org.jfree.chart.ChartPanel.setDismissDelay,1,0,1
org.jfree.data.function.PolynomialFunction2D.equals,1,3,4
org.jfree.chart.renderer.xy.XYShapeRenderer.equals,3,17,20
org.jfree.data.general.SeriesDataset.null,0,0,0
org.jfree.chart.block.AbstractBlock.drawBorder,0,1,1
org.jfree.chart.plot.PiePlot.setIgnoreNullValues,0,2,2
org.jfree.chart.needle.ArrowNeedle.hashCode,3,0,3
org.jfree.data.general.AbstractDataset.<init>,0,3,3
org.jfree.chart.plot.PlotRenderingInfo.setDataArea,0,1,1
org.jfree.chart.date.SerialDate.getNearestDayOfWeek,10,0,10
org.jfree.data.xy.XYBarDataset.getBarWidth,1,0,1
org.jfree.chart.plot.dial.StandardDialScale.getTickLabelFont,1,0,1
org.jfree.data.time.TimeSeriesDataItem.getValue,0,1,1
org.jfree.chart.PaintMap.clone,0,4,4
org.jfree.data.xy.DefaultXYZDataset.getSeriesKey,0,3,3
org.jfree.chart.renderer.category.AreaRenderer.getLegendItem,5,23,28
org.jfree.chart.title.ImageTitle.setImage,4,0,4
org.jfree.chart.title.LegendGraphic.setOutlinePaint,0,1,1
org.jfree.chart.renderer.category.ScatterRenderer.getUseFillPaint,1,0,1
org.jfree.chart.renderer.xy.XYErrorRenderer.setCapLength,0,2,2
org.jfree.data.category.CategoryToPieDataset.<init>,0,6,6
org.jfree.data.time.DateRange.<init>,1,7,8
org.jfree.data.KeyedValues2DItemKey.equals,10,0,10
org.jfree.chart.plot.SpiderWebPlot.getSeriesOutlineStroke,2,5,7
org.jfree.chart.ChartFactory.createHistogram,17,0,17
org.jfree.chart.needle.LongNeedle.hashCode,1,0,1
org.jfree.chart.renderer.DefaultPolarItemRenderer.drawSeries,53,0,53
org.jfree.chart.panel.CrosshairOverlay.clone,0,4,4
org.jfree.chart.renderer.xy.XYAreaRenderer.getPlotLines,0,1,1
org.jfree.data.time.SimpleTimePeriod.equals,1,9,10
org.jfree.chart.util.SerialUtils.isSerializable,0,1,1
org.jfree.chart.renderer.category.GanttRenderer.equals,2,12,14
org.jfree.chart.renderer.xy.StandardXYItemRenderer.getItemShapeFilled,1,3,4
org.jfree.chart.plot.PiePlot3D.getDepthFactor,1,0,1
org.jfree.chart.labels.PieToolTipGenerator.null,0,0,0
org.jfree.data.Range.scale,0,4,4
org.jfree.chart.renderer.category.BarRenderer.getUpperClip,0,1,1
org.jfree.chart.axis.CyclicNumberAxis.setPeriod,0,1,1
org.jfree.chart.renderer.xy.HighLowRenderer.getOpenTickPaint,1,0,1
org.jfree.chart.entity.PlotEntity.hashCode,4,0,4
org.jfree.chart.renderer.xy.XYDotRenderer.setLegendShape,0,3,3
org.jfree.chart.renderer.xy.XYShapeRenderer.clone,0,5,5
org.jfree.chart.renderer.xy.HighLowRenderer.<init>,0,4,4
org.jfree.data.xml.ItemHandler.endElement,8,0,8
org.jfree.chart.plot.Plot.setBackgroundAlpha,0,3,3
org.jfree.chart.renderer.xy.XYAreaRenderer.setLegendArea,0,3,3
org.jfree.chart.title.LegendTitle.getLegendItemGraphicEdge,1,0,1
org.jfree.chart.renderer.LookupPaintScale.getPaint,0,23,23
org.jfree.chart.renderer.WaferMapRenderer.isMethodValid,4,0,4
org.jfree.chart.block.ColumnArrangement.add,0,0,0
org.jfree.chart.plot.IntervalMarker.clone,0,1,1
org.jfree.chart.plot.PolarPlot.setAxis,1,12,13
org.jfree.chart.needle.MeterNeedle.getTransform,1,0,1
org.jfree.chart.MouseWheelHandler.handleZoomable,17,0,17
org.jfree.chart.renderer.xy.XYAreaRenderer.setOutline,0,2,2
org.jfree.chart.plot.ThermometerPlot.getCurrentPaint,10,0,10
org.jfree.chart.labels.StandardXYSeriesLabelGenerator.generateLabel,0,3,3
org.jfree.data.statistics.DefaultMultiValueCategoryDataset.getColumnCount,0,1,1
org.jfree.data.xy.DefaultHighLowDataset.createNumberArray,0,4,4
org.jfree.chart.renderer.xy.XYBlockRenderer.equals,3,11,14
org.jfree.chart.plot.CrosshairState.<init>,0,2,2
org.jfree.data.xy.YIntervalSeries.getYValue,0,2,2
org.jfree.chart.plot.ThermometerPlot.setGap,0,2,2
org.jfree.chart.plot.dial.AbstractDialLayer.removeChangeListener,0,1,1
org.jfree.chart.plot.dial.DialValueIndicator.getFrameAnchor,1,0,1
org.jfree.chart.util.SerialUtils.writeShape,10,41,51
org.jfree.chart.block.AbstractBlock.writeObject,0,2,2
org.jfree.chart.axis.ModuloAxis.valueToJava2D,11,0,11
org.jfree.chart.plot.dial.StandardDialRange.isClippedToWindow,1,0,1
org.jfree.chart.plot.PiePlot.clone,0,19,19
org.jfree.data.xy.MatrixSeries.equals,2,12,14
org.jfree.chart.renderer.category.StackedAreaRenderer.<init>,0,3,3
org.jfree.data.statistics.SimpleHistogramDataset.clone,0,3,3
org.jfree.data.statistics.Statistics.getLinearFit,8,0,8
org.jfree.data.resources.DataPackageResources_de.getContents,1,0,1
org.jfree.chart.plot.PolarPlot.getAngleLabelFont,1,0,1
org.jfree.chart.title.LegendGraphic.setLinePaint,0,1,1
org.jfree.chart.StandardChartTheme.getLegendBackgroundPaint,1,0,1
org.jfree.data.general.Series.addPropertyChangeListener,1,0,1
org.jfree.chart.plot.CombinedRangeXYPlot.setOrientation,0,5,5
org.jfree.data.gantt.TaskSeriesCollection.getStartValue,0,25,25
org.jfree.data.KeyedObjects2D.getRowIndex,0,2,2
org.jfree.chart.ChartPanel.getFillZoomRectangle,1,0,1
org.jfree.chart.renderer.xy.XYLineAndShapeRenderer.getLegendItem,6,30,36
org.jfree.chart.plot.SpiderWebPlot.getLabelPaint,0,1,1
org.jfree.data.time.Year.parseYear,1,6,7
org.jfree.chart.renderer.xy.XYBubbleRenderer.clone,0,1,1
org.jfree.chart.axis.TickType.equals,1,7,8
org.jfree.chart.plot.PiePlot.getShadowYOffset,1,0,1
org.jfree.data.xy.XIntervalSeriesCollection.getSeries,1,2,3
org.jfree.chart.renderer.WaferMapRenderer.getMinPaintValue,7,0,7
org.jfree.chart.ChartTransferable.createBufferedImage,30,0,30
org.jfree.chart.renderer.category.BoxAndWhiskerRenderer.setMeanVisible,1,3,4
org.jfree.data.function.PolynomialFunction2D.hashCode,0,1,1
org.jfree.data.time.Year.getLastMillisecond,0,4,4
org.jfree.chart.plot.MeterPlot.writeObject,0,7,7
org.jfree.chart.plot.XYPlot.getRangeCrosshairStroke,1,0,1
org.jfree.data.statistics.DefaultStatisticalCategoryDataset.clone,0,3,3
org.jfree.chart.JFreeChart.clone,3,13,16
org.jfree.data.time.TimeSeriesCollection.removeSeries,0,8,8
org.jfree.chart.renderer.category.LayeredBarRenderer.drawItem,1,4,5
org.jfree.chart.plot.MultiplePiePlot.setDataExtractOrder,0,3,3
org.jfree.chart.StandardChartTheme.setTitlePaint,0,2,2
org.jfree.chart.axis.DateAxis.refreshTicksHorizontal,15,39,54
org.jfree.data.gantt.TaskSeries.getTasks,0,1,1
org.jfree.chart.axis.DateTickUnit.getCalendarField,0,1,1
org.jfree.chart.axis.PeriodAxis.setTimeZone,0,6,6
org.jfree.data.time.Day.next,0,7,7
org.jfree.chart.ChartPanel.mouseEntered,9,0,9
org.jfree.chart.ui.StandardGradientPaintTransformer.equals,0,8,8
org.jfree.data.xy.DefaultOHLCDataset.getX,0,1,1
org.jfree.data.xy.DefaultOHLCDataset.getY,1,0,1
org.jfree.chart.plot.MeterPlot.setMeterAngle,1,3,4
org.jfree.data.time.TimePeriodAnchor.<init>,0,1,1
org.jfree.chart.renderer.category.BoxAndWhiskerRenderer.getArtifactPaint,1,0,1
org.jfree.data.time.Month.next,0,7,7
org.jfree.chart.date.SpreadsheetDate.toSerial,0,1,1
org.jfree.data.xy.DefaultXYDataset.equals,3,16,19
org.jfree.chart.plot.CategoryPlot.getRangeCrosshairValue,0,1,1
org.jfree.chart.StandardChartTheme.setAxisLabelPaint,0,2,2
org.jfree.data.function.PolynomialFunction2D.<init>,0,2,2
org.jfree.chart.title.PaintScaleLegend.getSubdivisionCount,1,0,1
org.jfree.chart.renderer.xy.XYAreaRenderer2.clone,0,3,3
org.jfree.chart.annotations.XYPolygonAnnotation.getFillPaint,1,0,1
org.jfree.chart.axis.CategoryAxis.setTickLabelPaint,1,4,5
org.jfree.chart.renderer.xy.XYDotRenderer.<init>,0,4,4
org.jfree.chart.plot.dial.DialValueIndicator.draw,34,0,34
org.jfree.chart.axis.ModuloAxis.trans,11,0,11
org.jfree.data.time.RegularTimePeriod.toString,1,0,1
org.jfree.chart.renderer.AbstractRenderer.getTreatLegendShapeAsLine,0,1,1
org.jfree.data.xy.DefaultIntervalXYDataset.getStartYValue,0,2,2
org.jfree.chart.plot.CategoryPlot.isDomainGridlinesVisible,0,1,1
org.jfree.chart.plot.PiePlot.setLabelLinkStyle,0,3,3
org.jfree.chart.ui.TextAnchor.hashCode,0,1,1
org.jfree.chart.editor.DefaultPolarPlotEditor.updatePlotProperties,4,0,4
org.jfree.chart.renderer.category.AbstractCategoryItemRenderer.getLegendItems,6,14,20
org.jfree.chart.annotations.TextAnnotation.setTextAnchor,0,3,3
org.jfree.chart.plot.dial.DialPointer.isClippedToWindow,1,0,1
org.jfree.chart.LegendRenderingOrder.equals,8,0,8
org.jfree.chart.urls.CustomCategoryURLGenerator.<init>,0,1,1
org.jfree.chart.renderer.xy.XYLineAndShapeRenderer.getItemShapeFilled,1,3,4
org.jfree.data.ComparableObjectItem.getObject,0,1,1
org.jfree.data.time.TimeSeries.updateBoundsForAddedItem,0,5,5
org.jfree.data.statistics.MeanAndStandardDeviation.equals,1,9,10
org.jfree.chart.plot.CombinedRangeXYPlot.setRenderer,5,0,5
org.jfree.chart.block.LabelBlock.setToolTipText,0,1,1
org.jfree.data.gantt.XYTaskDataset.getEndXValue,3,0,3
org.jfree.chart.renderer.xy.CyclicXYItemRenderer.getSeriesCount,1,0,1
org.jfree.chart.StandardChartTheme.setAxisOffset,0,2,2
org.jfree.chart.plot.FastScatterPlot.setData,0,2,2
org.jfree.chart.needle.MiddlePinNeedle.drawNeedle,21,0,21
org.jfree.data.time.Millisecond.<init>,0,17,17
org.jfree.chart.servlet.ServletUtilities.saveChartAsPNG,11,0,11
org.jfree.chart.plot.CombinedDomainCategoryPlot.setShadowGenerator,7,0,7
org.jfree.chart.plot.dial.DialTextAnnotation.clone,0,1,1
org.jfree.chart.ChartPanel.getChartRenderingInfo,1,0,1
org.jfree.chart.renderer.xy.XYDifferenceRenderer.<init>,0,8,8
org.jfree.chart.renderer.category.BarRenderer.calculateSeriesWidth,0,4,4
org.jfree.chart.plot.CategoryCrosshairState.getRowKey,0,1,1
org.jfree.chart.LegendItem.setDescription,1,0,1
org.jfree.chart.renderer.category.BarRenderer.getLowerClip,0,1,1
org.jfree.chart.event.AnnotationChangeEvent.<init>,0,3,3
org.jfree.chart.renderer.category.AbstractCategoryItemRenderer.drawBackground,0,1,1
org.jfree.chart.text.TextUtils.setUseFontMetricsGetStringBounds,1,0,1
org.jfree.data.statistics.DefaultBoxAndWhiskerCategoryDataset.clone,0,3,3
org.jfree.chart.renderer.AbstractRenderer.getDefaultSeriesVisibleInLegend,1,0,1
org.jfree.chart.plot.dial.DialValueIndicator.readObject,0,5,5
org.jfree.chart.date.SpreadsheetDate.toDate,3,0,3
org.jfree.chart.axis.CategoryAxis.getCategoryEnd,0,1,1
org.jfree.chart.editor.DefaultPlotEditor.attemptOutlinePaintSelection,4,0,4
org.jfree.chart.title.LegendTitle.getItemContainer,1,0,1
org.jfree.chart.renderer.category.AbstractCategoryItemRenderer.getItemURLGenerator,0,1,1
org.jfree.chart.LegendItem.getURLText,0,1,1
org.jfree.data.time.TimeSeries.getRawDataItem,4,1,5
org.jfree.chart.plot.XYPlot.getDatasetRenderingOrder,0,1,1
org.jfree.data.statistics.BoxAndWhiskerItem.getMaxOutlier,0,1,1
org.jfree.data.KeyedObject.getKey,0,1,1
org.jfree.data.xy.NormalizedMatrixSeries.zeroAll,2,0,2
org.jfree.chart.text.TextFragment.readObject,0,2,2
org.jfree.data.time.Day.getFirstMillisecond,0,8,8
org.jfree.chart.renderer.xy.XYBoxAndWhiskerRenderer.setBoxWidth,0,3,3
org.jfree.data.xy.CategoryTableXYDataset.getSeriesCount,0,1,1
org.jfree.data.xy.DefaultHighLowDataset.getSeriesCount,1,0,1
org.jfree.chart.plot.dial.DialCap.setFillPaint,0,3,3
org.jfree.chart.util.XYCoordinateType.<init>,0,1,1
org.jfree.data.xy.DefaultXYZDataset.clone,0,16,16
org.jfree.data.jdbc.JDBCCategoryDataset.setTranspose,1,0,1
org.jfree.data.time.TimePeriodValues.getRangeDescription,0,1,1
org.jfree.chart.annotations.XYImageAnnotation.getImage,1,0,1
org.jfree.chart.plot.PlotOrientation.readResolve,0,6,6
org.jfree.chart.ChartHints.Key,1,0,1
org.jfree.chart.plot.XYPlot.mapDatasetToDomainAxes,0,5,5
org.jfree.chart.renderer.xy.StandardXYItemRenderer.<init>,4,14,18
org.jfree.chart.renderer.AbstractRenderer.getLegendShape,0,1,1
org.jfree.chart.axis.AxisSpace.hashCode,0,10,10
org.jfree.chart.axis.LogAxis.draw,12,0,12
org.jfree.chart.ui.TextAnchor.readResolve,14,18,32
org.jfree.data.io.CSV.readCategoryDataset,12,0,12
org.jfree.chart.renderer.Outlier.getPoint,0,1,1
org.jfree.data.statistics.SimpleHistogramDataset.getEndXValue,2,0,2
org.jfree.chart.plot.dial.AbstractDialLayer.addChangeListener,0,1,1
org.jfree.chart.axis.LogarithmicAxis.getAutoRangeNextLogFlag,1,0,1
org.jfree.data.KeyedObjects.getKey,0,5,5
org.jfree.chart.plot.Plot.getNoDataMessage,1,0,1
org.jfree.chart.plot.CategoryPlot.setRangeAxisLocation,1,7,8
org.jfree.chart.ChartPanel.addOverlay,4,0,4
org.jfree.chart.axis.CyclicNumberAxis.refreshTicksHorizontal,75,0,75
org.jfree.chart.text.TextUtils.getTextBounds,3,6,9
org.jfree.chart.plot.CompassPlot.getLabelFont,1,0,1
org.jfree.chart.plot.PolarPlot.setAngleOffset,0,2,2
org.jfree.chart.renderer.DefaultPolarItemRenderer.getToolTipGenerator,4,0,4
org.jfree.chart.plot.CombinedDomainCategoryPlot.remove,0,16,16
org.jfree.data.time.Day.parseDay,3,2,5
org.jfree.chart.block.FlowArrangement.<init>,0,5,5
org.jfree.data.ComparableObjectSeries.getDataItem,0,1,1
org.jfree.data.time.DateRange.getUpperDate,0,1,1
org.jfree.data.statistics.SimpleHistogramDataset.getYValue,1,3,4
org.jfree.data.KeyedObject.setObject,0,1,1
org.jfree.chart.plot.dial.StandardDialFrame.readObject,0,4,4
org.jfree.data.DefaultKeyedValue.getKey,0,1,1
org.jfree.data.gantt.TaskSeriesCollection.getSubIntervalCount,0,10,10
org.jfree.data.time.TimeTableXYDataset.setDomainIsPointsInTime,0,2,2
org.jfree.chart.renderer.xy.CyclicXYItemRenderer.getDomainOrder,1,0,1
org.jfree.data.xy.XYIntervalDataItem.getXHighValue,1,3,4
org.jfree.chart.renderer.xy.StackedXYAreaRenderer.setShapePaint,0,2,2
org.jfree.chart.plot.ThermometerPlot.setPadding,0,3,3
org.jfree.chart.title.PaintScaleLegend.setAxisOffset,0,2,2
org.jfree.chart.annotations.CategoryPointerAnnotation.getArrowPaint,1,0,1
org.jfree.chart.plot.SpiderWebPlot.equals,3,55,58
org.jfree.chart.StandardChartTheme.setThermometerPaint,0,2,2
org.jfree.data.time.ohlc.OHLCSeriesCollection.getOpenValue,3,0,3
org.jfree.chart.renderer.AbstractRenderer.getItemShape,0,1,1
org.jfree.chart.ui.NumberCellRenderer.<init>,2,0,2
org.jfree.chart.annotations.CategoryPointerAnnotation.getLabelOffset,1,0,1
org.jfree.chart.plot.PiePlot.getIgnoreZeroValues,1,0,1
org.jfree.chart.labels.StandardPieSectionLabelGenerator.generateSectionLabel,0,1,1
org.jfree.chart.axis.LogarithmicAxis.getExpTickLabelsFlag,1,0,1
org.jfree.chart.plot.ThermometerPlot.setColumnRadius,0,2,2
org.jfree.chart.renderer.category.GroupedStackedBarRenderer.setSeriesToGroupMap,0,3,3
org.jfree.chart.plot.dial.StandardDialFrame.isClippedToWindow,1,0,1
org.jfree.chart.renderer.category.BarRenderer.setItemMargin,0,2,2
org.jfree.data.statistics.HistogramDataset.getMaximum,1,6,7
org.jfree.chart.plot.Crosshair.removePropertyChangeListener,1,0,1
org.jfree.chart.annotations.CategoryPointerAnnotation.getAngle,1,0,1
org.jfree.chart.plot.CategoryPlot.setDomainCrosshairVisible,0,3,3
org.jfree.chart.PaintMap.equals,0,16,16
org.jfree.chart.plot.dial.StandardDialScale.isClippedToWindow,1,0,1
org.jfree.data.time.TimePeriodValue.<init>,0,4,4
org.jfree.chart.StandardChartTheme.getRangeGridlinePaint,1,0,1
org.jfree.chart.plot.CategoryPlot.setRangeGridlinePaint,0,3,3
org.jfree.chart.renderer.category.BarRenderer.getShadowPaint,0,1,1
org.jfree.chart.plot.MultiplePiePlot.<init>,0,16,16
org.jfree.data.time.Week.compareTo,10,0,10
org.jfree.chart.renderer.xy.XYBoxAndWhiskerRenderer.findRangeBounds,0,1,1
org.jfree.chart.block.AbstractBlock.trimBorder,0,2,2
org.jfree.chart.plot.SpiderWebPlot.getWebPoint,0,4,4
org.jfree.chart.axis.LogAxis.setBaseFormatter,3,0,3
org.jfree.chart.renderer.xy.XYBarRenderer.setBarAlignmentFactor,2,0,2
org.jfree.chart.plot.XYPlot.drawAxes,8,31,39
org.jfree.chart.annotations.CategoryPointerAnnotation.setArrowStroke,0,3,3
org.jfree.chart.block.RectangleConstraint.<init>,0,12,12
org.jfree.chart.plot.XYPlot.mapDatasetToDomainAxis,0,3,3
org.jfree.data.general.KeyedValuesDataset.null,0,0,0
org.jfree.chart.urls.StandardCategoryURLGenerator.hashCode,5,0,5
org.jfree.chart.event.RendererChangeListener.null,0,0,0
org.jfree.chart.plot.PlotRenderingInfo.getSubplotInfo,0,1,1
org.jfree.chart.needle.MeterNeedle.<init>,0,4,4
org.jfree.data.xy.XYBarDataset.clone,0,5,5
org.jfree.chart.urls.TimeSeriesURLGenerator.equals,1,13,14
org.jfree.data.jdbc.JDBCCategoryDataset.executeQuery,61,0,61
org.jfree.chart.ChartPanel.getZoomFillPaint,1,0,1
org.jfree.data.xy.XIntervalSeries.<init>,0,2,2
org.jfree.chart.title.PaintScaleLegend.setStripOutlineVisible,0,2,2
org.jfree.chart.plot.PiePlotState.setPassesRequired,0,1,1
org.jfree.chart.util.StringUtils.startsWithIgnoreCase,3,0,3
org.jfree.data.gantt.TaskSeriesCollection.getRowKeys,1,0,1
org.jfree.chart.JFreeChart.getCategoryPlot,1,0,1
org.jfree.chart.plot.XYPlot.setDomainAxisLocation,2,6,8
org.jfree.chart.StandardChartTheme.setDrawingSupplier,0,2,2
org.jfree.chart.plot.dial.DialLayerChangeEvent.<init>,0,2,2
org.jfree.data.gantt.XYTaskDataset.isTransposed,1,0,1
org.jfree.data.xy.IntervalXYDelegate.getIntervalPositionFactor,0,1,1
org.jfree.data.xy.VectorSeriesCollection.clone,0,3,3
org.jfree.chart.axis.CategoryAxis.setCategoryLabelPositions,0,3,3
org.jfree.chart.axis.NumberTickUnitSource.previous,1,12,13
org.jfree.data.xy.VectorDataItem.getYValue,2,0,2
org.jfree.chart.axis.TickType.<init>,0,1,1
org.jfree.data.DefaultKeyedValues2D.hashCode,5,0,5
org.jfree.data.time.Hour.<init>,0,15,15
org.jfree.chart.renderer.category.StatisticalBarRenderer.drawHorizontalItem,23,45,68
org.jfree.chart.StandardChartTheme.getName,1,0,1
org.jfree.chart.annotations.CategoryPointerAnnotation.hashCode,0,16,16
org.jfree.data.xy.XYInterval.getYLow,0,1,1
org.jfree.data.xy.DefaultXYDataset.clone,0,13,13
org.jfree.chart.axis.PeriodAxis.getLocale,1,0,1
org.jfree.data.category.DefaultCategoryDataset.getColumnIndex,0,1,1
org.jfree.chart.plot.CategoryPlot.isDomainPannable,1,0,1
org.jfree.data.xy.XYBarDataset.getEndY,1,0,1
org.jfree.data.xy.XYBarDataset.getEndX,5,0,5
org.jfree.data.time.TimeSeries.removeAgedItems,3,25,28
org.jfree.chart.axis.CategoryLabelPositions.replaceTopPosition,3,0,3
org.jfree.data.json.JSONUtils.writeKeyedValues,22,0,22
org.jfree.chart.plot.SpiderWebPlot.setLegendItemShape,0,3,3
org.jfree.chart.renderer.category.BarRenderer.getMaximumBarWidth,0,1,1
org.jfree.chart.ChartPanel.setHorizontalTraceLine,1,0,1
org.jfree.chart.util.PaintList.readObject,0,6,6
org.jfree.chart.renderer.OutlierList.isOverlapped,4,0,4
org.jfree.chart.axis.CategoryAxis.hashCode,0,1,1
org.jfree.chart.renderer.WaferMapRenderer.getPlot,1,0,1
org.jfree.chart.plot.FastScatterPlot.setRangeGridlinePaint,0,3,3
org.jfree.data.general.Series.equals,2,8,10
org.jfree.chart.plot.PolarPlot.isCounterClockwise,1,0,1
org.jfree.chart.axis.ValueTick.getTickType,0,1,1
org.jfree.data.time.Minute.hashCode,0,5,5
org.jfree.chart.title.Title.hashCode,0,5,5
org.jfree.chart.text.TextLine.removeFragment,0,1,1
org.jfree.chart.util.RelativeDateFormat.setShowZeroDays,0,1,1
org.jfree.chart.axis.LogarithmicAxis.java2DToValue,4,10,14
org.jfree.data.DefaultKeyedValues.getItemCount,0,1,1
org.jfree.data.category.SlidingCategoryDataset.getRowIndex,0,1,1
org.jfree.data.time.Day.getDayOfMonth,0,1,1
org.jfree.chart.title.LegendGraphic.setShapeAnchor,0,2,2
org.jfree.chart.plot.PolarPlot.<init>,0,37,37
org.jfree.chart.ChartPanel.setReshowDelay,1,0,1
org.jfree.chart.servlet.DisplayChart.<init>,1,0,1
org.jfree.chart.editor.DefaultValueAxisEditor.setAutoTickUnitSelection,1,0,1
org.jfree.chart.renderer.xy.StackedXYAreaRenderer2.adjustedStackValues,8,0,8
org.jfree.chart.text.TextLine.addFragment,0,1,1
org.jfree.chart.renderer.xy.AbstractXYItemRenderer.calculateDomainMarkerTextAnchorPoint,6,0,6
org.jfree.chart.labels.CustomXYToolTipGenerator.addToolTipSeries,0,1,1
org.jfree.chart.text.TextBlock.<init>,0,2,2
org.jfree.chart.renderer.xy.ClusteredXYBarRenderer.equals,2,6,8
org.jfree.chart.axis.CategoryTick.getCategory,0,1,1
org.jfree.chart.plot.MultiplePiePlot.setPieChart,1,4,5
org.jfree.data.general.DefaultPieDataset.remove,2,0,2
org.jfree.chart.plot.PolarPlot.getLegendItems,1,12,13
org.jfree.chart.ui.Size2D.toString,1,0,1
org.jfree.chart.axis.LogarithmicAxis.setStrictValuesFlag,1,0,1
org.jfree.chart.date.SerialDate.toString,1,0,1
org.jfree.chart.title.TextTitle.drawHorizontal,12,16,28
org.jfree.data.time.SimpleTimePeriod.<init>,1,4,5
org.jfree.chart.block.AbstractBlock.getPadding,1,0,1
org.jfree.chart.renderer.xy.StandardXYItemRenderer.setLastPointGood,1,0,1
org.jfree.chart.entity.TitleEntity.equals,14,0,14
org.jfree.chart.plot.MultiplePiePlot.draw,62,0,62
org.jfree.data.statistics.BoxAndWhiskerItem.getMinRegularValue,0,1,1
org.jfree.chart.StandardChartTheme.applyToValueAxis,2,6,8
org.jfree.chart.renderer.category.AbstractCategoryItemRenderer.equals,2,22,24
org.jfree.chart.util.ObjectUtils.clone,5,8,13
org.jfree.chart.renderer.xy.XYAreaRenderer.initialise,0,3,3
org.jfree.chart.plot.dial.DialPlot.setCap,0,6,6
org.jfree.chart.text.TextFragment.getPaint,0,1,1
org.jfree.data.time.TimePeriodValue.getPeriod,0,1,1
org.jfree.chart.renderer.Outlier.getY,0,1,1
org.jfree.chart.renderer.Outlier.getX,0,1,1
org.jfree.chart.renderer.xy.XYLineAndShapeRenderer.getSeriesLinesVisible,0,1,1
org.jfree.chart.plot.XYPlot.isDomainCrosshairVisible,0,1,1
org.jfree.chart.ChartPanel.chartChanged,0,6,6
org.jfree.chart.LegendItem.isShapeFilled,0,1,1
org.jfree.chart.annotations.XYBoxAnnotation.draw,1,19,20
org.jfree.data.xy.XYBarDataset.equals,3,7,10
org.jfree.chart.plot.CategoryPlot.clearDomainMarkers,7,26,33
org.jfree.chart.plot.PieLabelDistributor.<init>,0,1,1
org.jfree.chart.annotations.AbstractAnnotation.setNotify,3,0,3
org.jfree.chart.renderer.AbstractRenderer.getDefaultLegendTextPaint,1,0,1
org.jfree.chart.plot.dial.StandardDialRange.getInnerRadius,1,0,1
org.jfree.chart.util.RelativeDateFormat.getBaseMillis,1,0,1
org.jfree.chart.renderer.category.AbstractCategoryItemRenderer.getLegendItemToolTipGenerator,0,1,1
org.jfree.chart.title.LegendTitle.setBackgroundPaint,0,2,2
org.jfree.chart.annotations.CategoryTextAnnotation.getCategoryAnchor,0,1,1
org.jfree.chart.renderer.xy.CandlestickRenderer.getVolumePaint,0,1,1
org.jfree.data.time.DynamicTimeSeriesCollection.advanceTime,27,0,27
org.jfree.chart.renderer.category.LineAndShapeRenderer.setUseOutlinePaint,0,2,2
org.jfree.chart.renderer.category.LevelRenderer.getItemMiddle,1,0,1
org.jfree.data.category.DefaultIntervalCategoryDataset.getColumnIndex,0,2,2
org.jfree.chart.plot.Plot.setOutlineVisible,0,2,2
org.jfree.chart.util.AttrStringUtils.isHorizontalLeft,1,0,1
org.jfree.chart.plot.CompassPlot.getDrawBorder,1,0,1
org.jfree.chart.annotations.CategoryTextAnnotation.getValue,0,1,1
org.jfree.chart.renderer.xy.XYShapeRenderer.<init>,0,9,9
org.jfree.chart.renderer.xy.XYLineAndShapeRenderer.drawFirstPassShape,0,3,3
org.jfree.chart.plot.Plot.setBackgroundImageAlpha,1,4,5
org.jfree.data.Range.combineIgnoringNaN,2,11,13
org.jfree.data.category.DefaultIntervalCategoryDataset.getColumnKey,0,1,1
org.jfree.data.KeyedObjects.setObject,0,6,6
org.jfree.data.xy.CategoryTableXYDataset.clear,2,0,2
org.jfree.chart.plot.DefaultDrawingSupplier.getNextPaint,0,3,3
org.jfree.chart.axis.NumberAxis.draw,5,7,12
org.jfree.chart.renderer.xy.StackedXYAreaRenderer2.clone,0,1,1
org.jfree.chart.renderer.xy.XYStepAreaRenderer.clone,0,1,1
org.jfree.chart.ui.UIUtils.<init>,0,0,0
org.jfree.chart.plot.FastScatterPlot.getData,1,0,1
org.jfree.chart.annotations.XYTitleAnnotation.getTitleAnchor,1,0,1
org.jfree.data.function.NormalDistributionFunction2D.getMean,0,1,1
org.jfree.chart.axis.TickUnit.getSize,0,1,1
org.jfree.chart.plot.PiePlot.setDefaultSectionOutlinePaint,0,3,3
org.jfree.chart.plot.IntervalMarker.<init>,1,6,7
org.jfree.chart.renderer.category.IntervalBarRenderer.drawItem,1,3,4
org.jfree.chart.renderer.LookupPaintScale.equals,5,19,24
org.jfree.data.xy.XYDataItem.equals,3,7,10
org.jfree.data.time.MovingAverage.createMovingAverage,49,29,78
org.jfree.chart.plot.SpiderWebPlot.getBaseSeriesOutlinePaint,1,0,1
org.jfree.chart.title.TextTitle.arrange,16,10,26
org.jfree.chart.title.ImageTitle.drawVertical,26,0,26
org.jfree.data.statistics.BoxAndWhiskerItem.getMedian,0,1,1
org.jfree.chart.ui.ApplicationFrame.windowOpened,0,0,0
org.jfree.chart.renderer.AbstractRenderer.getNegativeItemLabelPosition,1,0,1
org.jfree.chart.axis.MarkerAxisBand.hashCode,0,4,4
org.jfree.data.general.DatasetChangeEvent.<init>,0,2,2
org.jfree.chart.plot.ThermometerPlot.equals,10,43,53
org.jfree.chart.ui.TextAnchor.isBaseline,0,1,1
org.jfree.chart.axis.CategoryLabelWidthType.equals,1,7,8
org.jfree.chart.renderer.WaferMapRenderer.<init>,11,0,11
org.jfree.data.statistics.SimpleHistogramDataset.<init>,0,4,4
org.jfree.chart.axis.AxisLocation.getOpposite,13,0,13
org.jfree.chart.renderer.category.DefaultCategoryItemRenderer.null,0,0,0
org.jfree.data.general.DatasetChangeListener.null,0,0,0
org.jfree.data.xy.VectorSeries.getYValue,2,0,2
org.jfree.chart.plot.PiePlot.getArcBounds,7,2,9
org.jfree.chart.title.PaintScaleLegend.setBackgroundPaint,0,2,2
org.jfree.chart.plot.dial.StandardDialScale.getMajorTickPaint,1,0,1
org.jfree.data.xy.XYSeries.getRawDataItem,0,1,1
org.jfree.data.xy.DefaultIntervalXYDataset.getStartY,1,0,1
org.jfree.data.xy.DefaultIntervalXYDataset.getStartX,1,0,1
org.jfree.chart.StandardChartTheme.setErrorIndicatorPaint,0,2,2
org.jfree.chart.labels.MultipleXYSeriesLabelGenerator.<init>,0,5,5
org.jfree.data.xy.XYSeriesCollection.<init>,0,8,8
org.jfree.chart.block.ColumnArrangement.clear,0,0,0
org.jfree.chart.needle.MiddlePinNeedle.hashCode,1,0,1
org.jfree.chart.axis.AxisSpace.add,3,7,10
org.jfree.chart.annotations.XYTextAnnotation.equals,1,29,30
org.jfree.chart.renderer.category.GanttRenderer.<init>,0,6,6
org.jfree.chart.plot.dial.ArcDialFrame.hashCode,0,13,13
org.jfree.data.statistics.DefaultBoxAndWhiskerXYDataset.getItemCount,0,1,1
org.jfree.data.jdbc.JDBCPieDataset.<init>,7,0,7
org.jfree.chart.plot.PiePlot.setSectionOutlineStroke,0,2,2
org.jfree.chart.labels.ItemLabelPosition.getTextAnchor,1,0,1
org.jfree.chart.renderer.xy.HighLowRenderer.getDrawOpenTicks,1,0,1
org.jfree.chart.title.Title.setNotify,3,0,3
org.jfree.data.time.TimeTableXYDataset.getStartX,1,0,1
org.jfree.data.time.TimeTableXYDataset.getStartY,1,0,1
org.jfree.data.KeyedObjects.getKeys,6,0,6
org.jfree.data.time.Millisecond.hashCode,0,4,4
org.jfree.chart.labels.BoxAndWhiskerToolTipGenerator.createItemArray,14,0,14
org.jfree.chart.plot.Crosshair.setLabelGenerator,0,4,4
org.jfree.chart.editor.DefaultValueAxisEditor.getMaximumValue,1,0,1
org.jfree.chart.renderer.xy.HighLowRenderer.setCloseTickPaint,0,2,2
org.jfree.chart.renderer.category.AreaRenderer.clone,0,1,1
org.jfree.chart.renderer.xy.AbstractXYItemRenderer.moveTo,0,1,1
org.jfree.data.general.DefaultHeatMapDataset.getMinimumYValue,0,1,1
org.jfree.chart.plot.XYPlot.getDomainCrosshairPaint,1,0,1
org.jfree.chart.axis.DateAxis.containsDomainValue,1,1,2
org.jfree.data.ComparableObjectSeries.delete,3,0,3
org.jfree.chart.annotations.XYTextAnnotation.getTextAnchor,0,1,1
org.jfree.chart.plot.Marker.getListeners,0,1,1
org.jfree.data.xy.DefaultOHLCDataset.getOpen,1,0,1
org.jfree.chart.renderer.xy.XYLineAndShapeRenderer.State,0,2,2
org.jfree.chart.renderer.category.CategoryItemRendererState.getBarWidth,0,1,1
org.jfree.chart.plot.CombinedRangeXYPlot.calculateAxisSpace,12,29,41
org.jfree.data.xy.DefaultTableXYDataset.removeAllValuesForX,0,9,9
org.jfree.chart.text.AttributedStringUtils.<init>,0,0,0
org.jfree.chart.plot.XYPlot.writeObject,0,22,22
org.jfree.data.time.DynamicTimeSeriesCollection.offsetFromNewest,1,0,1
org.jfree.chart.plot.PolarPlot.clearCornerTextItems,3,0,3
org.jfree.data.xy.CategoryTableXYDataset.getDomainLowerBound,1,0,1
org.jfree.chart.ChartFactory.createRingChart,18,0,18
org.jfree.chart.renderer.xy.XYBarPainter.null,0,0,0
org.jfree.chart.renderer.xy.XYErrorRenderer.setErrorStroke,0,2,2
org.jfree.chart.renderer.GrayPaintScale.hashCode,5,0,5
org.jfree.data.time.TimePeriodValues.getDataItem,0,1,1
org.jfree.chart.plot.XYPlot.drawZeroDomainBaseline,1,1,2
org.jfree.chart.renderer.xy.XYShapeRenderer.isGuideLinesVisible,1,0,1
org.jfree.data.Range.expandToInclude,2,5,7
org.jfree.chart.axis.SymbolAxis.refreshTicksHorizontal,45,0,45
org.jfree.chart.renderer.xy.AbstractXYItemRenderer.removeAnnotations,9,0,9
org.jfree.data.time.TimeSeries.getItemCount,0,1,1
org.jfree.chart.text.TextBox.getOutlineStroke,1,0,1
org.jfree.data.general.WaferMapDataset.isMaxValue,3,0,3
org.jfree.chart.block.CenterArrangement.arrange,19,5,24
org.jfree.chart.plot.PiePlot.getLabelBackgroundPaint,1,0,1
org.jfree.data.time.DateRange.toString,2,0,2
org.jfree.chart.renderer.xy.XYSplineRenderer.solveTridiag,8,0,8
org.jfree.data.time.ohlc.OHLCSeriesCollection.clone,0,3,3
org.jfree.chart.ChartPanel.setZoomTriggerDistance,1,0,1
org.jfree.chart.renderer.xy.XYShapeRenderer.setPaintScale,0,3,3
org.jfree.chart.plot.PiePlotState.setLinkArea,0,1,1
org.jfree.data.statistics.DefaultBoxAndWhiskerXYDataset.getMinOutlier,0,5,5
org.jfree.chart.editor.DefaultTitleEditor.getTitleText,1,0,1
org.jfree.data.general.DefaultKeyedValuesDataset.null,0,0,0
org.jfree.chart.block.CenterArrangement.<init>,0,0,0
org.jfree.chart.annotations.XYBoxAnnotation.readObject,0,4,4
org.jfree.chart.renderer.AbstractRenderer.getSeriesStroke,0,1,1
org.jfree.chart.ChartMouseEvent.<init>,4,0,4
org.jfree.chart.renderer.category.StatisticalLineAndShapeRenderer.setErrorIndicatorPaint,0,2,2
org.jfree.data.time.Millisecond.peg,0,1,1
org.jfree.chart.entity.CategoryItemEntity.setRowKey,1,0,1
org.jfree.chart.renderer.AbstractRenderer.notifyListeners,0,4,4
org.jfree.data.time.Week.peg,0,2,2
org.jfree.chart.editor.DefaultNumberAxisEditor.actionPerformed,4,0,4
org.jfree.chart.plot.ThermometerPlot.setValueFont,0,4,4
org.jfree.data.general.Series.addVetoableChangeListener,0,1,1
org.jfree.chart.LegendItem.getOutlinePaint,0,1,1
org.jfree.data.time.TimePeriodValues.getMinStartIndex,0,1,1
org.jfree.chart.annotations.XYPointerAnnotation.hashCode,0,16,16
org.jfree.chart.entity.ChartEntity.writeObject,0,2,2
org.jfree.chart.StandardChartTheme.applyToBlock,6,0,6
org.jfree.chart.annotations.CategoryTextAnnotation.equals,2,12,14
org.jfree.chart.plot.dial.DialValueIndicator.hashCode,0,6,6
org.jfree.chart.plot.XYPlot.getRangeGridlineStroke,0,1,1
org.jfree.chart.editor.DefaultLogAxisEditor.validateTickUnit,7,0,7
org.jfree.chart.PolarChartPanel.getPopupMenuItem,8,0,8
org.jfree.chart.labels.SymbolicXYItemLabelGenerator.round,5,0,5
org.jfree.chart.JFreeChart.addLegend,1,0,1
org.jfree.data.statistics.BoxAndWhiskerItem.getMinOutlier,0,1,1
org.jfree.chart.ui.FontDisplayField.fontToString,3,0,3
org.jfree.chart.renderer.xy.XYShapeRenderer.getPaintScale,1,0,1
org.jfree.data.gantt.SlidingGanttCategoryDataset.getSubIntervalCount,6,0,6
org.jfree.chart.plot.dial.StandardDialScale.setFirstTickLabelVisible,2,0,2
org.jfree.data.xy.XYBarDataset.<init>,0,3,3
org.jfree.chart.plot.CategoryPlot.setDrawSharedDomainAxis,0,2,2
org.jfree.chart.plot.Plot.resolveRangeAxisLocation,10,16,26
org.jfree.chart.renderer.category.BoxAndWhiskerRenderer.initialise,3,21,24
org.jfree.data.time.Month.getYear,0,1,1
org.jfree.chart.renderer.Outlier.toString,1,0,1
org.jfree.chart.title.LegendItemBlockContainer.draw,0,15,15
org.jfree.chart.StandardChartTheme.applyToCategoryItemRenderer,4,12,16
org.jfree.chart.renderer.LookupPaintScale.add,0,5,5
org.jfree.chart.needle.MeterNeedle.getFillPaint,1,0,1
org.jfree.data.KeyedValues.null,0,0,0
org.jfree.chart.plot.PieLabelRecord.setAllocatedY,0,1,1
org.jfree.chart.plot.MultiplePiePlot.clone,0,5,5
org.jfree.chart.renderer.xy.StandardXYItemRenderer.setPlotImages,0,3,3
org.jfree.chart.axis.Tick.toString,1,0,1
org.jfree.chart.plot.MeterPlot.fillArc,5,18,23
org.jfree.chart.renderer.category.AbstractCategoryItemRenderer.getSeriesItemURLGenerator,0,4,4
org.jfree.data.time.Week.next,2,10,12
org.jfree.chart.annotations.AbstractAnnotation.hasListener,2,0,2
org.jfree.chart.editor.DefaultAxisEditor.getLabelFont,1,0,1
org.jfree.chart.plot.XYPlot.getRendererCount,0,1,1
org.jfree.data.statistics.HistogramDataset.clone,0,6,6
org.jfree.chart.plot.PiePlot.getSimpleLabels,0,1,1
org.jfree.chart.plot.dial.StandardDialScale.getMajorTickLength,1,0,1
org.jfree.chart.title.Title.<init>,1,12,13
org.jfree.chart.renderer.category.StatisticalBarRenderer.writeObject,0,3,3
org.jfree.chart.plot.PiePlotState.getLatestAngle,0,1,1
org.jfree.chart.renderer.AbstractRenderer.setDefaultStroke,0,5,5
org.jfree.chart.renderer.xy.GradientXYBarPainter.<init>,0,4,4
org.jfree.chart.axis.PeriodAxis.<init>,0,24,24
org.jfree.chart.plot.DefaultDrawingSupplier.equals,1,25,26
org.jfree.chart.ui.Layer.toString,1,0,1
org.jfree.data.statistics.DefaultMultiValueCategoryDataset.equals,2,4,6
org.jfree.chart.needle.MeterNeedle.getRotateY,1,0,1
org.jfree.chart.needle.MeterNeedle.getRotateX,1,0,1
org.jfree.chart.renderer.xy.XYShapeRenderer.setUseFillPaint,0,2,2
org.jfree.chart.annotations.TextAnnotation.<init>,0,8,8
org.jfree.chart.text.TextMeasurer.null,0,0,0
org.jfree.chart.annotations.XYPointerAnnotation.<init>,0,9,9
org.jfree.data.time.ohlc.OHLC.equals,2,12,14
org.jfree.data.category.DefaultCategoryDataset.addValue,0,3,3
org.jfree.chart.block.BlockBorder.getPaint,1,0,1
org.jfree.data.time.ohlc.OHLCSeries.getDataItem,0,1,1
org.jfree.chart.plot.SeriesRenderingOrder.readResolve,2,3,5
org.jfree.chart.plot.XYPlot.setDatasetRenderingOrder,3,0,3
org.jfree.chart.editor.DefaultPlotEditor.getOutlinePaint,1,0,1
org.jfree.data.KeyedObjects.getObject,0,9,9
org.jfree.chart.axis.CategoryLabelPositions.equals,2,12,14
org.jfree.data.time.Month.previous,1,6,7
org.jfree.data.time.Quarter.hashCode,0,4,4
org.jfree.chart.axis.Axis.getTickMarkPaint,0,1,1
org.jfree.chart.renderer.xy.CandlestickRenderer.getAutoWidthFactor,1,0,1
org.jfree.chart.plot.ThermometerPlot.getUpperBound,1,0,1
org.jfree.chart.LegendItem.getDatasetIndex,0,1,1
org.jfree.data.statistics.DefaultBoxAndWhiskerCategoryDataset.equals,2,4,6
org.jfree.data.category.CategoryToPieDataset.getExtractType,0,1,1
org.jfree.chart.plot.MeterInterval.readObject,0,4,4
org.jfree.chart.plot.AbstractPieLabelDistributor.getItemCount,0,1,1
org.jfree.chart.renderer.category.MinMaxCategoryRenderer.getObjectIcon,1,0,1
org.jfree.chart.StandardChartTheme.getGridBandPaint,1,0,1
org.jfree.chart.plot.Crosshair.setVisible,0,3,3
org.jfree.chart.plot.Crosshair.getPaint,1,0,1
org.jfree.data.statistics.Statistics.getCorrelation,1,22,23
org.jfree.data.category.DefaultIntervalCategoryDataset.generateKeys,0,6,6
org.jfree.chart.JFreeChart.equals,3,29,32
org.jfree.chart.block.AbstractBlock.getID,1,0,1
org.jfree.data.time.TimeSeries.getValue,0,5,5
org.jfree.chart.renderer.AbstractRenderer.lookupLegendTextPaint,0,4,4
org.jfree.chart.renderer.xy.DeviationRenderer.drawItem,53,0,53
org.jfree.chart.plot.PieLabelRecord.getAllocatedY,0,1,1
org.jfree.chart.plot.PolarPlot.setRadiusGridlinesVisible,0,3,3
org.jfree.chart.plot.MeterPlot.drawArc,0,14,14
org.jfree.data.statistics.DefaultMultiValueCategoryDataset.getRowIndex,0,1,1
org.jfree.chart.title.LegendTitle.draw,1,24,25
org.jfree.chart.PolarChartPanel.<init>,7,0,7
org.jfree.chart.axis.Axis.setLabelPaint,0,3,3
org.jfree.chart.plot.CategoryPlot.getRangeAxisForDataset,0,8,8
org.jfree.chart.renderer.xy.XYBarRenderer.writeObject,0,2,2
org.jfree.chart.block.LabelBlock.<init>,2,8,10
org.jfree.chart.renderer.category.GanttRenderer.drawTask,25,41,66
org.jfree.chart.needle.MeterNeedle.getHighlightPaint,1,0,1
org.jfree.chart.plot.SpiderWebPlot.setDirection,0,3,3
org.jfree.data.xy.XYSeriesCollection.getSeriesKey,0,1,1
org.jfree.chart.plot.dial.StandardDialFrame.clone,0,1,1
org.jfree.chart.plot.PolarAxisLocation.<init>,0,1,1
org.jfree.chart.plot.PlotRenderingInfo.writeObject,0,3,3
org.jfree.chart.renderer.DefaultPolarItemRenderer.setSeriesFilled,0,1,1
org.jfree.chart.labels.ItemLabelPosition.getAngle,1,0,1
org.jfree.chart.entity.PieSectionEntity.setDataset,0,1,1
org.jfree.chart.plot.CategoryPlot.cloneMarkerMap,4,5,9
org.jfree.chart.StandardChartTheme.getItemLabelPaint,1,0,1
org.jfree.chart.plot.XYPlot.setDomainCrosshairValue,2,2,4
org.jfree.chart.block.LineBorder.getPaint,1,0,1
org.jfree.data.time.TimeSeries.updateMinMaxYByIteration,0,6,6
org.jfree.data.KeyedObjects.clone,0,7,7
org.jfree.data.general.DefaultHeatMapDataset.getYValue,2,0,2
org.jfree.chart.title.Title.getVerticalAlignment,1,0,1
org.jfree.chart.plot.PiePlotState.setPieWRadius,0,1,1
org.jfree.data.time.DynamicTimeSeriesCollection.getRangeUpperBound,4,0,4
org.jfree.chart.plot.XYPlot.getDatasetsMappedToDomainAxis,0,11,11
org.jfree.data.xy.IntervalXYDelegate.recalculateInterval,0,5,5
org.jfree.chart.renderer.category.BarRenderer.getDefaultShadowsVisible,0,1,1
org.jfree.data.xy.DefaultTableXYDataset.getStartY,1,0,1
org.jfree.chart.axis.ValueAxis.getDefaultAutoRange,0,1,1
org.jfree.chart.renderer.AbstractRenderer.hasListener,0,2,2
org.jfree.data.xy.DefaultTableXYDataset.getStartX,0,1,1
org.jfree.chart.plot.PiePlotState.getPieWRadius,0,1,1
org.jfree.data.xml.PieDatasetHandler.addItem,1,0,1
org.jfree.chart.axis.CategoryAxis.calculateTextBlockHeight,0,6,6
org.jfree.chart.ChartPanel.mouseReleased,47,0,47
org.jfree.chart.renderer.category.LayeredBarRenderer.<init>,0,2,2
org.jfree.chart.plot.dial.DialTextAnnotation.writeObject,0,2,2
org.jfree.chart.plot.dial.StandardDialScale.setMinorTickLength,1,3,4
org.jfree.data.jdbc.JDBCXYDataset.isTimeSeries,1,0,1
org.jfree.chart.event.TitleChangeEvent.<init>,0,2,2
org.jfree.chart.plot.Marker.getOutlinePaint,0,1,1
org.jfree.chart.renderer.category.GradientBarPainter.splitHorizontalBar,0,10,10
org.jfree.chart.plot.DialShape.hashCode,1,0,1
org.jfree.chart.title.PaintScaleLegend.getScale,1,0,1
org.jfree.chart.plot.CategoryPlot.datasetsMappedToRangeAxis,0,11,11
org.jfree.data.xy.YIntervalSeriesCollection.getStartYValue,0,2,2
org.jfree.chart.plot.CombinedDomainXYPlot.setFixedRangeAxisSpaceForSubplots,0,2,2
org.jfree.chart.renderer.AbstractRenderer.setDefaultItemLabelsVisible,0,4,4
org.jfree.chart.renderer.xy.XYErrorRenderer.<init>,0,6,6
org.jfree.data.statistics.DefaultBoxAndWhiskerXYDataset.setOutlierCoefficient,1,0,1
org.jfree.data.function.LineFunction2D.equals,2,6,8
org.jfree.chart.plot.dial.DialPointer.getWidthRadius,1,0,1
org.jfree.chart.renderer.xy.StandardXYItemRenderer.getPlotImages,0,1,1
org.jfree.data.statistics.HistogramBin.getEndBoundary,0,1,1
org.jfree.chart.urls.StandardXYURLGenerator.<init>,0,8,8
org.jfree.chart.block.LineBorder.getStroke,1,0,1
org.jfree.chart.plot.CombinedDomainXYPlot.plotChanged,0,1,1
org.jfree.chart.util.AbstractObjectList.clear,0,2,2
org.jfree.chart.labels.HighLowItemLabelGenerator.clone,0,6,6
org.jfree.chart.editor.DefaultChartEditor.getTitleEditor,1,0,1
org.jfree.data.statistics.Regression.getOLSRegression,2,46,48
org.jfree.data.time.ohlc.OHLCSeriesCollection.getLow,1,0,1
org.jfree.chart.plot.RingPlot.getSeparatorStroke,1,0,1
org.jfree.chart.renderer.category.LayeredBarRenderer.calculateBarWidth,3,16,19
org.jfree.chart.plot.SpiderWebPlot.getLabelGenerator,1,0,1
org.jfree.chart.annotations.TextAnnotation.hashCode,0,9,9
org.jfree.chart.renderer.category.AbstractCategoryItemRenderer.setLegendItemToolTipGenerator,0,2,2
org.jfree.chart.renderer.AbstractRenderer.setAutoPopulateSeriesStroke,1,0,1
org.jfree.data.time.TimePeriodAnchor.hashCode,0,1,1
org.jfree.chart.plot.XYPlot.setDomainCrosshairStroke,3,0,3
org.jfree.chart.renderer.category.LineAndShapeRenderer.getLegendItem,5,27,32
org.jfree.chart.renderer.xy.XYBlockRenderer.getBlockHeight,1,0,1
org.jfree.data.time.DynamicTimeSeriesCollection.invalidateRangeInfo,2,0,2
org.jfree.data.function.NormalDistributionFunction2D.hashCode,0,4,4
org.jfree.chart.annotations.XYTitleAnnotation.<init>,0,11,11
org.jfree.chart.renderer.category.BoxAndWhiskerRenderer.isMedianVisible,1,0,1
org.jfree.data.xy.XIntervalSeries.getX,0,2,2
org.jfree.chart.plot.XYPlot.clearAnnotations,4,0,4
org.jfree.chart.editor.DefaultAxisEditor.isTickLabelsVisible,1,0,1
org.jfree.chart.axis.CategoryAxis.getUpperMargin,0,1,1
org.jfree.chart.entity.ChartEntity.equals,2,10,12
org.jfree.chart.plot.CompassPlot.zoom,0,0,0
org.jfree.chart.PolarChartPanel.checkChart,3,0,3
org.jfree.chart.block.BorderArrangement.clear,0,5,5
org.jfree.chart.ui.RectangleInsets.equals,4,12,16
org.jfree.chart.ui.VerticalAlignment.toString,1,0,1
org.jfree.chart.annotations.XYDataImageAnnotation.getY,1,0,1
org.jfree.chart.renderer.category.LevelRenderer.calculateBarW0,5,10,15
org.jfree.chart.annotations.XYDataImageAnnotation.getX,1,0,1
org.jfree.chart.axis.DateAxis.setTickUnit,0,6,6
org.jfree.chart.axis.ModuloAxis.getDisplayCentralValue,1,0,1
org.jfree.chart.plot.ThermometerPlot.setDataset,9,0,9
org.jfree.chart.panel.CrosshairOverlay.addDomainCrosshair,0,4,4
org.jfree.chart.plot.XYPlot.getDomainTickBandPaint,0,1,1
org.jfree.chart.renderer.AbstractRenderer.getItemStroke,0,1,1
org.jfree.chart.renderer.xy.CyclicXYItemRenderer.getGroup,1,0,1
org.jfree.chart.editor.DefaultChartEditor.<init>,64,0,64
org.jfree.chart.renderer.xy.XYBoxAndWhiskerRenderer.drawHighFarOut,4,0,4
org.jfree.data.xy.OHLCDataItem.getLow,0,1,1
org.jfree.chart.renderer.xy.StandardXYItemRenderer.setSeriesShapesFilled,0,2,2
org.jfree.data.DefaultKeyedValues2D.getColumnCount,0,1,1
org.jfree.chart.title.PaintScaleLegend.getAxisLocation,1,0,1
org.jfree.chart.plot.SpiderWebPlot.setLabelGenerator,0,2,2
org.jfree.chart.util.ShapeList.equals,2,8,10
org.jfree.chart.ui.LengthAdjustmentType.toString,1,0,1
org.jfree.data.general.DatasetUtils.findStackedRangeBounds,1,73,74
org.jfree.data.time.DynamicTimeSeriesCollection.findMaxValue,7,0,7
org.jfree.chart.ui.RectangleInsets.calculateBottomInset,1,3,4
org.jfree.data.xy.WindDataset.null,0,0,0
org.jfree.chart.renderer.category.LineAndShapeRenderer.getDefaultLinesVisible,0,1,1
org.jfree.chart.axis.Axis.getLabelPaint,0,1,1
org.jfree.chart.labels.AbstractXYItemLabelGenerator.clone,0,10,10
org.jfree.chart.title.LegendGraphic.hashCode,0,3,3
org.jfree.chart.StandardChartTheme.getErrorIndicatorPaint,1,0,1
org.jfree.chart.axis.Axis.setTickMarkInsideLength,0,2,2
org.jfree.chart.annotations.XYBoxAnnotation.writeObject,0,4,4
org.jfree.data.statistics.HistogramBin.getStartBoundary,0,1,1
org.jfree.chart.axis.PeriodAxis.createInstance,3,5,8
org.jfree.chart.ChartPanel.setMaximumDrawWidth,1,0,1
org.jfree.chart.renderer.category.StatisticalLineAndShapeRenderer.findRangeBounds,0,1,1
org.jfree.chart.block.LabelBlock.setTextAnchor,0,1,1
org.jfree.data.xy.CategoryTableXYDataset.getIntervalWidth,0,1,1
org.jfree.chart.date.SpreadsheetDate.getMonth,0,1,1
org.jfree.chart.plot.FastScatterPlot.writeObject,0,6,6
org.jfree.data.DefaultKeyedValues.hashCode,1,0,1
org.jfree.chart.title.LegendTitle.getLegendItemGraphicLocation,0,1,1
org.jfree.chart.plot.CategoryMarker.setDrawAsLine,0,2,2
org.jfree.chart.ui.PaintSample.paintComponent,12,0,12
org.jfree.chart.labels.StandardCategoryToolTipGenerator.<init>,0,3,3
org.jfree.chart.plot.CompassPlot.setRevolutionDistance,2,0,2
org.jfree.chart.plot.dial.StandardDialRange.setInnerRadius,2,0,2
org.jfree.chart.block.AbstractBlock.clone,2,4,6
org.jfree.data.xy.DefaultWindDataset.getSeriesCount,0,1,1
org.jfree.chart.block.BlockBorder.draw,8,14,22
org.jfree.chart.JFreeChart.readObject,0,13,13
org.jfree.data.xy.XYSeries.addOrUpdate,3,29,32
org.jfree.chart.plot.PiePlot.setLabelLinkPaint,0,3,3
org.jfree.chart.plot.XYPlot.setDomainMinorGridlineStroke,3,0,3
org.jfree.chart.renderer.xy.XYShapeRenderer.findRangeBounds,2,5,7
org.jfree.data.xy.CategoryTableXYDataset.<init>,0,3,3
org.jfree.chart.needle.LineNeedle.hashCode,1,0,1
org.jfree.chart.plot.PiePlot.writeObject,0,13,13
org.jfree.chart.plot.Plot.fireChangeEvent,0,1,1
org.jfree.chart.block.ColorBlock.arrange,1,0,1
org.jfree.chart.editor.DefaultValueAxisEditor.<init>,38,0,38
org.jfree.chart.axis.CompassFormat.parse,1,0,1
org.jfree.chart.axis.CategoryAxis.setMaximumCategoryLabelWidthRatio,0,2,2
org.jfree.chart.axis.CategoryLabelPositions.createDownRotationLabelPositions,0,1,1
org.jfree.chart.util.HexNumberFormat.<init>,3,0,3
org.jfree.chart.renderer.category.StandardBarPainter.equals,1,4,5
org.jfree.chart.renderer.xy.XYLineAndShapeRenderer.drawSecondaryPass,8,32,40
org.jfree.chart.plot.PiePlotState.setPieHRadius,0,1,1
org.jfree.chart.plot.XYPlot.getRangeAxisEdge,0,3,3
org.jfree.data.statistics.SimpleHistogramDataset.getX,1,0,1
org.jfree.data.statistics.SimpleHistogramDataset.getY,1,0,1
org.jfree.data.xy.DefaultTableXYDataset.getSeriesKey,0,1,1
org.jfree.chart.renderer.DefaultPolarItemRenderer.addEntity,18,0,18
org.jfree.chart.axis.Axis.getMinorTickMarkInsideLength,1,0,1
org.jfree.chart.axis.NumberAxis.setAutoRangeStickyZero,0,5,5
org.jfree.data.xy.DefaultOHLCDataset.getSeriesKey,0,1,1
org.jfree.chart.plot.SpiderWebPlot.getDataset,0,1,1
org.jfree.chart.renderer.category.CategoryItemRendererState.setVisibleSeriesArray,0,1,1
org.jfree.chart.renderer.xy.SamplingXYLineRenderer.writeObject,2,0,2
org.jfree.chart.renderer.AbstractRenderer.getAutoPopulateSeriesPaint,0,1,1
org.jfree.chart.axis.Axis.getLabelLocation,1,0,1
org.jfree.chart.axis.NumberAxis.refreshTicksVertical,10,39,49
org.jfree.data.statistics.DefaultBoxAndWhiskerCategoryDataset.getValue,0,2,2
org.jfree.chart.plot.CategoryPlot.getDomainGridlineStroke,0,1,1
org.jfree.chart.ui.LengthAdjustmentType.readResolve,2,5,7
org.jfree.chart.renderer.category.LevelRenderer.hashCode,0,4,4
org.jfree.chart.plot.dial.DialValueIndicator.setPaint,0,3,3
org.jfree.chart.plot.SpiderWebPlot.setAxisLineStroke,0,3,3
org.jfree.data.xy.XYSeries.updateBoundsForAddedItem,0,7,7
org.jfree.chart.plot.dial.DialPointer.setWidthRadius,2,0,2
org.jfree.chart.plot.Marker.getLabelOffset,0,1,1
org.jfree.data.time.TimeSeriesCollection.getSeriesIndex,0,7,7
org.jfree.chart.axis.NumberAxis.valueToJava2D,1,13,14
org.jfree.chart.renderer.xy.XYDifferenceRenderer.setPositivePaint,0,3,3
org.jfree.chart.plot.ThermometerPlot.getGap,1,0,1
org.jfree.data.time.TimeSeriesCollection.clone,0,4,4
org.jfree.data.time.Minute.getLastMillisecond,0,8,8
org.jfree.chart.StandardChartTheme.setItemLabelPaint,0,2,2
org.jfree.chart.renderer.xy.XYBarRenderer.getMargin,1,0,1
org.jfree.chart.block.LineBorder.getInsets,1,0,1
org.jfree.chart.plot.XYPlot.drawBackground,0,3,3
org.jfree.chart.util.LogFormat.<init>,1,8,9
org.jfree.chart.axis.DateAxis.toTimelineValue,1,1,2
org.jfree.chart.renderer.xy.GradientXYBarPainter.splitVerticalBar,10,0,10
org.jfree.chart.text.TextBox.setTextBlock,1,0,1
org.jfree.chart.plot.Plot.setChart,0,1,1
org.jfree.chart.axis.Tick.getText,0,1,1
org.jfree.data.function.PolynomialFunction2D.getCoefficients,0,1,1
org.jfree.chart.renderer.xy.StandardXYItemRenderer.setGapThreshold,0,2,2
org.jfree.chart.axis.DateAxis.createStandardDateTickUnits,1,58,59
org.jfree.chart.plot.CategoryPlot.removeDomainMarker,5,8,13
org.jfree.chart.util.StrokeList.hashCode,1,0,1
org.jfree.chart.ChartFactory.createPolarChart,11,0,11
org.jfree.chart.plot.PiePlotState.setLatestAngle,0,1,1
org.jfree.chart.ui.FontChooserPanel.getSelectedFont,1,0,1
org.jfree.chart.panel.AbstractOverlay.notifyListeners,2,2,4
org.jfree.data.jdbc.JDBCCategoryDataset.getTranspose,1,0,1
org.jfree.chart.plot.dial.ArcDialFrame.setForegroundPaint,0,3,3
org.jfree.chart.ChartRenderingInfo.<init>,0,4,4
org.jfree.chart.plot.dial.ArcDialFrame.readObject,0,4,4
org.jfree.chart.renderer.xy.StackedXYAreaRenderer.setCurrentSeriesPoints,0,1,1
org.jfree.chart.renderer.xy.XYDifferenceRenderer.clone,0,3,3
org.jfree.chart.plot.PiePlot.getLabelFont,0,1,1
org.jfree.chart.StandardChartTheme.setXYBarPainter,0,2,2
org.jfree.chart.plot.dial.DialPlot.getScaleForDataset,5,0,5
org.jfree.chart.renderer.xy.XYShapeRenderer.getDrawOutlines,1,0,1
org.jfree.data.jdbc.JDBCXYDataset.getRangeBounds,1,0,1
org.jfree.chart.plot.CombinedDomainXYPlot.zoomRangeAxes,11,0,11
org.jfree.chart.renderer.xy.XYErrorRenderer.getErrorStroke,1,0,1
org.jfree.chart.axis.AxisState.getCursor,0,1,1
org.jfree.data.time.Year.next,0,3,3
org.jfree.chart.renderer.category.StandardBarPainter.createShadow,29,0,29
org.jfree.chart.renderer.AbstractRenderer.getDefaultEntityRadius,1,0,1
org.jfree.chart.renderer.xy.XYStepAreaRenderer.restrictValueToDataArea,5,8,13
org.jfree.chart.ui.Align.align,17,0,17
org.jfree.chart.util.XYCoordinateType.toString,0,1,1
org.jfree.chart.plot.PiePlot3D.draw,54,173,227
org.jfree.chart.renderer.xy.XYSplineRenderer.initialise,4,0,4
org.jfree.data.xy.XYIntervalSeriesCollection.getSeriesKey,0,1,1
org.jfree.chart.axis.CategoryAxis.setTickLabelFont,0,5,5
org.jfree.chart.util.ShapeUtils.createDiamond,7,0,7
org.jfree.chart.annotations.XYTextAnnotation.setOutlineStroke,0,3,3
org.jfree.chart.annotations.XYAnnotationBoundsInfo.null,0,0,0
org.jfree.chart.renderer.xy.XYBoxAndWhiskerRenderer.lookupBoxPaint,1,3,4
org.jfree.data.time.Minute.next,1,7,8
org.jfree.chart.ChartPanel.setMaximumDrawHeight,1,0,1
org.jfree.chart.util.DefaultShadowGenerator.getShadowColor,1,0,1
org.jfree.chart.plot.Plot.setNoDataMessageFont,0,3,3
org.jfree.data.xy.XYSeries.getDataItem,2,0,2
org.jfree.data.general.DatasetUtils.calculateStackTotal,7,0,7
org.jfree.chart.renderer.xy.XYBarRenderer.XYBarRendererState,1,0,1
org.jfree.data.time.TimePeriodValues.getItemCount,0,1,1
org.jfree.chart.renderer.category.GanttRenderer.drawTasks,60,5,65
org.jfree.data.time.DynamicTimeSeriesCollection.getStartX,2,0,2
org.jfree.data.xy.MatrixSeriesCollection.clone,0,3,3
org.jfree.data.time.DynamicTimeSeriesCollection.getStartY,1,0,1
org.jfree.data.xml.KeyHandler.clearCurrentText,1,0,1
org.jfree.chart.util.RelativeDateFormat.equals,5,27,32
org.jfree.chart.util.SerialUtils.readShape,17,47,64
org.jfree.chart.axis.LogTick.getAttributedLabel,1,0,1
org.jfree.chart.renderer.xy.StandardXYItemRenderer.isLastPointGood,1,0,1
org.jfree.chart.needle.PlumNeedle.equals,3,4,7
org.jfree.chart.plot.CategoryPlot.setRenderers,3,0,3
org.jfree.chart.plot.CompassPlot.setDrawBorder,0,2,2
org.jfree.chart.LegendItem.setShape,2,0,2
org.jfree.data.xy.XYIntervalSeries.getDataItem,0,1,1
org.jfree.chart.axis.AxisSpace.getLeft,1,0,1
org.jfree.chart.needle.ShipNeedle.clone,0,1,1
org.jfree.chart.axis.Axis.setLabel,0,2,2
org.jfree.chart.LegendItem.getDataset,0,1,1
org.jfree.chart.plot.PolarPlot.setAxisLocation,7,0,7
org.jfree.chart.ChartTransferable.isDataFlavorSupported,1,0,1
org.jfree.chart.renderer.xy.StandardXYItemRenderer.getPlotDiscontinuous,0,1,1
org.jfree.chart.ChartPanel.isDomainZoomable,1,0,1
org.jfree.chart.renderer.category.GanttRenderer.setEndPercent,0,2,2
org.jfree.chart.axis.ModuloAxis.java2DToValue,4,0,4
org.jfree.chart.ChartPanel.saveAsPDF,21,0,21
org.jfree.chart.renderer.DefaultPolarItemRenderer.setConnectFirstAndLastPoint,2,0,2
org.jfree.chart.labels.AbstractCategoryItemLabelGenerator.equals,2,10,12
org.jfree.data.xy.AbstractIntervalXYDataset.getEndYValue,0,5,5
org.jfree.chart.renderer.AbstractRenderer.setSeriesOutlineStroke,0,4,4
org.jfree.chart.needle.PointerNeedle.hashCode,1,0,1
org.jfree.chart.plot.CategoryMarker.<init>,0,5,5
org.jfree.chart.axis.CategoryAxis.calculateTextBlockWidth,0,6,6
org.jfree.data.category.CategoryToPieDataset.getIndex,2,5,7
org.jfree.data.time.TimePeriodValuesCollection.getDomainBounds,5,23,28
org.jfree.chart.ui.HorizontalAlignment.readResolve,0,8,8
org.jfree.data.gantt.SlidingGanttCategoryDataset.getUnderlyingDataset,0,1,1
org.jfree.data.xy.DefaultWindDataset.equals,8,14,22
org.jfree.chart.plot.CombinedRangeXYPlot.isDomainPannable,4,0,4
org.jfree.chart.editor.DefaultValueAxisEditor.focusLost,4,0,4
org.jfree.chart.renderer.xy.XYBarRenderer.setG2Base,1,0,1
org.jfree.chart.renderer.xy.ClusteredXYBarRenderer.drawItem,69,0,69
org.jfree.chart.plot.dial.DialValueIndicator.<init>,1,15,16
org.jfree.chart.plot.dial.StandardDialScale.getFirstTickLabelVisible,1,0,1
org.jfree.chart.imagemap.StandardURLTagFragmentGenerator.generateURLFragment,0,1,1
org.jfree.chart.needle.LongNeedle.drawNeedle,46,0,46
org.jfree.chart.title.LegendTitle.getWrapper,0,1,1
org.jfree.chart.panel.CrosshairOverlay.clearDomainCrosshairs,7,0,7
org.jfree.chart.block.EmptyBlock.clone,0,1,1
org.jfree.chart.renderer.xy.XYBlockRenderer.setBlockHeight,1,4,5
org.jfree.data.ComparableObjectSeries.add,2,23,25
org.jfree.chart.LegendItem.getAttributedLabel,1,0,1
org.jfree.data.xy.XYDataItem.<init>,0,4,4
org.jfree.chart.annotations.XYTextAnnotation.getOutlinePaint,1,0,1
org.jfree.chart.renderer.Outlier.compareTo,8,0,8
org.jfree.data.statistics.DefaultBoxAndWhiskerCategoryDataset.getMeanValue,0,10,10
org.jfree.chart.plot.DefaultDrawingSupplier.getNextOutlinePaint,0,3,3
org.jfree.data.general.DatasetUtils.findDomainBounds,0,15,15
org.jfree.chart.needle.MeterNeedle.setOutlineStroke,0,2,2
org.jfree.chart.labels.HighLowItemLabelGenerator.equals,2,8,10
org.jfree.data.general.WaferMapDataset.<init>,9,0,9
org.jfree.chart.axis.AxisLabelLocation.toString,0,1,1
org.jfree.chart.plot.CategoryPlot.getRangeZeroBaselineStroke,1,0,1
org.jfree.chart.entity.TitleEntity.toString,4,0,4
org.jfree.chart.axis.CategoryAxis.setUpperMargin,0,2,2
org.jfree.chart.LegendItem.setDataset,0,1,1
org.jfree.chart.renderer.xy.XYDotRenderer.drawItem,19,0,19
org.jfree.chart.plot.dial.DialCap.equals,1,13,14
org.jfree.chart.plot.dial.StandardDialFrame.getBackgroundPaint,1,0,1
org.jfree.chart.plot.CombinedRangeXYPlot.findSubplot,7,0,7
org.jfree.chart.renderer.category.BarRenderer.getBarPainter,0,1,1
org.jfree.chart.title.TextTitle.writeObject,0,3,3
org.jfree.chart.axis.Axis.setTickLabelsVisible,0,3,3
org.jfree.chart.axis.ModuloAxis.equals,4,8,12
org.jfree.chart.plot.FastScatterPlot.calculateXDataRange,0,13,13
org.jfree.chart.plot.PiePlot.getLabelShadowPaint,1,0,1
org.jfree.chart.annotations.TextAnnotation.setText,0,3,3
org.jfree.chart.plot.dial.StandardDialRange.setLowerBound,1,3,4
org.jfree.chart.renderer.category.AbstractCategoryItemRenderer.getDomainAxis,1,3,4
org.jfree.chart.block.BlockContainer.draw,1,27,28
org.jfree.chart.renderer.category.AreaRenderer.drawItem,69,0,69
org.jfree.chart.labels.AbstractCategoryItemLabelGenerator.generateLabelString,0,5,5
org.jfree.chart.LegendItem.getSeriesIndex,0,1,1
org.jfree.data.general.DatasetUtils.isEmptyOrNull,3,25,28
org.jfree.chart.editor.ChartEditorFactory.null,0,0,0
org.jfree.data.time.TimeSeriesCollection.getY,0,2,2
org.jfree.data.xy.DefaultHighLowDataset.getHigh,1,0,1
org.jfree.chart.needle.MeterNeedle.writeObject,0,5,5
org.jfree.data.DomainOrder.<init>,0,1,1
org.jfree.chart.renderer.GrayPaintScale.getAlpha,0,1,1
org.jfree.chart.axis.CategoryAxis.clearCategoryLabelToolTips,2,0,2
org.jfree.data.statistics.HistogramBin.getBinWidth,1,0,1
org.jfree.chart.plot.dial.StandardDialFrame.setBackgroundPaint,0,3,3
org.jfree.data.time.TimeSeries.maxIgnoreNaN,0,5,5
org.jfree.chart.text.TextBox.hashCode,13,0,13
org.jfree.chart.ChartFactory.createBarChart,0,24,24
org.jfree.chart.axis.ValueAxis.setFixedAutoRange,0,4,4
org.jfree.data.time.TimeSeriesCollection.getX,2,9,11
org.jfree.chart.axis.ValueAxis.getRightArrow,1,0,1
org.jfree.chart.renderer.AreaRendererEndType.toString,0,1,1
org.jfree.chart.axis.PeriodAxis.autoAdjustRange,10,3,13
org.jfree.chart.plot.XYPlot.getRangeMarkers,1,9,10
org.jfree.chart.event.ChartProgressEvent.<init>,0,4,4
org.jfree.chart.plot.ThermometerPlot.getLowerBound,1,0,1
org.jfree.chart.util.ObjectUtils.hashCode,0,4,4
org.jfree.chart.renderer.xy.VectorRenderer.findDomainBounds,29,0,29
org.jfree.chart.renderer.category.StatisticalBarRenderer.drawVerticalItem,23,45,68
org.jfree.chart.util.ResourceBundleWrapper.getBundle,5,2,7
org.jfree.chart.plot.CombinedRangeCategoryPlot.handleClick,6,0,6
org.jfree.chart.util.LogFormat.calculateLog,1,0,1
org.jfree.chart.annotations.CategoryPointerAnnotation.<init>,0,9,9
org.jfree.chart.ui.LengthAdjustmentType.<init>,0,1,1
org.jfree.chart.JFreeChart.createAlignedRectangle2D,4,11,15
org.jfree.data.general.DefaultPieDataset.insertValue,3,0,3
org.jfree.data.time.TimePeriodValuesCollection.getXPosition,1,0,1
org.jfree.chart.plot.dial.DialValueIndicator.setBackgroundPaint,0,3,3
org.jfree.chart.plot.PieLabelDistributor.sort,0,1,1
org.jfree.chart.entity.LegendItemEntity.setDataset,0,1,1
org.jfree.chart.plot.FastScatterPlot.panDomainAxes,7,0,7
org.jfree.data.statistics.SimpleHistogramDataset.getXValue,2,0,2
org.jfree.data.xy.XYBarDataset.getSeriesKey,0,1,1
org.jfree.chart.plot.PiePlot.setSimpleLabels,2,0,2
org.jfree.chart.renderer.xy.XYStepAreaRenderer.getShapesVisible,0,1,1
org.jfree.chart.StrokeMap.equals,0,16,16
org.jfree.data.xy.DefaultTableXYDataset.setIntervalWidth,2,0,2
org.jfree.chart.editor.DefaultPlotEditor.createPlotTabs,23,0,23
org.jfree.data.time.DynamicTimeSeriesCollection.getSeriesCount,1,0,1
org.jfree.chart.annotations.CategoryPointerAnnotation.setArrowLength,0,2,2
org.jfree.data.xy.XIntervalSeriesCollection.getStartY,1,0,1
org.jfree.chart.axis.AxisLocation.<init>,0,1,1
org.jfree.data.xy.XIntervalSeriesCollection.getStartX,3,0,3
org.jfree.data.general.DefaultHeatMapDataset.clone,0,3,3
org.jfree.chart.plot.XYPlot.getRendererForDataset,0,7,7
org.jfree.chart.axis.CategoryLabelPositions.getLabelPosition,3,7,10
org.jfree.chart.renderer.xy.YIntervalRenderer.getAdditionalItemLabelGenerator,1,0,1
org.jfree.chart.renderer.category.BoxAndWhiskerRenderer.equals,4,18,22
org.jfree.data.gantt.XYTaskDataset.getSeriesKey,1,0,1
org.jfree.chart.axis.SymbolAxis.isGridBandsVisible,1,0,1
org.jfree.chart.axis.CyclicNumberAxis.setAdvanceLinePaint,0,2,2
org.jfree.chart.editor.DefaultLogAxisEditor.<init>,3,0,3
org.jfree.data.time.DynamicTimeSeriesCollection.getRangeLowerBound,4,0,4
org.jfree.chart.editor.DefaultValueAxisEditor.validateMinimum,8,0,8
org.jfree.chart.JFreeChart.setBorderPaint,0,2,2
org.jfree.chart.ui.UIUtils.positionDialogRelativeToParent,13,0,13
org.jfree.chart.text.TextUtils.calcAlignedStringBounds,4,0,4
org.jfree.chart.axis.SubCategoryAxis.getMaxDim,8,6,14
org.jfree.chart.plot.PiePlot.setPieIndex,0,1,1
org.jfree.chart.ChartPanel.zoomInRange,0,7,7
org.jfree.chart.plot.ThermometerPlot.setLowerBound,2,0,2
org.jfree.chart.plot.PiePlot.setLabelPadding,3,0,3
org.jfree.chart.axis.ValueAxis.setUpperBound,1,2,3
org.jfree.chart.plot.SpiderWebPlot.getBaseSeriesOutlineStroke,1,0,1
org.jfree.chart.ui.RectangleInsets.toString,1,0,1
org.jfree.chart.axis.TickUnits.clone,0,3,3
org.jfree.chart.plot.PiePlot.setLabelLinkStroke,0,3,3
org.jfree.chart.plot.CategoryPlot.setRangeCrosshairLockedOnData,0,3,3
org.jfree.data.xy.XYSeriesCollection.getIntervalPositionFactor,0,1,1
org.jfree.chart.plot.CrosshairState.setAnchor,0,1,1
org.jfree.chart.plot.PiePlot.setAutoPopulateSectionOutlineStroke,0,2,2
org.jfree.chart.editor.DefaultLogAxisEditor.focusLost,3,0,3
org.jfree.chart.block.LineBorder.<init>,0,7,7
org.jfree.chart.date.SpreadsheetDate.isOn,1,0,1
org.jfree.chart.plot.ThermometerPlot.setRangeAxis,6,0,6
org.jfree.chart.util.AttrStringUtils.getTextBounds,0,2,2
org.jfree.data.xml.CategorySeriesHandler.setSeriesKey,1,0,1
org.jfree.data.time.TimeSeriesCollection.getRangeBounds,0,15,15
org.jfree.data.function.LineFunction2D.getSlope,0,1,1
org.jfree.chart.title.PaintScaleLegend.setStripOutlinePaint,0,3,3
org.jfree.chart.renderer.AbstractRenderer.setDefaultSeriesVisible,0,5,5
org.jfree.chart.labels.StandardPieSectionLabelGenerator.clone,0,4,4
org.jfree.chart.ui.StrokeChooserPanel.getSelectedStroke,1,0,1
org.jfree.chart.plot.Pannable.null,0,0,0
org.jfree.chart.plot.dial.StandardDialScale.draw,41,0,41
org.jfree.chart.plot.CategoryPlot.setDomainCrosshairPaint,0,3,3
org.jfree.data.gantt.TaskSeriesCollection.getSeries,1,9,10
org.jfree.chart.renderer.xy.AbstractXYItemRenderer.initialise,0,1,1
org.jfree.chart.plot.PiePlot.getLabelOutlinePaint,1,0,1
org.jfree.chart.renderer.xy.ClusteredXYBarRenderer.getPassCount,1,0,1
org.jfree.chart.renderer.category.CategoryItemRendererState.setSeriesRunningTotal,1,0,1
org.jfree.chart.ChartPanel.generateSVG,11,0,11
org.jfree.data.xy.CategoryTableXYDataset.getDomainBounds,3,0,3
org.jfree.chart.plot.CategoryPlot.setRangeCrosshairPaint,0,3,3
org.jfree.chart.renderer.xy.XYBarRenderer.setPositiveItemLabelPositionFallback,0,2,2
org.jfree.data.KeyedValues2DItemKey.toJSONString,6,0,6
org.jfree.data.Range.contains,0,1,1
org.jfree.chart.axis.MarkerAxisBand.getHeight,5,0,5
org.jfree.chart.axis.NumberAxis.setTickUnit,0,7,7
org.jfree.chart.axis.CategoryAxis.<init>,0,13,13
org.jfree.chart.renderer.xy.WindItemRenderer.clone,0,1,1
org.jfree.data.xml.KeyHandler.endElement,5,0,5
org.jfree.chart.axis.NumberTick.getNumber,1,0,1
org.jfree.chart.panel.CrosshairOverlay.getDomainCrosshairs,1,0,1
org.jfree.chart.renderer.xy.StandardXYBarPainter.paintBarShadow,8,0,8
org.jfree.chart.block.RectangleConstraint.toRangeWidth,0,2,2
org.jfree.chart.renderer.xy.StackedXYAreaRenderer.writeObject,0,3,3
org.jfree.chart.util.StrokeList.getStroke,0,1,1
org.jfree.data.category.DefaultIntervalCategoryDataset.setEndValue,1,6,7
org.jfree.chart.renderer.xy.AbstractXYItemRenderer.addAnnotation,2,9,11
org.jfree.data.statistics.MeanAndStandardDeviation.toString,1,0,1
org.jfree.data.xy.YInterval.equals,2,10,12
org.jfree.chart.renderer.category.CategoryItemRenderer.null,0,0,0
org.jfree.chart.plot.dial.StandardDialScale.getTickLabelFormatter,1,0,1
org.jfree.chart.renderer.xy.StandardXYItemRenderer.getDrawSeriesLineAsPath,1,0,1
org.jfree.data.general.DefaultKeyedValueDataset.<init>,1,2,3
org.jfree.chart.plot.dial.DialBackground.equals,0,10,10
org.jfree.chart.renderer.xy.StackedXYBarRenderer.drawItem,84,0,84
org.jfree.chart.renderer.xy.CyclicXYItemRenderer.setGroup,0,0,0
org.jfree.chart.renderer.xy.StandardXYBarPainter.paintBar,13,0,13
org.jfree.chart.plot.PiePlot.getPlotType,1,0,1
org.jfree.chart.plot.dial.DialValueIndicator.setAngle,0,2,2
org.jfree.chart.plot.PiePlot.clearSectionPaints,1,2,3
org.jfree.chart.annotations.TextAnnotation.setFont,0,3,3
org.jfree.chart.JFreeChart.plotChanged,0,2,2
org.jfree.chart.axis.Axis.drawAxisLine,3,14,17
org.jfree.chart.ui.RectangleInsets.createAdjustedRectangle,23,0,23
org.jfree.data.xy.VectorSeriesCollection.getSeriesKey,0,1,1
org.jfree.chart.renderer.xy.XYBarRenderer.<init>,0,13,13
org.jfree.chart.ChartUtils.getImageMap,2,0,2
org.jfree.chart.util.XYCoordinateType.readResolve,4,3,7
org.jfree.chart.util.RelativeDateFormat.getDaySuffix,1,0,1
org.jfree.data.Range.shiftWithNoZeroCrossing,0,5,5
org.jfree.chart.axis.DateTickMarkPosition.toString,0,1,1
org.jfree.chart.plot.PieLabelDistributor.toString,4,0,4
org.jfree.chart.plot.Plot.getLegendItems,0,1,1
org.jfree.chart.renderer.AbstractRenderer.setAutoPopulateSeriesFillPaint,0,1,1
org.jfree.data.time.TimePeriodValues.update,0,3,3
org.jfree.data.xy.NormalizedMatrixSeries.<init>,2,0,2
org.jfree.chart.renderer.xy.CandlestickRenderer.setDownPaint,0,2,2
org.jfree.chart.renderer.xy.XYBlockRenderer.<init>,0,2,2
org.jfree.chart.LegendItem.isLineVisible,0,1,1
org.jfree.data.statistics.DefaultBoxAndWhiskerCategoryDataset.getQ3Value,0,10,10
org.jfree.chart.renderer.category.BoxAndWhiskerRenderer.getUseOutlinePaintForWhiskers,1,0,1
org.jfree.chart.labels.ItemLabelPosition.getItemLabelAnchor,1,0,1
org.jfree.chart.LegendItem.getLine,0,1,1
org.jfree.chart.plot.MeterPlot.readObject,0,9,9
org.jfree.chart.renderer.xy.SamplingXYLineRenderer.clone,4,0,4
org.jfree.chart.plot.dial.StandardDialScale.getTickLabelPaint,1,0,1
org.jfree.chart.axis.DateTickUnit.dateToString,0,1,1
org.jfree.data.xy.DefaultIntervalXYDataset.getXValue,0,2,2
org.jfree.data.statistics.DefaultStatisticalCategoryDataset.add,0,34,34
org.jfree.chart.renderer.category.AbstractCategoryItemRenderer.getLegendItemURLGenerator,0,1,1
org.jfree.chart.plot.FastScatterPlot.equals,5,27,32
org.jfree.chart.renderer.category.AreaRenderer.equals,1,7,8
org.jfree.data.time.Hour.previous,1,7,8
org.jfree.chart.plot.MeterPlot.setNeedlePaint,0,3,3
org.jfree.chart.renderer.OutlierList.add,1,0,1
org.jfree.chart.block.RectangleConstraint.toRangeHeight,0,2,2
org.jfree.data.gantt.SlidingGanttCategoryDataset.getMaximumCategoryCount,1,0,1
org.jfree.chart.plot.XYPlot.getDomainAxisLocation,1,4,5
org.jfree.chart.plot.CombinedDomainXYPlot.setRenderer,3,0,3
org.jfree.chart.renderer.xy.XYDifferenceRenderer.getNegativePaint,1,0,1
org.jfree.chart.axis.LogarithmicAxis.adjustedLog10,1,6,7
org.jfree.chart.labels.MultipleXYSeriesLabelGenerator.createItemArray,3,0,3
org.jfree.chart.title.CompositeTitle.readObject,0,2,2
org.jfree.chart.title.TextTitle.setTextAlignment,0,3,3
org.jfree.data.time.TimeSeriesDataItem.hashCode,0,4,4
org.jfree.data.xy.Vector.equals,2,8,10
org.jfree.chart.plot.PolarPlot.getAngleLabelPaint,1,0,1
org.jfree.chart.plot.PolarPlot.getDataset,1,4,5
org.jfree.chart.MouseWheelHandler.mouseWheelMoved,10,0,10
org.jfree.chart.plot.dial.StandardDialScale.setMajorTickLength,1,3,4
org.jfree.chart.axis.NumberTickUnitSource.<init>,0,6,6
org.jfree.chart.plot.PolarPlot.getRenderer,1,4,5
org.jfree.data.KeyedObjects2D.getRowCount,0,1,1
org.jfree.chart.title.LegendGraphic.getFillPaintTransformer,1,0,1
org.jfree.chart.renderer.xy.HighLowRenderer.equals,3,15,18
org.jfree.data.general.DatasetUtils.findYValue,0,10,10
org.jfree.data.xy.XIntervalSeriesCollection.clone,0,3,3
org.jfree.chart.urls.CustomCategoryURLGenerator.getURL,0,7,7
org.jfree.chart.renderer.AbstractRenderer.fireChangeEvent,0,1,1
org.jfree.data.time.TimeSeriesDataItem.getPeriod,0,1,1
org.jfree.chart.renderer.xy.XYBarRenderer.getBarAlignmentFactor,1,0,1
org.jfree.data.xy.VectorSeries.remove,0,3,3
org.jfree.chart.plot.CategoryPlot.getRangeGridlinePaint,0,1,1
org.jfree.data.time.Quarter.getYearValue,0,1,1
org.jfree.chart.plot.PolarPlot.getAxisIndex,2,5,7
org.jfree.chart.editor.DefaultAxisEditor.attemptLabelFontSelection,5,0,5
org.jfree.chart.renderer.category.BarRenderer.setShadowPaint,0,3,3
org.jfree.data.xy.DefaultOHLCDataset.getCloseValue,5,0,5
org.jfree.chart.plot.XYPlot.setRangeMinorGridlinePaint,0,3,3
org.jfree.chart.axis.AxisSpace.getRight,1,0,1
org.jfree.chart.plot.dial.DialPointer.readObject,0,6,6
org.jfree.chart.ui.ApplicationFrame.windowDeiconified,0,0,0
org.jfree.chart.plot.ThermometerPlot.zoomDomainAxes,0,0,0
org.jfree.chart.axis.ValueAxis.setUpperMargin,0,4,4
org.jfree.data.time.TimeSeriesTableModel.<init>,5,0,5
org.jfree.chart.renderer.xy.XYItemRenderer.null,0,0,0
org.jfree.chart.axis.CategoryAnchor.<init>,0,1,1
org.jfree.chart.labels.StandardPieSectionLabelGenerator.generateAttributedSectionLabel,1,0,1
org.jfree.chart.plot.DatasetRenderingOrder.<init>,0,1,1
org.jfree.chart.axis.CategoryLabelPosition.getWidthType,0,1,1
org.jfree.chart.plot.dial.DialCap.getOutlinePaint,1,0,1
org.jfree.chart.block.BorderArrangement.<init>,0,0,0
org.jfree.chart.plot.WaferMapPlot.getPlotType,1,0,1
org.jfree.chart.plot.dial.StandardDialFrame.getForegroundPaint,1,0,1
org.jfree.chart.axis.NumberAxis.refreshTicks,0,6,6
org.jfree.data.time.Second.parseSecond,20,0,20
org.jfree.data.statistics.DefaultStatisticalCategoryDataset.remove,0,6,6
org.jfree.chart.axis.LogAxis.resizeRange,6,0,6
org.jfree.chart.axis.Axis.getLabelAngle,0,1,1
org.jfree.chart.plot.PiePlot.setMinimumArcAngleToDraw,0,1,1
org.jfree.chart.plot.CompassPlot.addDataset,20,0,20
org.jfree.chart.ChartFactory.createScatterPlot,1,20,21
org.jfree.chart.axis.SubCategoryAxis.addSubCategory,0,3,3
org.jfree.chart.LegendItem.setOutlinePaint,0,2,2
org.jfree.chart.StandardChartTheme.applyToMeterPlot,7,0,7
org.jfree.chart.title.TextTitle.<init>,3,15,18
org.jfree.chart.axis.Axis.setAxisLineVisible,0,2,2
org.jfree.chart.block.LengthConstraintType.<init>,0,1,1
org.jfree.chart.axis.DateTickUnit.toString,1,0,1
org.jfree.chart.axis.PeriodAxisLabelInfo.getLabelPaint,1,0,1
org.jfree.chart.text.TextUtils.deriveTextBoundsAnchorOffsets,9,52,61
org.jfree.chart.title.Title.notifyListeners,0,5,5
org.jfree.chart.plot.XYPlot.drawDomainCrosshair,14,0,14
org.jfree.chart.renderer.xy.StandardXYItemRenderer.getBaseShapesVisible,0,1,1
org.jfree.data.time.RegularTimePeriod.getMillisecond,1,6,7
org.jfree.chart.renderer.AbstractRenderer.removeChangeListener,0,2,2
org.jfree.chart.axis.AxisState.cursorUp,0,1,1
org.jfree.data.xy.XYInterval.getXHigh,0,1,1
org.jfree.chart.JFreeChart.fireChartChanged,0,2,2
org.jfree.data.xy.VectorSeriesCollection.getVectorYValue,3,0,3
org.jfree.chart.plot.FastScatterPlot.zoomDomainAxes,7,0,7
org.jfree.chart.entity.PlotEntity.toString,4,0,4
org.jfree.chart.renderer.xy.XYShapeRenderer.getUseFillPaint,1,0,1
org.jfree.chart.plot.CombinedRangeXYPlot.setDomainPannable,2,0,2
org.jfree.chart.axis.LogAxis.getBaseFormatter,1,0,1
org.jfree.chart.plot.PolarPlot.datasetChanged,2,5,7
org.jfree.chart.labels.CategoryToolTipGenerator.null,0,0,0
org.jfree.chart.renderer.DefaultPolarItemRenderer.isSeriesFilled,1,4,5
org.jfree.chart.plot.WaferMapPlot.rendererChanged,1,0,1
org.jfree.data.xy.XYBarDataset.getUnderlyingDataset,0,1,1
org.jfree.data.KeyedObjects2D.getColumnIndex,0,2,2
org.jfree.chart.ChartPanel.zoomOutDomain,0,7,7
org.jfree.data.statistics.DefaultStatisticalCategoryDataset.clear,3,0,3
org.jfree.data.statistics.DefaultBoxAndWhiskerXYDataset.getMaxOutlier,0,5,5
org.jfree.chart.renderer.xy.AbstractXYItemRenderer.getPlot,0,1,1
org.jfree.data.xy.DefaultOHLCDataset.getHighValue,0,5,5
org.jfree.chart.plot.PieLabelLinkStyle.<init>,0,1,1
org.jfree.data.xy.DefaultTableXYDataset.getX,0,2,2
org.jfree.data.xy.DefaultTableXYDataset.getY,0,2,2
org.jfree.chart.renderer.xy.XYStepRenderer.hashCode,0,1,1
org.jfree.chart.plot.CategoryPlot.getRangeMinorGridlineStroke,1,0,1
org.jfree.data.xy.XYSeries.getItems,1,0,1
org.jfree.data.xml.ItemHandler.setValue,1,0,1
org.jfree.chart.axis.PeriodAxis.setMajorTickTimePeriodClass,0,3,3
org.jfree.chart.renderer.xy.ClusteredXYBarRenderer.findDomainBounds,0,5,5
org.jfree.data.xy.XYDataItem.setY,1,1,2
org.jfree.data.statistics.MeanAndStandardDeviation.getStandardDeviation,0,1,1
org.jfree.chart.annotations.XYShapeAnnotation.draw,33,0,33
org.jfree.chart.date.SerialDate.getFollowingDayOfWeek,9,0,9
org.jfree.chart.plot.DefaultDrawingSupplier.createStandardSeriesShapes,0,26,26
org.jfree.chart.block.LabelBlock.getTextAnchor,1,0,1
org.jfree.chart.util.ShapeUtils.createTranslatedShape,3,8,11
org.jfree.chart.renderer.category.BarRenderer.setShadowVisible,0,2,2
org.jfree.chart.needle.ArrowNeedle.equals,2,8,10
org.jfree.chart.renderer.category.GradientBarPainter.splitVerticalBar,0,10,10
org.jfree.chart.plot.XYPlot.setDomainMinorGridlinePaint,0,3,3
org.jfree.chart.plot.MeterPlot.getValueFont,1,0,1
org.jfree.chart.plot.CombinedDomainCategoryPlot.getLegendItems,0,10,10
org.jfree.chart.plot.CompassPlot.<init>,0,9,9
org.jfree.chart.renderer.category.BarRenderer.getPositiveItemLabelPositionFallback,1,0,1
org.jfree.data.xy.DefaultHighLowDataset.getClose,1,0,1
org.jfree.chart.renderer.xy.AbstractXYItemRenderer.getPassCount,0,1,1
org.jfree.chart.renderer.xy.CandlestickRenderer.initialise,16,0,16
org.jfree.chart.panel.CrosshairOverlay.clearRangeCrosshairs,7,0,7
org.jfree.chart.plot.XYPlot.getDomainCrosshairStroke,1,0,1
org.jfree.chart.labels.AbstractCategoryItemLabelGenerator.<init>,0,16,16
org.jfree.chart.ChartPanel.scale,6,0,6
org.jfree.data.time.TimeSeries.<init>,0,10,10
org.jfree.chart.axis.PeriodAxis.isMinorTickMarksVisible,0,1,1
org.jfree.chart.axis.Tick.equals,2,12,14
org.jfree.chart.plot.CompassPlot.getRoseCenterPaint,1,0,1
org.jfree.chart.entity.LegendItemEntity.getDataset,1,0,1
org.jfree.data.general.AbstractDataset.writeObject,0,1,1
org.jfree.data.time.TimeSeries.getTimePeriod,0,1,1
org.jfree.chart.plot.PolarPlot.setAngleGridlinePaint,0,2,2
org.jfree.chart.plot.dial.StandardDialRange.getOuterRadius,1,0,1
org.jfree.chart.axis.DateTickUnit.getRollMultiple,1,0,1
org.jfree.chart.renderer.DefaultPolarItemRenderer.getURLGenerator,1,0,1
org.jfree.chart.labels.HighLowItemLabelGenerator.hashCode,0,4,4
org.jfree.chart.plot.CategoryPlot.setRangeCrosshairStroke,0,3,3
org.jfree.chart.editor.DefaultAxisEditor.actionPerformed,7,0,7
org.jfree.chart.plot.PiePlotState.getPieHRadius,0,1,1
org.jfree.chart.LegendItemCollection.get,0,1,1
org.jfree.chart.plot.PolarPlot.translateToJava2D,1,21,22
org.jfree.data.statistics.DefaultBoxAndWhiskerXYDataset.clone,0,4,4
org.jfree.chart.axis.LogarithmicAxis.zoomRange,7,0,7
org.jfree.data.general.Series.getNotify,1,0,1
org.jfree.chart.annotations.CategoryTextAnnotation.hashCode,0,6,6
org.jfree.chart.util.SerialUtils.writeStroke,3,13,16
org.jfree.chart.plot.CategoryPlot.getDomainCrosshairColumnKey,0,1,1
org.jfree.chart.axis.ValueAxis.setAutoRangeMinimumSize,1,8,9
org.jfree.chart.renderer.AbstractRenderer.getItemCreateEntity,1,3,4
org.jfree.data.xy.DefaultTableXYDataset.getDomainUpperBound,1,0,1
org.jfree.chart.renderer.AbstractRenderer.lookupSeriesOutlineStroke,4,5,9
org.jfree.data.xy.IntervalXYDelegate.isAutoWidth,0,1,1
org.jfree.data.KeyedValues2D.null,0,0,0
org.jfree.chart.util.SerialUtils.<init>,0,0,0
org.jfree.data.DefaultKeyedValues2D.addValue,0,1,1
org.jfree.chart.annotations.XYTextAnnotation.writeObject,0,5,5
org.jfree.chart.renderer.xy.VectorRenderer.equals,4,6,10
org.jfree.data.DomainOrder.toString,0,1,1
org.jfree.chart.renderer.category.BarRenderer.setIncludeBaseInRange,0,3,3
org.jfree.chart.plot.Plot.<init>,0,16,16
org.jfree.chart.axis.TickUnit.valueToString,1,0,1
org.jfree.data.category.SlidingCategoryDataset.getUnderlyingDataset,0,1,1
org.jfree.chart.editor.DefaultChartEditor.getAntiAlias,1,0,1
org.jfree.chart.axis.ValueAxis.setStandardTickUnits,0,2,2
org.jfree.chart.StandardChartTheme.applyToSpiderWebPlot,3,0,3
org.jfree.data.statistics.DefaultStatisticalCategoryDataset.getRowIndex,0,1,1
org.jfree.chart.renderer.xy.CandlestickRenderer.setAutoWidthFactor,0,3,3
org.jfree.chart.plot.Plot.readObject,0,6,6
org.jfree.data.time.ohlc.OHLC.getHigh,0,1,1
org.jfree.chart.util.DirectionalGradientPaintTransformer.transform,25,0,25
org.jfree.chart.plot.CategoryPlot.clone,0,38,38
org.jfree.chart.plot.SpiderWebPlot.drawRadarPoly,16,29,45
org.jfree.chart.plot.RingPlot.<init>,0,13,13
org.jfree.chart.util.SerialUtils.readComposite,2,11,13
org.jfree.chart.plot.dial.DialValueIndicator.getMaxTemplateValue,1,0,1
org.jfree.data.xy.XYItemKey.hashCode,4,0,4
org.jfree.chart.util.PaintList.writeObject,1,8,9
org.jfree.data.Range.getLength,0,1,1
org.jfree.chart.plot.PiePlot.setAutoPopulateSectionOutlinePaint,0,2,2
org.jfree.chart.plot.CombinedDomainXYPlot.draw,4,20,24
org.jfree.chart.plot.Plot.drawBackground,0,2,2
org.jfree.chart.annotations.XYTextAnnotation.setBackgroundPaint,0,2,2
org.jfree.chart.plot.SpiderWebPlot.setURLGenerator,0,2,2
org.jfree.chart.plot.ThermometerPlot.zoom,0,0,0
org.jfree.chart.plot.Crosshair.getStroke,1,0,1
org.jfree.chart.util.PaintList.equals,3,9,12
org.jfree.data.ComparableObjectSeries.<init>,0,5,5
org.jfree.data.statistics.SimpleHistogramDataset.removeAllBins,0,2,2
org.jfree.data.Range.constrain,0,7,7
org.jfree.chart.annotations.XYImageAnnotation.equals,16,0,16
org.jfree.chart.block.BlockContainer.arrange,0,1,1
org.jfree.data.Range.expand,0,8,8
org.jfree.chart.plot.XYPlot.setRangeCrosshairLockedOnData,0,3,3
org.jfree.chart.plot.dial.DialValueIndicator.equals,3,31,34
org.jfree.data.time.DynamicTimeSeriesCollection.getRangeBounds,4,0,4
org.jfree.chart.plot.XYPlot.readObject,0,37,37
org.jfree.chart.renderer.xy.XYAreaRenderer.getUseFillPaint,0,1,1
org.jfree.chart.axis.DateAxis.draw,5,6,11
org.jfree.data.general.DefaultValueDataset.getValue,0,1,1
org.jfree.chart.plot.MeterPlot.getPlotType,1,0,1
org.jfree.chart.plot.PiePlot.setSimpleLabelOffset,3,0,3
org.jfree.chart.text.TextUtils.getDrawStringsWithFontAttributes,1,0,1
org.jfree.chart.plot.CategoryPlot.getRangeAxisIndex,2,6,8
org.jfree.chart.editor.DefaultValueAxisEditor.isAutoTickUnitSelection,1,0,1
org.jfree.chart.renderer.xy.SamplingXYLineRenderer.startSeriesPass,4,0,4
org.jfree.chart.util.StrokeList.equals,3,4,7
org.jfree.data.statistics.SimpleHistogramDataset.addBin,1,6,7
org.jfree.chart.renderer.category.IntervalBarRenderer.equals,1,4,5
org.jfree.chart.renderer.AbstractRenderer.setDefaultOutlineStroke,0,5,5
org.jfree.chart.plot.MeterInterval.getRange,0,1,1
org.jfree.chart.renderer.xy.XYLineAndShapeRenderer.drawPrimaryLine,4,23,27
org.jfree.chart.plot.dial.DialBackground.<init>,0,4,4
org.jfree.chart.plot.dial.ArcDialFrame.setBackgroundPaint,0,3,3
org.jfree.chart.renderer.category.GradientBarPainter.<init>,0,4,4
org.jfree.chart.axis.AxisState.moveCursor,8,0,8
org.jfree.data.category.DefaultCategoryDataset.getColumnCount,0,1,1
org.jfree.chart.text.TextBox.writeObject,0,5,5
org.jfree.chart.renderer.category.WaterfallBarRenderer.getNegativeBarPaint,1,0,1
org.jfree.chart.JFreeChart.getBackgroundPaint,1,0,1
org.jfree.chart.title.CompositeTitle.arrange,3,0,3
org.jfree.data.general.WaferMapDataset.getMaxChipY,1,0,1
org.jfree.data.general.WaferMapDataset.getMaxChipX,1,0,1
org.jfree.chart.axis.Tick.getRotationAnchor,0,1,1
org.jfree.chart.axis.CyclicNumberAxis.setAdvanceLineStroke,0,2,2
org.jfree.chart.plot.PolarPlot.getAngleTickUnit,1,0,1
org.jfree.chart.plot.CategoryCrosshairState.updateCrosshairX,11,0,11
org.jfree.data.time.Day.equals,2,6,8
org.jfree.data.json.impl.JSONValue.writeJSONString,37,0,37
org.jfree.data.xy.MatrixSeriesCollection.getSeriesKey,1,0,1
org.jfree.data.time.TimeSeriesCollection.getXPosition,1,0,1
org.jfree.chart.renderer.category.StatisticalBarRenderer.<init>,0,3,3
org.jfree.data.statistics.DefaultBoxAndWhiskerCategoryDataset.remove,0,6,6
org.jfree.chart.annotations.CategoryPointerAnnotation.setLabelOffset,0,2,2
org.jfree.data.time.ohlc.OHLCItem.getOpenValue,1,3,4
org.jfree.chart.plot.RingPlot.setOuterSeparatorExtension,0,2,2
org.jfree.chart.axis.ValueAxis.setRightArrow,3,0,3
org.jfree.data.xy.XYIntervalSeriesCollection.getStartYValue,0,2,2
org.jfree.data.xy.OHLCDataItem.getDate,0,1,1
org.jfree.chart.ui.PaintSample.<init>,2,0,2
org.jfree.chart.ChartFactory.createWaterfallChart,4,23,27
org.jfree.chart.annotations.XYTextAnnotation.getRotationAnchor,0,1,1
org.jfree.chart.plot.CategoryPlot.calculateDomainAxisSpace,3,15,18
org.jfree.data.xy.DefaultTableXYDataset.equals,4,10,14
org.jfree.chart.axis.LogAxis.getBase,1,0,1
org.jfree.data.xy.XYIntervalDataItem.getYHighValue,1,3,4
org.jfree.chart.renderer.xy.AbstractXYItemRenderer.<init>,0,7,7
org.jfree.chart.ui.UIUtils.positionFrameOnScreen,7,0,7
org.jfree.chart.axis.ValueAxis.drawTickMarksAndLabels,8,46,54
org.jfree.data.DefaultKeyedValues.rebuildIndex,0,4,4
org.jfree.chart.plot.dial.DialPlot.getDialFrame,1,0,1
org.jfree.chart.plot.Plot.notifyListeners,0,6,6
org.jfree.chart.renderer.category.CategoryItemRendererState.<init>,0,3,3
org.jfree.chart.renderer.xy.XYStepAreaRenderer.getStepPoint,0,1,1
org.jfree.chart.plot.Crosshair.getLabelBackgroundPaint,1,0,1
org.jfree.chart.annotations.CategoryPointerAnnotation.getArrowWidth,1,0,1
org.jfree.data.statistics.MeanAndStandardDeviation.getMean,0,1,1
org.jfree.chart.plot.ThermometerPlot.setUpperBound,2,0,2
org.jfree.chart.plot.XYPlot.drawQuadrants,29,23,52
org.jfree.data.statistics.DefaultMultiValueCategoryDataset.getRangeUpperBound,4,0,4
org.jfree.chart.plot.IntervalMarker.setEndValue,0,2,2
org.jfree.chart.plot.CombinedDomainXYPlot.setRangePannable,2,0,2
org.jfree.chart.entity.PieSectionEntity.hashCode,4,0,4
org.jfree.chart.plot.XYPlot.getAxisOffset,1,0,1
org.jfree.chart.renderer.xy.XYLineAndShapeRenderer.isLinePass,0,1,1
org.jfree.chart.plot.CategoryPlot.setDomainAxes,3,0,3
org.jfree.chart.axis.Axis.fireChangeEvent,0,1,1
org.jfree.chart.plot.PiePlot.getMinimumArcAngleToDraw,0,1,1
org.jfree.data.statistics.Regression.getPowerRegression,2,46,48
org.jfree.chart.renderer.category.BarRenderer.getGradientPaintTransformer,0,1,1
org.jfree.chart.axis.CategoryLabelPosition.equals,2,16,18
org.jfree.data.xy.Vector.getLength,1,0,1
org.jfree.chart.axis.Axis.clone,0,4,4
org.jfree.chart.plot.PiePlot.setIgnoreZeroValues,0,2,2
org.jfree.chart.plot.PlotRenderingInfo.setPlotArea,0,1,1
org.jfree.chart.plot.XYPlot.getPlotType,1,0,1
org.jfree.chart.block.ColumnArrangement.arrange,24,0,24
org.jfree.chart.title.PaintScaleLegend.writeObject,0,4,4
org.jfree.data.time.DynamicTimeSeriesCollection.findDomainLimits,8,0,8
org.jfree.data.xml.PieDatasetHandler.getDataset,1,0,1
org.jfree.chart.annotations.XYTextAnnotation.setRotationAnchor,0,3,3
org.jfree.data.time.TimeSeriesTableModel.getColumnClass,5,0,5
org.jfree.data.time.TimePeriodValuesCollection.addSeries,0,4,4
org.jfree.chart.plot.Crosshair.isLabelOutlineVisible,1,0,1
org.jfree.chart.text.TextFragment.calculateBaselineOffset,6,6,12
org.jfree.data.general.DefaultPieDataset.getKeys,0,1,1
org.jfree.chart.plot.PolarPlot.setDataset,1,8,9
org.jfree.chart.axis.Axis.setMinorTickMarksVisible,0,3,3
org.jfree.chart.plot.Marker.getLabelFont,0,1,1
org.jfree.chart.axis.CategoryAxis.setCategoryMargin,0,2,2
org.jfree.chart.axis.CategoryAxis.getCategoryMargin,0,1,1
org.jfree.data.xy.XYDatasetTableModel.datasetChanged,1,0,1
org.jfree.data.statistics.HistogramBin.<init>,1,4,5
org.jfree.data.general.AbstractDataset.getGroup,0,1,1
org.jfree.chart.plot.CategoryPlot.drawRangeMarkers,1,9,10
org.jfree.chart.needle.PlumNeedle.clone,0,1,1
org.jfree.chart.axis.StandardTickUnitSource.getCeilingTickUnit,4,0,4
org.jfree.chart.renderer.AbstractRenderer.getDefaultItemLabelFont,1,0,1
org.jfree.chart.renderer.xy.CandlestickRenderer.setCandleWidth,0,3,3
org.jfree.data.gantt.Task.getDuration,0,1,1
org.jfree.chart.ChartFactory.createLineChart,1,13,14
org.jfree.chart.axis.ExtendedCategoryAxis.setSubLabelPaint,0,3,3
org.jfree.chart.renderer.category.GanttRenderer.getEndPercent,0,1,1
org.jfree.chart.ui.GradientPaintTransformType.equals,2,6,8
org.jfree.chart.plot.MeterInterval.<init>,0,8,8
org.jfree.data.time.DynamicTimeSeriesCollection.setPosition,1,0,1
org.jfree.chart.axis.NumberAxis.setAutoRangeIncludesZero,0,5,5
org.jfree.chart.renderer.AbstractRenderer.getItemLabelPaint,4,0,4
org.jfree.data.xy.YIntervalDataItem.<init>,0,1,1
org.jfree.chart.axis.NumberAxis.getNumberFormatOverride,0,1,1
org.jfree.chart.plot.CombinedRangeXYPlot.setFixedDomainAxisSpaceForSubplots,0,4,4
org.jfree.chart.plot.Crosshair.setLabelAnchor,0,3,3
org.jfree.chart.LegendItem.setLabelFont,0,1,1
org.jfree.chart.title.LegendGraphic.getShape,1,0,1
org.jfree.data.general.DefaultKeyedValueDataset.setValue,0,2,2
org.jfree.chart.ChartFactory.createPieChart3D,9,9,18
org.jfree.chart.StandardChartTheme.setLabelLinkStyle,0,2,2
org.jfree.data.xy.DefaultIntervalXYDataset.equals,7,28,35
org.jfree.chart.annotations.AbstractAnnotation.fireAnnotationChanged,0,2,2
org.jfree.data.general.SeriesException.<init>,0,1,1
org.jfree.chart.event.ChartChangeEvent.getType,1,0,1
org.jfree.chart.labels.StandardCategoryToolTipGenerator.generateToolTip,1,0,1
org.jfree.data.DomainOrder.equals,0,8,8
org.jfree.chart.annotations.XYPolygonAnnotation.clone,0,1,1
org.jfree.chart.StandardChartTheme.getLabelLinkStyle,1,0,1
org.jfree.data.gantt.TaskSeriesCollection.getRowIndex,0,8,8
org.jfree.chart.title.TextTitle.getFont,1,0,1
org.jfree.chart.renderer.xy.StackedXYAreaRenderer.getSeriesArea,0,1,1
org.jfree.chart.title.LegendGraphic.setShapeVisible,0,1,1
org.jfree.chart.plot.CategoryPlot.setDomainAxis,0,13,13
org.jfree.data.xy.XYSeriesCollection.isAutoWidth,1,0,1
org.jfree.data.KeyedObjects.<init>,0,1,1
org.jfree.chart.renderer.GrayPaintScale.equals,0,12,12
org.jfree.chart.plot.PiePlot.getLabelLinksVisible,1,0,1
org.jfree.chart.axis.SymbolAxis.readObject,0,3,3
org.jfree.chart.panel.CrosshairOverlay.calculateLabelPoint,28,0,28
org.jfree.chart.renderer.xy.XYBoxAndWhiskerRenderer.setBoxPaint,0,2,2
org.jfree.data.xy.XYSeries.delete,0,3,3
org.jfree.chart.urls.CustomCategoryURLGenerator.getListCount,0,1,1
org.jfree.chart.renderer.DefaultPolarItemRenderer.getBaseToolTipGenerator,1,0,1
org.jfree.chart.renderer.xy.StackedXYAreaRenderer.getPassCount,0,1,1
org.jfree.data.ComparableObjectItem.<init>,0,3,3
org.jfree.chart.plot.PieLabelRecord.compareTo,2,6,8
org.jfree.chart.plot.SpiderWebPlot.setHeadPercent,0,2,2
org.jfree.data.xy.MatrixSeriesCollection.equals,3,5,8
org.jfree.chart.ChartPanel.getMinimumDrawWidth,1,0,1
org.jfree.chart.axis.Axis.getAxisLineStroke,0,1,1
org.jfree.chart.plot.CategoryPlot.setRangeMinorGridlinesVisible,0,3,3
org.jfree.chart.plot.Crosshair.setPaint,0,3,3
org.jfree.chart.renderer.category.StatisticalBarRenderer.readObject,0,3,3
org.jfree.chart.plot.dial.DialFrame.null,0,0,0
org.jfree.chart.labels.StandardPieSectionLabelGenerator.<init>,2,4,6
org.jfree.data.xy.XYIntervalSeries.<init>,0,2,2
org.jfree.chart.renderer.xy.XYDifferenceRenderer.drawItem,4,0,4
org.jfree.chart.renderer.xy.XYShapeRenderer.findZBounds,0,3,3
org.jfree.chart.StandardChartTheme.setCrosshairPaint,2,0,2
org.jfree.chart.plot.PolarPlot.setAngleGridlinesVisible,0,3,3
org.jfree.chart.plot.dial.AbstractDialLayer.isVisible,1,0,1
org.jfree.chart.renderer.xy.StackedXYAreaRenderer.getPreviousHeight,0,6,6
org.jfree.chart.util.PaintList.getPaint,0,1,1
org.jfree.data.xy.XYDatasetTableModel.getColumnCount,3,0,3
org.jfree.chart.renderer.xy.StackedXYAreaRenderer.getLine,0,1,1
org.jfree.data.general.WaferMapDataset.setValue,5,0,5
org.jfree.data.gantt.TaskSeries.equals,2,8,10
org.jfree.chart.plot.DatasetRenderingOrder.toString,0,1,1
org.jfree.chart.renderer.xy.VectorRenderer.clone,0,1,1
org.jfree.chart.ChartPanel.readObject,6,0,6
org.jfree.data.statistics.DefaultStatisticalCategoryDataset.getRangeLowerBound,0,3,3
org.jfree.chart.block.FlowArrangement.arrangeNF,1,0,1
org.jfree.chart.renderer.xy.XYBarRenderer.getLegendBar,1,0,1
org.jfree.chart.plot.ThermometerPlot.getOrientation,1,0,1
org.jfree.chart.LegendItem.getFillPaintTransformer,0,1,1
org.jfree.chart.annotations.TextAnnotation.getFont,0,1,1
org.jfree.chart.axis.PeriodAxis.reserveSpace,27,0,27
org.jfree.chart.annotations.CategoryAnnotation.null,0,0,0
org.jfree.data.xy.IntervalXYDelegate.getIntervalWidth,0,3,3
org.jfree.chart.renderer.category.StatisticalBarRenderer.equals,2,8,10
org.jfree.chart.ui.StandardGradientPaintTransformer.clone,0,1,1
org.jfree.chart.renderer.category.BarRenderer.calculateBarWidth,1,21,22
org.jfree.chart.ChartPanel.overlayChanged,1,0,1
org.jfree.chart.ChartPanel.getDefaultDirectoryForSaveAs,1,0,1
org.jfree.chart.urls.StandardXYURLGenerator.equals,4,8,12
org.jfree.chart.plot.Plot.isOutlineVisible,0,1,1
org.jfree.chart.renderer.AbstractRenderer.clearSeriesPaints,1,2,3
org.jfree.chart.plot.XYPlot.isRangeGridlinesVisible,0,1,1
org.jfree.chart.plot.MeterPlot.getNeedlePaint,1,0,1
org.jfree.chart.util.AbstractObjectList.indexOf,0,4,4
org.jfree.chart.renderer.xy.StandardXYItemRenderer.getImage,1,0,1
org.jfree.data.function.Function2D.null,0,0,0
org.jfree.data.gantt.TaskSeriesCollection.getColumnIndex,0,2,2
org.jfree.chart.util.ShapeUtils.intersects,7,0,7
org.jfree.chart.annotations.AbstractAnnotation.removeChangeListener,0,1,1
org.jfree.chart.JFreeChart.<init>,2,31,33
org.jfree.chart.plot.dial.ArcDialFrame.getExtent,1,0,1
org.jfree.chart.plot.PiePlot.getLabelDistributor,1,0,1
org.jfree.data.time.Day.previous,0,7,7
org.jfree.chart.ChartMouseListener.null,0,0,0
org.jfree.data.statistics.SimpleHistogramBin.clone,0,1,1
org.jfree.chart.plot.dial.DialValueIndicator.setDatasetIndex,0,2,2
org.jfree.chart.ui.NumberCellRenderer.getTableCellRendererComponent,9,0,9
org.jfree.chart.date.SpreadsheetDate.isOnOrAfter,1,0,1
org.jfree.chart.plot.RingPlot.setCenterTextFont,0,3,3
org.jfree.chart.JFreeChart.isNotify,1,0,1
org.jfree.data.jdbc.JDBCXYDataset.getX,2,0,2
org.jfree.data.jdbc.JDBCXYDataset.getY,2,0,2
org.jfree.chart.axis.LogarithmicAxis.computeLogCeil,17,0,17
org.jfree.chart.plot.dial.DialPointer.setPaint,0,3,3
org.jfree.chart.renderer.category.LineAndShapeRenderer.getItemShapeFilled,0,1,1
org.jfree.chart.plot.XYPlot.getQuadrantOrigin,0,1,1
org.jfree.chart.labels.ItemLabelAnchor.readResolve,21,31,52
org.jfree.chart.block.LabelBlock.draw,10,15,25
org.jfree.chart.plot.ThermometerPlot.getBulbRadius,1,0,1
org.jfree.chart.labels.StandardXYItemLabelGenerator.equals,1,4,5
org.jfree.chart.renderer.xy.XYErrorRenderer.equals,2,14,16
org.jfree.data.category.DefaultIntervalCategoryDataset.getColumnKeys,1,2,3
org.jfree.chart.imagemap.URLTagFragmentGenerator.null,0,0,0
org.jfree.chart.ChartPanel.getReshowDelay,1,0,1
org.jfree.data.general.DefaultPieDataset.clear,0,3,3
org.jfree.chart.plot.PiePlot.setLegendLabelURLGenerator,0,2,2
org.jfree.chart.entity.XYItemEntity.<init>,0,4,4
org.jfree.chart.plot.CombinedDomainCategoryPlot.findSubplot,7,0,7
org.jfree.data.xy.MatrixSeriesCollection.getItemCount,1,0,1
org.jfree.chart.editor.DefaultAxisEditor.isTickMarksVisible,1,0,1
org.jfree.chart.axis.CategoryLabelPosition.getWidthRatio,0,1,1
org.jfree.chart.block.FlowArrangement.arrangeRF,5,0,5
org.jfree.data.time.ohlc.OHLC.<init>,0,4,4
org.jfree.chart.plot.CategoryPlot.getLegendItems,1,9,10
org.jfree.chart.plot.dial.DialPlot.draw,40,0,40
org.jfree.chart.title.LegendItemBlockContainer.getToolTipText,0,1,1
org.jfree.data.statistics.DefaultBoxAndWhiskerCategoryDataset.removeRow,6,0,6
org.jfree.data.xy.DefaultOHLCDataset.equals,2,8,10
org.jfree.data.statistics.DefaultBoxAndWhiskerXYDataset.<init>,0,6,6
org.jfree.data.time.TimePeriodAnchor.toString,1,0,1
org.jfree.chart.entity.TickLabelEntity.<init>,0,1,1
org.jfree.chart.renderer.xy.XYLineAndShapeRenderer.getDefaultLinesVisible,1,0,1
org.jfree.chart.plot.CombinedDomainCategoryPlot.handleClick,6,0,6
org.jfree.chart.event.ChartChangeEvent.<init>,1,4,5
org.jfree.chart.renderer.xy.CandlestickRenderer.setAutoWidthGap,0,3,3
org.jfree.data.RangeInfo.null,0,0,0
org.jfree.chart.block.CenterArrangement.arrangeRR,5,0,5
org.jfree.data.xy.MatrixSeriesCollection.removeAllSeries,5,0,5
org.jfree.data.general.DatasetGroup.getID,1,0,1
org.jfree.chart.renderer.xy.GradientXYBarPainter.equals,1,11,12
org.jfree.chart.plot.XYPlot.setOrientation,0,4,4
org.jfree.chart.block.GridArrangement.<init>,0,2,2
org.jfree.chart.labels.MultipleXYSeriesLabelGenerator.clone,7,6,13
org.jfree.chart.axis.Axis.isTickMarksVisible,0,1,1
org.jfree.data.general.Series.fireVetoableChange,1,0,1
org.jfree.chart.editor.DefaultPolarPlotEditor.actionPerformed,5,0,5
org.jfree.data.time.Quarter.getYear,0,1,1
org.jfree.chart.renderer.AbstractRenderer.getAutoPopulateSeriesStroke,0,1,1
org.jfree.data.DefaultKeyedValues2D.getRowCount,0,1,1
org.jfree.data.xml.RootHandler.getCurrentHandler,7,0,7
org.jfree.chart.block.LineBorder.writeObject,0,3,3
org.jfree.chart.plot.PieLabelRecord.getKey,1,0,1
org.jfree.data.statistics.HistogramBin.clone,0,1,1
org.jfree.chart.ChartPanel.setRefreshBuffer,1,0,1
org.jfree.data.KeyToGroupMap.getGroup,0,6,6
org.jfree.chart.block.FlowArrangement.arrangeNN,1,20,21
org.jfree.chart.entity.TitleEntity.writeObject,2,0,2
org.jfree.chart.axis.CategoryAnchor.readResolve,4,3,7
org.jfree.chart.text.TextBox.getShadowYOffset,1,0,1
org.jfree.chart.annotations.XYPolygonAnnotation.equals,3,13,16
org.jfree.data.time.TimePeriodValuesCollection.getStartY,1,0,1
org.jfree.chart.util.PaintAlpha.darkerTexturePaint,39,0,39
org.jfree.chart.plot.PiePlot.getLabelPadding,1,0,1
org.jfree.data.time.TimePeriodValuesCollection.getStartX,3,0,3
org.jfree.chart.renderer.category.StackedBarRenderer.getRenderAsPercentages,1,0,1
org.jfree.chart.plot.dial.DialPointer.getOutlinePaint,1,0,1
org.jfree.chart.ui.Size2D.setHeight,1,0,1
org.jfree.chart.annotations.CategoryTextAnnotation.<init>,0,5,5
org.jfree.chart.plot.ThermometerPlot.setBulbRadius,0,2,2
org.jfree.data.xy.XYIntervalDataItem.getXLowValue,1,3,4
org.jfree.data.xml.ItemHandler.getValue,1,0,1
org.jfree.data.general.DefaultPieDataset.<init>,4,1,5
org.jfree.chart.plot.PiePlot.getLegendLabelURLGenerator,0,1,1
org.jfree.chart.plot.XYPlot.getFixedLegendItems,0,1,1
org.jfree.chart.editor.DefaultValueAxisEditor.focusGained,0,0,0
org.jfree.chart.renderer.xy.XYItemRendererState.getProcessVisibleItemsOnly,0,1,1
org.jfree.chart.labels.StandardPieToolTipGenerator.<init>,1,4,5
org.jfree.data.DefaultKeyedValues.removeValue,0,7,7
org.jfree.data.time.DynamicTimeSeriesCollection.addSeries,23,0,23
org.jfree.chart.event.ChartProgressEvent.getPercent,1,0,1
org.jfree.chart.axis.ModuloAxis.resizeRange,5,0,5
org.jfree.chart.editor.DefaultTitleEditor.getTitleFont,1,0,1
org.jfree.chart.title.LegendTitle.createLegendItemBlock,0,31,31
org.jfree.chart.util.PaintAlpha.darkerLinearGradientPaint,4,0,4
org.jfree.chart.renderer.DefaultPolarItemRenderer.setURLGenerator,2,0,2
org.jfree.chart.plot.CompassPlot.setSeriesOutlineStroke,2,0,2
org.jfree.chart.editor.DefaultAxisEditor.getLabelInsets,1,0,1
org.jfree.chart.event.ChartChangeEvent.setType,0,1,1
org.jfree.chart.plot.CategoryPlot.drawBackground,0,2,2
org.jfree.chart.labels.IntervalCategoryToolTipGenerator.equals,1,4,5
org.jfree.chart.renderer.xy.XYItemRendererState.setProcessVisibleItemsOnly,0,1,1
org.jfree.chart.plot.Crosshair.readObject,0,8,8
org.jfree.chart.axis.NumberAxis.getAutoRangeIncludesZero,0,1,1
org.jfree.data.xml.CategoryDatasetHandler.addItem,1,0,1
org.jfree.chart.axis.LogAxis.estimateMaximumTickLabelHeight,6,0,6
org.jfree.chart.renderer.category.ScatterRenderer.getItemMargin,1,0,1
org.jfree.chart.plot.dial.DialPlot.getPlotType,1,0,1
org.jfree.chart.block.AbstractBlock.trimToContentWidth,0,13,13
org.jfree.chart.plot.XYPlot.setRangeAxes,3,0,3
org.jfree.chart.plot.dial.StandardDialFrame.hashCode,0,7,7
org.jfree.chart.axis.CategoryAxis.addCategoryLabelToolTip,0,3,3
org.jfree.chart.axis.CategoryAxis.getCategorySeriesMiddle,9,11,20
org.jfree.chart.title.Title.getPosition,0,1,1
org.jfree.data.json.JSONUtils.writeKeyedValues2D,39,0,39
org.jfree.chart.renderer.category.ScatterRenderer.getUseOutlinePaint,1,0,1
org.jfree.chart.ChartPanel.getToolTipText,9,0,9
org.jfree.chart.date.SerialDate.addMonths,4,0,4
org.jfree.chart.axis.Axis.setTickMarkStroke,0,4,4
org.jfree.data.KeyedValueComparatorType.toString,1,0,1
org.jfree.chart.entity.TitleEntity.readObject,2,0,2
org.jfree.chart.util.SerialUtils.writeAttributedString,1,21,22
org.jfree.chart.needle.MeterNeedle.setRotateX,0,1,1
org.jfree.chart.util.AttrStringUtils.<init>,0,0,0
org.jfree.chart.needle.MeterNeedle.setRotateY,0,1,1
org.jfree.chart.plot.dial.DialTextAnnotation.getRadius,1,0,1
org.jfree.data.time.Day.getSerialIndex,0,1,1
org.jfree.chart.renderer.category.BarRenderer.drawItemLabel,23,0,23
org.jfree.data.xy.MatrixSeries.update,0,2,2
org.jfree.chart.event.AnnotationChangeListener.null,0,0,0
org.jfree.chart.axis.CategoryAxis.clone,0,6,6
org.jfree.chart.axis.TickType.toString,1,0,1
org.jfree.chart.renderer.Outlier.overlaps,1,0,1
org.jfree.chart.entity.CategoryLabelEntity.toString,6,0,6
org.jfree.chart.text.TextBlock.setLineAlignment,1,2,3
org.jfree.chart.plot.PiePlot.getArcCenter,27,0,27
org.jfree.chart.labels.BoxAndWhiskerXYToolTipGenerator.<init>,0,2,2
org.jfree.data.xy.CategoryTableXYDataset.getIntervalPositionFactor,0,1,1
org.jfree.chart.plot.dial.DialPointer.getFillPaint,1,0,1
org.jfree.chart.plot.XYPlot.clearRangeMarkers,6,23,29
org.jfree.data.time.Quarter.next,1,6,7
org.jfree.chart.plot.CompassPlot.getLegendItems,1,0,1
org.jfree.chart.entity.ChartEntity.<init>,0,6,6
org.jfree.chart.PolarChartPanel.setChart,2,0,2
org.jfree.chart.plot.CategoryPlot.getDomainMarkers,1,9,10
org.jfree.data.xy.XIntervalDataItem.<init>,0,1,1
org.jfree.chart.plot.CategoryPlot.panDomainAxes,0,0,0
org.jfree.chart.plot.Plot.getBackgroundImage,1,0,1
org.jfree.chart.axis.AxisSpace.setLeft,0,1,1
org.jfree.chart.axis.Axis.getTickLabelFont,0,1,1
org.jfree.data.time.Month.findSeparator,1,7,8
org.jfree.chart.labels.AbstractXYItemLabelGenerator.getYDateFormat,0,1,1
org.jfree.chart.renderer.DefaultPolarItemRenderer.setUseFillPaint,2,0,2
org.jfree.chart.plot.MultiplePiePlot.getDataset,0,1,1
org.jfree.chart.plot.SpiderWebPlot.setDataset,7,0,7
org.jfree.chart.renderer.category.LayeredBarRenderer.drawVerticalItem,25,38,63
org.jfree.chart.panel.CrosshairOverlay.getRangeCrosshairs,1,0,1
org.jfree.data.general.DefaultHeatMapDataset.getMaximumXValue,0,1,1
org.jfree.chart.annotations.CategoryLineAnnotation.<init>,0,11,11
org.jfree.data.category.DefaultIntervalCategoryDataset.equal,3,7,10
org.jfree.chart.axis.PeriodAxis.setFirst,0,4,4
org.jfree.chart.renderer.GrayPaintScale.clone,0,1,1
org.jfree.chart.text.TextLine.equals,3,5,8
org.jfree.data.general.Series.addChangeListener,0,1,1
org.jfree.chart.plot.Marker.notifyListeners,0,4,4
org.jfree.chart.renderer.category.LineAndShapeRenderer.getUseFillPaint,0,1,1
org.jfree.data.time.ohlc.OHLCSeries.add,3,4,7
org.jfree.chart.title.PaintScaleLegend.getAxis,1,0,1
org.jfree.chart.plot.XYPlot.setRangeAxis,1,21,22
org.jfree.chart.block.AbstractBlock.getFrame,0,1,1
org.jfree.chart.util.SerialUtils.readPoint2D,1,8,9
org.jfree.chart.imagemap.StandardURLTagFragmentGenerator.<init>,0,1,1
org.jfree.chart.plot.CategoryPlot.setRowRenderingOrder,0,3,3
org.jfree.data.xy.XYIntervalSeries.getXHighValue,0,2,2
org.jfree.data.xy.IntervalXYDelegate.setIntervalPositionFactor,1,2,3
org.jfree.data.xy.XIntervalSeries.add,0,2,2
org.jfree.chart.renderer.xy.XYStepRenderer.drawItem,17,30,47
org.jfree.data.general.DatasetUtils.findItemIndicesForX,20,40,60
org.jfree.chart.annotations.TextAnnotation.setRotationAnchor,0,3,3
org.jfree.chart.renderer.xy.XYBoxAndWhiskerRenderer.setArtifactPaint,0,3,3
org.jfree.chart.renderer.xy.CandlestickRenderer.drawItem,120,0,120
org.jfree.chart.renderer.xy.AbstractXYItemRenderer.setURLGenerator,0,2,2
org.jfree.chart.renderer.category.MinMaxCategoryRenderer.setGroupStroke,0,3,3
org.jfree.chart.plot.Plot.equals,4,32,36
org.jfree.chart.plot.PlotRenderingInfo.getSubplotIndex,8,0,8
org.jfree.chart.block.BlockResult.<init>,0,1,1
org.jfree.data.xy.VectorSeriesCollection.<init>,0,1,1
org.jfree.chart.renderer.category.BarRenderer.isInternalAnchor,1,0,1
org.jfree.chart.block.EntityBlockResult.null,0,0,0
org.jfree.data.xy.XIntervalSeriesCollection.addSeries,0,4,4
org.jfree.chart.axis.NumberAxis.selectHorizontalAutoTickUnit,0,16,16
org.jfree.chart.renderer.category.LineAndShapeRenderer.getDefaultShapesFilled,1,0,1
org.jfree.data.xy.CategoryTableXYDataset.getSeriesKey,1,0,1
org.jfree.chart.plot.dial.DialPlot.hashCode,0,13,13
org.jfree.chart.block.FlowArrangement.arrangeFF,1,0,1
org.jfree.data.time.TimeTableXYDataset.getEndXValue,2,0,2
org.jfree.chart.util.ObjectUtils.equal,0,5,5
org.jfree.chart.JFreeChart.setTitle,2,9,11
org.jfree.chart.block.FlowArrangement.arrangeFN,3,23,26
org.jfree.chart.renderer.AbstractRenderer.getSeriesPositiveItemLabelPosition,4,0,4
org.jfree.chart.ChartUtils.encodeAsPNG,2,0,2
org.jfree.data.time.FixedMillisecond.<init>,0,3,3
org.jfree.data.xy.XYIntervalSeriesCollection.getY,1,0,1
org.jfree.data.xy.XYIntervalSeriesCollection.getX,0,2,2
org.jfree.data.xy.DefaultTableXYDataset.hashCode,6,0,6
org.jfree.chart.util.ObjectUtils.<init>,0,0,0
org.jfree.data.xy.XisSymbolic.null,0,0,0
org.jfree.chart.block.FlowArrangement.arrangeFR,2,3,5
org.jfree.chart.labels.AbstractXYItemLabelGenerator.getXFormat,0,1,1
org.jfree.data.xy.CategoryTableXYDataset.isAutoWidth,0,1,1
org.jfree.chart.annotations.XYTitleAnnotation.equals,6,14,20
org.jfree.chart.renderer.category.ScatterRenderer.setItemMargin,4,0,4
org.jfree.chart.labels.AbstractXYItemLabelGenerator.equals,3,15,18
org.jfree.data.xy.XYSeries.setMaximumItemCount,0,6,6
org.jfree.chart.plot.PolarPlot.isRadiusGridlinesVisible,1,0,1
org.jfree.data.time.Minute.getFirstMillisecond,0,8,8
org.jfree.chart.axis.SymbolAxis.autoAdjustRange,30,3,33
org.jfree.chart.needle.ShipNeedle.hashCode,1,0,1
org.jfree.chart.axis.Axis.setLabelLocation,0,3,3
org.jfree.data.statistics.DefaultBoxAndWhiskerCategoryDataset.updateBounds,0,28,28
org.jfree.chart.ui.RectangleInsets.calculateLeftInset,1,3,4
org.jfree.chart.plot.XYPlot.setQuadrantPaint,1,3,4
org.jfree.chart.ChartFrame.<init>,7,0,7
org.jfree.chart.renderer.xy.AbstractXYItemRenderer.drawAnnotations,4,6,10
org.jfree.chart.renderer.DefaultPolarItemRenderer.getConnectFirstAndLastPoint,1,0,1
org.jfree.chart.plot.PiePlot.isCircular,0,1,1
org.jfree.chart.plot.XYPlot.setDomainCrosshairLockedOnData,3,0,3
org.jfree.chart.axis.Axis.setTickLabelFont,0,4,4
org.jfree.data.time.Hour.getMonth,0,1,1
org.jfree.chart.plot.PolarPlot.setCounterClockwise,1,0,1
org.jfree.chart.axis.StandardTickUnitSource.getLargerTickUnit,4,0,4
org.jfree.chart.plot.dial.DialPointer.Pin,0,4,4
org.jfree.chart.renderer.category.BarRenderer.setMinimumBarLength,1,3,4
org.jfree.chart.plot.XYPlot.getRangeAxisIndex,0,7,7
org.jfree.data.gantt.XYTaskDataset.getStartYValue,3,0,3
org.jfree.chart.block.CenterArrangement.arrangeFR,5,0,5
org.jfree.chart.block.CenterArrangement.arrangeFN,7,0,7
org.jfree.data.category.DefaultIntervalCategoryDataset.getSeriesKey,3,0,3
org.jfree.chart.renderer.xy.XYAreaRenderer2.drawItem,26,36,62
org.jfree.data.statistics.SimpleHistogramBin.getItemCount,0,1,1
org.jfree.chart.plot.dial.DialTextAnnotation.isClippedToWindow,1,0,1
org.jfree.data.time.TimeSeries.getMaxY,0,1,1
org.jfree.chart.plot.XYPlot.setDomainGridlinesVisible,0,3,3
org.jfree.chart.renderer.category.MinMaxCategoryRenderer.readObject,0,6,6
org.jfree.chart.block.CenterArrangement.arrangeFF,1,0,1
org.jfree.chart.plot.XYPlot.isRangeCrosshairLockedOnData,0,1,1
org.jfree.chart.renderer.xy.XYBarRenderer.getShadowXOffset,1,0,1
org.jfree.data.xy.XYDataItem.getX,0,1,1
org.jfree.chart.axis.AxisLocation.toString,0,1,1
org.jfree.data.xy.TableXYDataset.null,0,0,0
org.jfree.data.xy.XYDataItem.getY,0,1,1
org.jfree.data.gantt.TaskSeries.add,0,3,3
org.jfree.chart.util.DirectionalGradientPaintTransformer.<init>,1,0,1
org.jfree.chart.plot.dial.StandardDialScale.setMinorTickPaint,3,0,3
org.jfree.chart.renderer.category.MinMaxCategoryRenderer.getGroupStroke,1,0,1
org.jfree.data.xy.DefaultTableXYDataset.getItemCount,1,3,4
org.jfree.data.time.TimeSeries.getNextTimePeriod,2,0,2
org.jfree.data.xy.XYSeriesCollection.setAutoWidth,0,2,2
org.jfree.chart.plot.CombinedDomainCategoryPlot.zoomRangeAxes,15,0,15
org.jfree.chart.ChartFactory.createGanttChart,1,12,13
org.jfree.chart.title.LegendTitle.writeObject,0,3,3
org.jfree.chart.util.Args.nullNotPermitted,0,2,2
org.jfree.chart.axis.CategoryLabelPosition.<init>,0,13,13
org.jfree.chart.plot.FastScatterPlot.getDomainGridlineStroke,0,1,1
org.jfree.chart.JFreeChart.getBackgroundImageAlpha,1,0,1
org.jfree.chart.axis.AxisSpace.toString,1,0,1
org.jfree.chart.axis.LogAxis.java2DToValue,0,16,16
org.jfree.chart.date.SerialDate.monthCodeToQuarter,10,6,16
org.jfree.chart.axis.PeriodAxis.drawTickMarksVertical,0,0,0
org.jfree.chart.util.AbstractObjectList.equals,2,10,12
org.jfree.chart.LegendItem.isShapeOutlineVisible,0,1,1
org.jfree.chart.block.AbstractBlock.getWidth,0,1,1
org.jfree.chart.ui.HorizontalAlignment.equals,2,6,8
org.jfree.chart.axis.LogAxis.estimateMaximumTickLabelWidth,3,12,15
org.jfree.chart.block.AbstractBlock.setWidth,0,1,1
org.jfree.chart.ChartTheme.null,0,0,0
org.jfree.chart.plot.dial.DialTextAnnotation.getAnchor,1,0,1
org.jfree.chart.annotations.XYTextAnnotation.draw,9,15,24
org.jfree.chart.PaintMap.writeObject,0,9,9
org.jfree.chart.plot.PolarPlot.setRadiusMinorGridlinesVisible,0,2,2
org.jfree.chart.ui.Size2D.equals,10,0,10
org.jfree.chart.editor.DefaultValueAxisEditor.createTickUnitPanel,9,0,9
org.jfree.data.time.TimePeriodValues.updateBounds,0,37,37
org.jfree.chart.axis.DateTickUnit.getMillisecondCount,1,14,15
org.jfree.data.xy.DefaultHighLowDataset.getOpen,1,0,1
org.jfree.chart.plot.PiePlot.getAutoPopulateSectionOutlineStroke,0,1,1
org.jfree.chart.annotations.XYImageAnnotation.hashCode,1,0,1
org.jfree.chart.axis.DateAxis.<init>,0,10,10
org.jfree.data.general.DatasetUtils.iterateRangeBounds,0,76,76
org.jfree.chart.plot.XYPlot.calculateRangeAxisSpace,6,8,14
org.jfree.chart.renderer.category.BoxAndWhiskerRenderer.getWhiskerWidth,1,0,1
org.jfree.chart.renderer.AbstractRenderer.setSeriesVisible,0,5,5
org.jfree.chart.util.AttrStringUtils.isHorizontalRight,1,0,1
org.jfree.chart.plot.PiePlotState.setTotal,0,1,1
org.jfree.data.xy.IntervalXYDelegate.calculateIntervalForSeries,0,9,9
org.jfree.chart.annotations.CategoryLineAnnotation.setCategory2,0,3,3
org.jfree.chart.title.PaintScaleLegend.setStripOutlineStroke,0,3,3
org.jfree.chart.annotations.CategoryLineAnnotation.setCategory1,0,3,3
org.jfree.chart.title.TextTitle.setText,0,4,4
org.jfree.chart.renderer.xy.XYBarRenderer.setNegativeItemLabelPositionFallback,0,2,2
org.jfree.chart.plot.DatasetRenderingOrder.equals,2,6,8
org.jfree.chart.annotations.CategoryPointerAnnotation.getArrowLength,1,0,1
org.jfree.chart.plot.PiePlot.drawLeftLabel,7,21,28
org.jfree.chart.plot.Plot.isNotify,0,1,1
org.jfree.chart.plot.Plot.removeChangeListener,0,1,1
org.jfree.data.function.PowerFunction2D.equals,2,6,8
org.jfree.chart.labels.StandardCrosshairLabelGenerator.getNumberFormat,1,0,1
org.jfree.chart.plot.FastScatterPlot.getDomainGridlinePaint,0,1,1
org.jfree.data.jdbc.JDBCXYDataset.<init>,8,0,8
org.jfree.chart.labels.StandardXYToolTipGenerator.getTimeSeriesInstance,0,1,1
org.jfree.data.xy.XYInterval.getY,0,1,1
org.jfree.chart.axis.DateAxis.getTickMarkPosition,1,0,1
org.jfree.chart.renderer.category.StatisticalLineAndShapeRenderer.writeObject,0,3,3
org.jfree.data.general.AbstractSeriesDataset.indexOf,0,5,5
org.jfree.chart.annotations.CategoryPointerAnnotation.getArrowStroke,1,0,1
org.jfree.chart.plot.XYPlot.isRangePannable,1,0,1
org.jfree.chart.axis.AxisSpace.equals,1,13,14
org.jfree.chart.ChartPanel.updateUI,1,2,3
org.jfree.chart.JFreeChart.setAntiAlias,3,0,3
org.jfree.chart.renderer.AbstractRenderer.lookupSeriesShape,1,8,9
org.jfree.data.xml.RootHandler.characters,3,0,3
org.jfree.data.ComparableObjectSeries.getItemCount,0,1,1
org.jfree.chart.entity.StandardEntityCollection.clone,0,6,6
org.jfree.chart.axis.LogarithmicAxis.setupSmallLogFlag,0,2,2
org.jfree.chart.plot.XYPlot.getOrientation,0,1,1
org.jfree.data.xy.CategoryTableXYDataset.add,0,4,4
org.jfree.chart.plot.XYPlot.setDataset,0,9,9
org.jfree.chart.LegendItem.setLineVisible,1,0,1
org.jfree.chart.needle.PointerNeedle.equals,3,4,7
org.jfree.data.time.TimeSeries.setMaximumItemAge,1,3,4
org.jfree.data.time.TimeSeriesCollection.removeAllSeries,0,6,6
org.jfree.data.statistics.DefaultMultiValueCategoryDataset.getValue,13,13,26
org.jfree.data.xy.VectorDataItem.<init>,0,1,1
org.jfree.chart.axis.ModuloAxis.setDisplayRange,1,5,6
org.jfree.data.DataUtils.clone,0,8,8
org.jfree.chart.JFreeChart.createBufferedImage,9,7,16
org.jfree.chart.plot.WaferMapPlot.drawWaferEdge,15,0,15
org.jfree.chart.plot.CategoryPlot.getCategories,0,4,4
org.jfree.chart.encoders.SunJPEGEncoderAdapter.getQuality,1,0,1
org.jfree.chart.plot.Crosshair.getLabelOutlineStroke,1,0,1
org.jfree.chart.plot.RingPlot.getCenterTextMode,1,0,1
org.jfree.chart.title.LegendTitle.getLegendItemGraphicPadding,1,0,1
org.jfree.chart.renderer.category.WaterfallBarRenderer.findRangeBounds,1,20,21
org.jfree.chart.title.ImageTitle.arrange,2,0,2
org.jfree.chart.encoders.SunJPEGEncoderAdapter.setQuality,3,0,3
org.jfree.chart.renderer.category.BoxAndWhiskerRenderer.getFillBox,0,1,1
org.jfree.chart.renderer.xy.XYStepRenderer.getStepPoint,0,1,1
org.jfree.chart.plot.CategoryPlot.configureRangeAxes,0,3,3
org.jfree.chart.plot.MeterPlot.getTickSize,1,0,1
org.jfree.chart.PaintMap.getPaint,0,2,2
org.jfree.chart.annotations.XYPolygonAnnotation.draw,30,0,30
org.jfree.data.time.TimeSeriesTableModel.getValueAt,11,0,11
org.jfree.chart.axis.LogAxis.pan,10,0,10
org.jfree.chart.plot.Marker.getOutlineStroke,0,1,1
org.jfree.chart.renderer.DefaultPolarItemRenderer.getLegendItemURLGenerator,0,1,1
org.jfree.data.xy.XYSeries.getMaximumItemCount,0,1,1
org.jfree.chart.resources.JFreeChartResources.getContents,1,0,1
org.jfree.chart.renderer.category.GanttRenderer.setCompletePaint,0,3,3
org.jfree.chart.util.HMSNumberFormat.parse,1,0,1
org.jfree.data.DefaultKeyedValues.getIndex,0,5,5
org.jfree.chart.plot.XYPlot.setSeriesRenderingOrder,3,0,3
org.jfree.data.time.TimeSeriesTableModel.setValueAt,10,0,10
org.jfree.chart.renderer.xy.HighLowRenderer.setDrawCloseTicks,0,2,2
org.jfree.chart.plot.CategoryPlot.getPlotType,1,0,1
org.jfree.chart.plot.dial.ArcDialFrame.getWindow,11,0,11
org.jfree.chart.axis.DateTickMarkPosition.readResolve,3,4,7
org.jfree.data.ComparableObjectItem.equals,2,8,10
org.jfree.chart.block.CenterArrangement.arrangeNN,0,5,5
org.jfree.chart.plot.FastScatterPlot.panRangeAxes,7,0,7
org.jfree.chart.text.TextBox.setShadowYOffset,1,0,1
org.jfree.chart.block.CenterArrangement.arrangeRN,5,0,5
org.jfree.chart.util.RelativeDateFormat.setMinuteSuffix,0,2,2
org.jfree.data.time.ohlc.OHLCItem.<init>,0,1,1
org.jfree.data.time.Day.<init>,0,17,17
org.jfree.chart.date.SerialDate.isValidWeekInMonthCode,7,0,7
org.jfree.chart.annotations.XYPolygonAnnotation.writeObject,0,4,4
org.jfree.chart.block.CenterArrangement.equals,5,0,5
org.jfree.chart.StandardChartTheme.getLargeFont,1,0,1
org.jfree.chart.block.CenterArrangement.arrangeRF,5,0,5
org.jfree.data.xml.DatasetReader.readCategoryDatasetFromXML,12,0,12
org.jfree.chart.axis.DateTickUnit.<init>,2,11,13
org.jfree.data.general.DefaultHeatMapDataset.setZValue,0,4,4
org.jfree.chart.plot.CategoryPlot.checkAxisIndices,4,9,13
org.jfree.chart.plot.SpiderWebPlot.readObject,0,13,13
org.jfree.chart.renderer.category.AbstractCategoryItemRenderer.findRangeBounds,1,10,11
org.jfree.chart.plot.dial.DialValueIndicator.setRadius,0,2,2
org.jfree.chart.plot.dial.DialPlot.dialLayerChanged,0,1,1
org.jfree.chart.plot.CategoryPlot.drawDomainCrosshair,12,0,12
org.jfree.chart.block.FlowArrangement.arrangeRR,0,5,5
org.jfree.data.xy.XIntervalSeries.getDataItem,0,1,1
org.jfree.chart.axis.NumberTickUnitSource.getMinorTickCount,0,5,5
org.jfree.chart.ChartPanel.setZoomOutFactor,1,0,1
org.jfree.chart.block.FlowArrangement.arrangeRN,5,0,5
org.jfree.chart.ui.RectangleInsets.getRight,0,1,1
org.jfree.chart.renderer.category.ScatterRenderer.setUseFillPaint,0,2,2
org.jfree.chart.annotations.CategoryPointerAnnotation.setArrowWidth,0,2,2
org.jfree.chart.plot.dial.DialBackground.getPaint,1,0,1
org.jfree.data.gantt.SlidingGanttCategoryDataset.getColumnCount,4,0,4
org.jfree.chart.axis.ValueAxis.getLowerBound,0,1,1
org.jfree.chart.plot.PolarPlot.rendererChanged,1,0,1
org.jfree.chart.plot.XYPlot.getSeriesCount,5,0,5
org.jfree.data.xy.DefaultXYDataset.getSeriesKey,0,3,3
org.jfree.data.statistics.DefaultBoxAndWhiskerCategoryDataset.add,3,27,30
org.jfree.chart.title.TextTitle.readObject,0,3,3
org.jfree.chart.plot.PolarAxisLocation.toString,0,1,1
org.jfree.chart.plot.PiePlot.getDefaultSectionPaint,0,1,1
org.jfree.chart.axis.PeriodAxis.equals,2,26,28
org.jfree.data.time.Hour.hashCode,0,4,4
org.jfree.chart.renderer.xy.XYLineAndShapeRenderer.getLegendLine,1,0,1
org.jfree.chart.JFreeChart.removeLegend,0,1,1
org.jfree.chart.renderer.xy.XYBoxAndWhiskerRenderer.writeObject,0,3,3
org.jfree.data.time.TimeTableXYDataset.equals,3,11,14
org.jfree.chart.renderer.category.MinMaxCategoryRenderer.equals,2,10,12
org.jfree.chart.axis.PeriodAxisLabelInfo.equals,1,21,22
org.jfree.chart.plot.dial.DialPlot.setView,0,5,5
org.jfree.chart.renderer.xy.XYSplineRenderer.setFillType,0,2,2
org.jfree.chart.title.LegendGraphic.setShapeFilled,0,1,1
org.jfree.chart.plot.CompassPlot.setSeriesNeedle,34,10,44
org.jfree.chart.renderer.xy.StackedXYAreaRenderer.setSeriesArea,0,1,1
org.jfree.chart.axis.SymbolAxis.drawGridBands,7,0,7
org.jfree.chart.axis.AxisState.cursorDown,0,1,1
org.jfree.data.xy.XYSeries.hashCode,0,15,15
org.jfree.chart.plot.XYPlot.draw,43,100,143
org.jfree.chart.plot.PiePlot.drawRightLabel,7,21,28
org.jfree.chart.axis.DateTickUnitType.getCalendarField,0,1,1
org.jfree.chart.entity.LegendItemEntity.<init>,0,1,1
org.jfree.chart.renderer.category.AbstractCategoryItemRenderer.calculateDomainMarkerTextAnchorPoint,6,0,6
org.jfree.chart.ChartPanel.getVerticalTraceLine,1,0,1
org.jfree.data.DefaultKeyedValue.<init>,0,3,3
org.jfree.chart.block.CenterArrangement.arrangeNF,1,0,1
org.jfree.chart.plot.PiePlot.getToolTipGenerator,1,0,1
org.jfree.chart.renderer.category.AbstractCategoryItemRenderer.setSeriesToolTipGenerator,0,4,4
org.jfree.chart.plot.RingPlot.getLabelLinkDepth,1,0,1
org.jfree.chart.ui.HorizontalAlignment.toString,1,0,1
org.jfree.chart.annotations.XYShapeAnnotation.writeObject,0,5,5
org.jfree.chart.StandardChartTheme.applyToMultiplePiePlot,1,0,1
org.jfree.chart.entity.AxisEntity.hashCode,4,0,4
org.jfree.chart.ui.RectangleInsets.createOutsetRectangle,1,13,14
org.jfree.chart.axis.ValueAxis.setRangeAboutValue,1,0,1
org.jfree.chart.axis.CategoryTick.getLabelAnchor,1,0,1
org.jfree.chart.renderer.OutlierListCollection.setHighFarOut,1,0,1
org.jfree.chart.needle.PinNeedle.equals,3,4,7
org.jfree.chart.plot.dial.AbstractDialLayer.hasListener,0,2,2
org.jfree.chart.plot.CombinedRangeXYPlot.panDomainAxes,12,0,12
org.jfree.data.time.Month.compareTo,3,7,10
org.jfree.chart.axis.DateAxis.setTickMarkPosition,0,3,3
org.jfree.chart.renderer.xy.SamplingXYLineRenderer.readObject,2,0,2
org.jfree.chart.plot.PiePlot.getLabelGap,0,1,1
org.jfree.chart.plot.Plot.getDrawingSupplier,0,6,6
org.jfree.chart.renderer.category.AbstractCategoryItemRenderer.setDefaultToolTipGenerator,0,4,4
org.jfree.chart.axis.DateTick.getDate,1,0,1
org.jfree.chart.plot.CategoryPlot.setRenderer,2,12,14
org.jfree.chart.renderer.xy.XYShapeRenderer.setGuideLineStroke,3,0,3
org.jfree.data.io.CSV.extractColumnKeys,13,0,13
org.jfree.chart.editor.DefaultTitleEditor.getTitlePaint,1,0,1
org.jfree.chart.plot.XYPlot.mapDatasetToRangeAxis,0,3,3
org.jfree.chart.plot.dial.StandardDialRange.setScaleIndex,2,0,2
org.jfree.chart.plot.MeterPlot.getLegendItems,0,11,11
org.jfree.chart.plot.dial.StandardDialScale.setTickLabelsVisible,0,2,2
org.jfree.data.xy.XYSeries.getAutoSort,0,1,1
org.jfree.chart.renderer.category.AreaRenderer.<init>,0,3,3
org.jfree.chart.ChartFactory.createMultiplePieChart,16,0,16
org.jfree.chart.ui.Align.<init>,1,0,1
org.jfree.data.xy.XYIntervalSeriesCollection.getEndY,1,0,1
org.jfree.chart.axis.DateTickUnit.addToDate,0,4,4
org.jfree.chart.plot.CategoryMarker.equals,3,9,12
org.jfree.chart.ui.Drawable.null,0,0,0
org.jfree.chart.plot.dial.StandardDialRange.getScaleIndex,1,0,1
org.jfree.chart.plot.PlotOrientation.<init>,0,1,1
org.jfree.data.xy.XYIntervalSeriesCollection.getEndX,1,0,1
org.jfree.data.xy.XYSeries.<init>,0,10,10
org.jfree.chart.plot.PiePlot.drawLabels,0,30,30
org.jfree.chart.axis.StandardTickUnitSource.hashCode,1,0,1
org.jfree.chart.urls.StandardPieURLGenerator.equals,1,11,12
org.jfree.chart.plot.dial.DialLayerChangeListener.null,0,0,0
org.jfree.data.time.Second.next,1,6,7
org.jfree.chart.axis.Axis.getFixedDimension,0,1,1
org.jfree.chart.plot.CategoryPlot.mapDatasetToDomainAxis,0,3,3
org.jfree.chart.editor.DefaultNumberAxisEditor.setAxisProperties,4,0,4
org.jfree.chart.axis.ValueAxis.getUpperBound,0,1,1
org.jfree.data.time.RegularTimePeriod.getMiddleMillisecond,0,6,6
org.jfree.chart.util.ShapeList.clone,0,1,1
org.jfree.chart.axis.MarkerAxisBand.<init>,0,7,7
org.jfree.chart.plot.MeterPlot.zoom,0,0,0
org.jfree.data.KeyToGroupMap.getGroupIndex,0,6,6
org.jfree.data.xy.VectorXYDataset.null,0,0,0
org.jfree.chart.StandardChartTheme.apply,1,12,13
org.jfree.data.general.DefaultPieDataset.getItemCount,0,1,1
org.jfree.chart.axis.CyclicNumberAxis.setOffset,0,1,1
org.jfree.chart.entity.ChartEntity.getImageMapAreaTag,14,0,14
org.jfree.chart.axis.DateTickUnit.equals,5,9,14
org.jfree.chart.plot.XYPlot.calculateAxisSpace,0,5,5
org.jfree.chart.renderer.xy.StackedXYBarRenderer.hashCode,0,3,3
org.jfree.chart.axis.PeriodAxis.setAutoRangeTimePeriodClass,0,3,3
org.jfree.chart.renderer.xy.StackedXYAreaRenderer2.setRoundXCoordinates,0,2,2
org.jfree.chart.editor.DefaultPlotEditor.getRangeAxisPropertyEditPanel,1,0,1
org.jfree.data.category.DefaultCategoryDataset.getRowKey,0,1,1
org.jfree.chart.renderer.xy.XYStepAreaRenderer.getPlotArea,0,1,1
org.jfree.data.gantt.SlidingGanttCategoryDataset.getRowKey,1,0,1
org.jfree.chart.labels.StandardCategoryItemLabelGenerator.<init>,1,3,4
org.jfree.chart.urls.URLUtilities.encode,10,0,10
org.jfree.chart.renderer.category.StatisticalBarRenderer.drawItem,2,9,11
org.jfree.chart.renderer.category.MinMaxCategoryRenderer.getIconWidth,2,0,2
org.jfree.chart.plot.dial.DialPointer.getPaint,1,0,1
org.jfree.chart.axis.DateAxis.getTimeline,1,0,1
org.jfree.chart.plot.dial.StandardDialFrame.getStroke,1,0,1
org.jfree.chart.event.ChartChangeEvent.getChart,1,0,1
org.jfree.chart.plot.MultiplePiePlot.setDataset,1,6,7
org.jfree.chart.util.ShapeUtils.createDownTriangle,6,0,6
org.jfree.chart.plot.XYPlot.mapDatasetToRangeAxes,0,5,5
org.jfree.chart.plot.ThermometerPlot.setUseSubrangePaint,2,0,2
org.jfree.chart.plot.dial.DialBackground.setGradientPaintTransformer,0,3,3
org.jfree.chart.plot.CategoryCrosshairState.<init>,0,2,2
org.jfree.chart.plot.PolarPlot.setAngleLabelFont,0,3,3
org.jfree.data.statistics.Statistics.getSlope,12,0,12
org.jfree.data.function.PowerFunction2D.<init>,0,2,2
org.jfree.chart.plot.ThermometerPlot.setRange,3,0,3
org.jfree.data.Range.getUpperBound,0,1,1
org.jfree.chart.axis.NumberAxis.getAutoRangeStickyZero,0,1,1
org.jfree.chart.plot.PolarPlot.getAxisForDataset,7,0,7
org.jfree.chart.renderer.DefaultPolarItemRenderer.getSeriesToolTipGenerator,1,0,1
org.jfree.chart.plot.SpiderWebPlot.getInteriorGap,0,1,1
org.jfree.chart.renderer.category.StackedAreaRenderer.adjustedStackValues,8,0,8
org.jfree.chart.renderer.PaintScale.null,0,0,0
org.jfree.chart.plot.dial.StandardDialScale.equals,3,37,40
org.jfree.chart.title.LegendTitle.getSortOrder,1,0,1
org.jfree.chart.plot.PolarPlot.isDomainZoomable,1,0,1
org.jfree.data.statistics.DefaultMultiValueCategoryDataset.getRangeBounds,1,0,1
org.jfree.chart.renderer.xy.XYAreaRenderer2.equals,2,8,10
org.jfree.chart.ui.TextAnchor.toString,1,0,1
org.jfree.chart.entity.CategoryItemEntity.<init>,0,5,5
org.jfree.data.xy.VectorSeriesCollection.getItemCount,1,0,1
org.jfree.chart.axis.SubCategoryAxis.setSubLabelFont,0,3,3
org.jfree.chart.plot.dial.DialValueIndicator.setInsets,0,3,3
org.jfree.chart.plot.Plot.addChangeListener,0,1,1
org.jfree.chart.renderer.xy.XYAreaRenderer.getPlotArea,0,1,1
org.jfree.chart.plot.FastScatterPlot.setDomainGridlinesVisible,0,3,3
org.jfree.chart.util.LogFormat.equals,3,13,16
org.jfree.data.time.TimeSeriesCollection.getStartY,0,1,1
org.jfree.chart.renderer.xy.CandlestickRenderer.setMaxCandleWidthInMilliseconds,0,2,2
org.jfree.chart.labels.StandardCrosshairLabelGenerator.generateLabel,3,0,3
org.jfree.chart.annotations.XYDataImageAnnotation.getHeight,1,0,1
org.jfree.chart.axis.DateAxis.equals,5,20,25
org.jfree.chart.ui.StandardGradientPaintTransformer.hashCode,0,1,1
org.jfree.chart.entity.CategoryItemEntity.equals,5,7,12
org.jfree.data.time.SimpleTimePeriod.getEndMillis,1,0,1
org.jfree.chart.plot.dial.DialScale.null,0,0,0
org.jfree.data.time.TimeSeriesCollection.getStartX,2,0,2
org.jfree.chart.axis.AxisSpace.ensureAtLeast,8,9,17
org.jfree.chart.axis.SymbolAxis.draw,6,0,6
org.jfree.chart.axis.TickUnitSource.null,0,0,0
org.jfree.chart.plot.XYPlot.getRangeCrosshairValue,0,1,1
org.jfree.chart.annotations.Annotation.null,0,0,0
org.jfree.chart.util.RelativeDateFormat.getHourSuffix,0,1,1
org.jfree.chart.plot.FastScatterPlot.setRangeAxis,3,0,3
org.jfree.chart.plot.PieLabelRecord.getLabelHeight,0,1,1
org.jfree.chart.encoders.ImageEncoderFactory.<clinit>, line 60,1,0,1
org.jfree.data.xy.DefaultHighLowDataset.getSeriesKey,1,0,1
org.jfree.data.time.Month.hashCode,0,4,4
org.jfree.data.xy.VectorSeries.add,0,2,2
org.jfree.chart.renderer.xy.AbstractXYItemRenderer.setLegendItemToolTipGenerator,0,2,2
org.jfree.chart.renderer.AbstractRenderer.beginElementGroup,4,0,4
org.jfree.chart.renderer.xy.XYBarRenderer.getShadowsVisible,1,0,1
org.jfree.data.xy.XYBarDataset.getSeriesCount,0,1,1
org.jfree.chart.LegendItemSource.null,0,0,0
org.jfree.data.statistics.HistogramDataset.getItemCount,1,0,1
org.jfree.chart.labels.StandardCategoryToolTipGenerator.equals,1,4,5
org.jfree.chart.ui.ApplicationFrame.windowActivated,0,0,0
org.jfree.data.statistics.DefaultStatisticalCategoryDataset.updateBounds,1,54,55
org.jfree.data.general.DefaultKeyedValueDataset.clone,0,2,2
org.jfree.chart.renderer.OutlierList.setAveragedOutlier,1,0,1
org.jfree.chart.renderer.WaferMapRenderer.makePaintIndex,19,0,19
org.jfree.chart.plot.Crosshair.setLabelXOffset,0,3,3
org.jfree.data.time.DateRange.getUpperMillis,0,1,1
org.jfree.chart.renderer.xy.XYBarRenderer.setBarPainter,0,3,3
org.jfree.chart.axis.PeriodAxis.getMinorTickMarkStroke,1,0,1
org.jfree.chart.axis.PeriodAxisLabelInfo.getDividerPaint,1,0,1
org.jfree.data.general.AbstractDataset.notifyListeners,0,4,4
org.jfree.chart.renderer.category.BarRenderer.getMinimumBarLength,0,1,1
org.jfree.chart.util.AbstractObjectList.set,4,4,8
org.jfree.chart.renderer.xy.XYBarRenderer.getBarPainter,1,0,1
org.jfree.chart.plot.XYPlot.drawRangeCrosshair,14,0,14
org.jfree.data.time.Week.getSerialIndex,0,1,1
org.jfree.chart.renderer.category.BoxAndWhiskerRenderer.<init>,0,9,9
org.jfree.chart.util.RelativeDateFormat.setHourSuffix,0,2,2
org.jfree.chart.axis.CategoryAxis.getTickLabelPaint,0,5,5
org.jfree.chart.plot.FastScatterPlot.getRangeGridlineStroke,0,1,1
org.jfree.chart.plot.PiePlot.getLabelLinkStyle,0,1,1
org.jfree.chart.renderer.OutlierList.<init>,2,0,2
org.jfree.chart.renderer.xy.StandardXYBarPainter.<init>,0,0,0
org.jfree.chart.ChartFactory.createStackedBarChart,1,13,14
org.jfree.chart.axis.CyclicNumberAxis.getAdvanceLinePaint,1,0,1
org.jfree.chart.renderer.AbstractRenderer.isSeriesVisibleInLegend,0,5,5
org.jfree.chart.plot.dial.StandardDialRange.setOuterRadius,2,0,2
org.jfree.chart.panel.CrosshairOverlay.drawVerticalCrosshair,35,0,35
org.jfree.chart.text.TextBlockAnchor.toString,1,0,1
org.jfree.chart.axis.CategoryAxis.refreshTicks,2,30,32
org.jfree.data.time.TimePeriodValues.getTimePeriod,0,1,1
org.jfree.chart.ChartPanel.getZoomOutFactor,1,0,1
org.jfree.chart.axis.Tick.<init>,0,6,6
org.jfree.data.xy.AbstractXYDataset.getYValue,0,5,5
org.jfree.data.xy.XIntervalSeries.getYValue,0,2,2
org.jfree.chart.plot.CompassPlot.equals,6,20,26
org.jfree.chart.plot.XYPlot.calculateDomainAxisSpace,2,12,14
org.jfree.chart.renderer.category.BoxAndWhiskerRenderer.drawLowFarOut,4,0,4
org.jfree.data.xy.XYIntervalDataItem.getYLowValue,1,3,4
org.jfree.chart.plot.PieLabelLinkStyle.equals,1,7,8
org.jfree.data.xy.XYSeries.clear,0,7,7
org.jfree.chart.block.AbstractBlock.getContentXOffset,1,0,1
org.jfree.chart.axis.Axis.getLabel,0,1,1
org.jfree.chart.editor.DefaultPolarPlotEditor.focusLost,4,0,4
org.jfree.chart.entity.ChartEntity.getRectCoords,10,0,10
org.jfree.chart.plot.Crosshair.getLabelYOffset,1,0,1
org.jfree.chart.renderer.xy.XYDifferenceRenderer.getLegendLine,0,1,1
org.jfree.data.xy.IntervalXYDelegate.getStartX,0,5,5
org.jfree.chart.axis.Axis.writeObject,0,8,8
org.jfree.chart.plot.CategoryPlot.setAnchorValue,0,4,4
org.jfree.chart.ChartPanel.setPopupMenu,1,0,1
org.jfree.chart.axis.Axis.drawLabel,10,36,46
org.jfree.chart.axis.CategoryAxis.equals,0,28,28
org.jfree.data.time.TimeSeriesCollection.hashCode,5,0,5
org.jfree.chart.annotations.XYTitleAnnotation.clone,0,1,1
org.jfree.chart.plot.dial.StandardDialRange.getUpperBound,1,0,1
org.jfree.data.xy.XYSeriesCollection.removeAllSeries,0,6,6
org.jfree.chart.axis.CategoryAxis.removeCategoryLabelToolTip,3,0,3
org.jfree.data.general.AbstractDataset.setGroup,2,0,2
org.jfree.chart.ui.RectangleInsets.<init>,2,7,9
org.jfree.chart.axis.ValueTick.<init>,0,5,5
org.jfree.chart.plot.CategoryPlot.setDomainCrosshairColumnKey,0,4,4
org.jfree.chart.title.CompositeTitle.setBackgroundPaint,0,2,2
org.jfree.chart.renderer.xy.XYBarRenderer.initialise,4,0,4
org.jfree.data.DefaultKeyedValues2D.setValue,0,15,15
org.jfree.data.statistics.DefaultBoxAndWhiskerXYDataset.getFaroutCoefficient,1,0,1
org.jfree.chart.axis.LogarithmicAxis.switchedLog10,0,1,1
org.jfree.chart.ui.StrokeSample.getPreferredSize,1,0,1
org.jfree.data.jdbc.JDBCPieDataset.executeQuery,44,0,44
org.jfree.chart.ui.StrokeSample.setStroke,2,0,2
org.jfree.chart.panel.CrosshairOverlay.removeDomainCrosshair,4,0,4
org.jfree.chart.renderer.category.AbstractCategoryItemRenderer.getLegendItem,5,23,28
org.jfree.chart.StandardChartTheme.getChartBackgroundPaint,1,0,1
org.jfree.chart.block.BorderArrangement.equals,2,14,16
org.jfree.chart.plot.PiePlotState.getTotal,0,1,1
org.jfree.chart.plot.Crosshair.getLabelAnchor,1,0,1
org.jfree.data.time.ohlc.OHLCSeriesCollection.getY,3,0,3
org.jfree.chart.renderer.AbstractRenderer.getDefaultItemLabelsVisible,1,0,1
org.jfree.chart.axis.ValueTick.equals,3,7,10
org.jfree.chart.renderer.xy.XYAreaRenderer.equals,2,18,20
org.jfree.data.time.ohlc.OHLCSeriesCollection.getX,9,0,9
org.jfree.chart.renderer.OutlierListCollection.setLowFarOut,1,0,1
org.jfree.chart.block.ColorBlock.draw,8,0,8
org.jfree.data.DefaultKeyedValues2D.clone,0,5,5
org.jfree.data.xy.MatrixSeriesCollection.getX,3,0,3
org.jfree.chart.renderer.xy.XYLineAndShapeRenderer.setDrawOutlines,0,2,2
org.jfree.chart.renderer.xy.CandlestickRenderer.getCandleWidth,0,1,1
org.jfree.chart.renderer.AbstractRenderer.clearSeriesStrokes,1,2,3
org.jfree.data.xy.MatrixSeriesCollection.getZ,3,0,3
org.jfree.chart.title.LegendGraphic.setOutlineStroke,0,1,1
org.jfree.data.xy.MatrixSeriesCollection.getY,3,0,3
org.jfree.data.xy.DefaultXYDataset.getDomainOrder,0,1,1
org.jfree.chart.plot.PlotOrientation.isHorizontal,0,1,1
org.jfree.chart.plot.PolarPlot.getRadiusGridlineStroke,1,0,1
org.jfree.chart.renderer.xy.CyclicXYItemRenderer.indexOf,1,0,1
org.jfree.chart.axis.Axis.setLabelAngle,0,2,2
org.jfree.chart.renderer.category.MinMaxCategoryRenderer.getIcon,0,8,8
org.jfree.chart.renderer.xy.XYAreaRenderer.<init>,0,28,28
org.jfree.chart.renderer.xy.XYShapeRenderer.getGuideLinePaint,1,0,1
org.jfree.chart.text.TextLine.<init>,4,10,14
org.jfree.chart.date.SpreadsheetDate.hashCode,0,1,1
org.jfree.chart.plot.Crosshair.clone,0,1,1
org.jfree.chart.plot.XYPlot.isDomainZoomable,0,1,1
org.jfree.chart.plot.Plot.getChart,1,0,1
org.jfree.chart.axis.DateAxis.setTimeZone,0,4,4
org.jfree.chart.entity.CategoryLabelEntity.<init>,0,2,2
org.jfree.chart.axis.LogAxis.setNumberFormatOverride,2,0,2
org.jfree.chart.renderer.xy.StackedXYAreaRenderer.StackedXYAreaRendererState,0,5,5
org.jfree.chart.plot.XYPlot.setShadowGenerator,0,2,2
org.jfree.chart.renderer.category.WaterfallBarRenderer.setNegativeBarPaint,0,3,3
org.jfree.chart.renderer.AbstractRenderer.setDefaultLegendTextPaint,0,2,2
org.jfree.chart.renderer.xy.VectorRenderer.findRangeBounds,29,0,29
org.jfree.data.time.TimeSeriesDataItem.compareTo,1,5,6
org.jfree.chart.renderer.xy.XYBarRenderer.readObject,0,2,2
org.jfree.chart.renderer.NotOutlierException.<init>,1,0,1
org.jfree.chart.plot.PolarPlot.isRangeZoomable,1,0,1
org.jfree.data.statistics.HistogramDataset.getType,1,0,1
org.jfree.data.statistics.DefaultBoxAndWhiskerCategoryDataset.getRangeBounds,0,1,1
org.jfree.chart.plot.XYPlot.getDataset,1,1,2
org.jfree.chart.renderer.xy.AbstractXYItemRenderer.getDefaultItemLabelGenerator,1,0,1
org.jfree.data.statistics.HistogramDataset.setType,3,0,3
org.jfree.data.time.Year.equals,0,6,6
org.jfree.data.xy.XIntervalDataItem.getYValue,1,3,4
org.jfree.chart.annotations.XYPolygonAnnotation.<init>,3,7,10
org.jfree.chart.title.TextTitle.arrangeNN,2,0,2
org.jfree.chart.plot.dial.DialCap.setRadius,1,3,4
org.jfree.chart.plot.XYPlot.setDomainGridlineStroke,0,3,3
org.jfree.data.general.DatasetGroup.clone,1,0,1
org.jfree.data.gantt.SlidingGanttCategoryDataset.setFirstCategoryIndex,1,3,4
org.jfree.chart.editor.DefaultChartEditor.getPlotEditor,1,0,1
org.jfree.chart.title.LegendItemBlockContainer.getSeriesIndex,1,0,1
org.jfree.chart.title.TextTitle.getText,0,1,1
org.jfree.chart.plot.DefaultDrawingSupplier.getNextFillPaint,0,3,3
org.jfree.chart.renderer.category.AbstractCategoryItemRenderer.setDefaultItemLabelGenerator,0,4,4
org.jfree.chart.axis.NumberAxis.refreshTicksHorizontal,6,39,45
org.jfree.chart.labels.AbstractXYItemLabelGenerator.generateLabelString,4,0,4
org.jfree.data.time.Month.peg,0,2,2
org.jfree.chart.labels.AbstractXYItemLabelGenerator.createItemArray,3,10,13
org.jfree.chart.StandardChartTheme.applyToXYItemRenderer,0,9,9
org.jfree.chart.renderer.xy.StackedXYAreaRenderer2.averageStackValues,4,0,4
org.jfree.chart.renderer.AbstractRenderer.setDefaultShape,0,5,5
org.jfree.chart.plot.CategoryMarker.getDrawAsLine,0,1,1
org.jfree.data.time.RegularTimePeriod.createInstance,0,5,5
org.jfree.data.xy.DefaultOHLCDataset.<init>,0,2,2
org.jfree.chart.panel.AbstractOverlay.removeChangeListener,2,0,2
org.jfree.chart.panel.CrosshairOverlay.flipAnchorV,14,0,14
org.jfree.chart.plot.CategoryPlot.isRangeZeroBaselineVisible,0,1,1
org.jfree.chart.axis.ValueAxis.setDefaultAutoRange,0,3,3
org.jfree.data.time.Month.getLastMillisecond,0,5,5
org.jfree.chart.plot.SpiderWebPlot.setLabelFont,0,3,3
org.jfree.chart.ui.Layer.<init>,0,1,1
org.jfree.chart.panel.CrosshairOverlay.flipAnchorH,14,0,14
org.jfree.chart.renderer.category.AbstractCategoryItemRenderer.getRangeAxis,4,0,4
org.jfree.data.xy.DefaultXYDataset.getY,1,0,1
org.jfree.chart.title.LegendGraphic.isShapeVisible,0,1,1
org.jfree.chart.renderer.xy.XYBarRenderer.isInternalAnchor,1,0,1
org.jfree.chart.title.LegendTitle.arrange,0,12,12
org.jfree.chart.title.LegendItemBlockContainer.setURLText,0,1,1
org.jfree.data.time.TimeSeriesCollection.vetoableChange,2,6,8
org.jfree.data.xy.XYSeriesCollection.getX,0,2,2
org.jfree.chart.title.TextTitle.arrangeRN,5,0,5
org.jfree.chart.plot.PiePlotState.getPassesRequired,0,1,1
org.jfree.chart.annotations.XYDataImageAnnotation.clone,1,0,1
org.jfree.data.xy.XYSeriesCollection.getY,0,2,2
org.jfree.data.general.AbstractDataset.fireDatasetChanged,0,2,2
org.jfree.chart.plot.SpiderWebPlot.setSeriesOutlinePaint,0,4,4
org.jfree.data.xy.XYSeriesCollection.getItemCount,0,1,1
org.jfree.data.xy.DefaultXYDataset.getX,1,0,1
org.jfree.chart.renderer.AbstractRenderer.lookupSeriesOutlinePaint,0,9,9
org.jfree.chart.StandardChartTheme.getSmallFont,1,0,1
org.jfree.chart.block.RectangleConstraint.getHeightRange,0,1,1
org.jfree.chart.plot.CombinedDomainCategoryPlot.setOrientation,5,0,5
org.jfree.chart.util.ExportUtils.writeAsPNG,7,0,7
org.jfree.chart.title.LegendTitle.setItemFont,0,3,3
org.jfree.chart.plot.dial.StandardDialRange.setUpperBound,1,3,4
org.jfree.chart.title.TextTitle.arrangeRR,11,9,20
org.jfree.chart.axis.PeriodAxisLabelInfo.<init>,0,16,16
org.jfree.chart.plot.CategoryPlot.removeRangeMarker,5,9,14
org.jfree.chart.renderer.category.LevelRenderer.calculateItemWidth,4,18,22
org.jfree.chart.renderer.category.AbstractCategoryItemRenderer.hashCode,0,2,2
org.jfree.chart.renderer.category.IntervalBarRenderer.drawInterval,15,32,47
org.jfree.chart.axis.ValueAxis.getDownArrow,1,0,1
org.jfree.chart.plot.PieLabelDistributor.adjustUpwards,0,5,5
org.jfree.chart.plot.ThermometerPlot.getValueLocation,1,0,1
org.jfree.chart.plot.PiePlot.setCircular,0,4,4
org.jfree.data.time.ohlc.OHLCItem.getPeriod,0,1,1
org.jfree.chart.block.AbstractBlock.setHeight,0,1,1
org.jfree.data.general.WaferMapDataset.isMinValue,3,0,3
org.jfree.chart.axis.Axis.drawAttributedLabel,45,0,45
org.jfree.data.statistics.SimpleHistogramBin.overlapsWith,0,9,9
org.jfree.data.xy.DefaultHighLowDataset.equals,2,18,20
org.jfree.data.Range.getLowerBound,0,1,1
org.jfree.chart.encoders.ImageFormat.null,0,0,0
org.jfree.data.time.FixedMillisecond.getLastMillisecond,2,0,2
org.jfree.chart.ChartPanel.setRangeZoomable,6,0,6
org.jfree.chart.axis.DateAxis.calculateLowestVisibleTickValue,0,1,1
org.jfree.chart.renderer.xy.XYDifferenceRenderer.setLegendLine,0,3,3
org.jfree.chart.plot.dial.DialBackground.clone,0,1,1
org.jfree.chart.renderer.xy.XYBarRenderer.findDomainBounds,0,1,1
org.jfree.chart.renderer.category.CategoryItemRendererState.getCrosshairState,0,1,1
org.jfree.chart.util.BooleanList.getBoolean,0,1,1
org.jfree.chart.JFreeChart.getBorderPaint,1,0,1
org.jfree.chart.urls.TimeSeriesURLGenerator.generateURL,2,14,16
org.jfree.chart.date.SerialDate.isValidWeekdayCode,11,0,11
org.jfree.chart.ChartPanel.setAnchor,1,0,1
org.jfree.chart.plot.dial.StandardDialRange.clone,0,1,1
org.jfree.chart.renderer.xy.XYBlockRenderer.findDomainBounds,0,6,6
org.jfree.chart.plot.CategoryPlot.removeAnnotation,7,0,7
org.jfree.data.xy.XYItemKey.compareTo,4,0,4
org.jfree.chart.editor.DefaultPlotEditor.attemptDrawLinesSelection,1,0,1
org.jfree.data.xy.DefaultXYDataset.getSeriesCount,0,1,1
org.jfree.chart.renderer.xy.XYStepAreaRenderer.isOutline,0,1,1
org.jfree.chart.labels.AbstractCategoryItemLabelGenerator.getNumberFormat,1,0,1
org.jfree.chart.plot.MeterPlot.clone,1,5,6
org.jfree.chart.axis.AxisSpace.<init>,0,4,4
org.jfree.chart.ui.StrokeSample.paintComponent,20,0,20
org.jfree.chart.ChartPanel.getVerticalAxisTrace,1,0,1
org.jfree.chart.renderer.xy.StandardXYItemRenderer.writeObject,0,2,2
org.jfree.chart.plot.CombinedDomainXYPlot.datasetChanged,0,9,9
org.jfree.chart.renderer.xy.DeviationRenderer.isLinePass,1,0,1
org.jfree.data.general.DefaultValueDataset.hashCode,1,0,1
org.jfree.chart.renderer.xy.XYAreaRenderer2.<init>,0,13,13
org.jfree.data.DefaultKeyedValues.clear,0,3,3
org.jfree.chart.renderer.xy.XYDotRenderer.setDotWidth,1,3,4
org.jfree.chart.plot.PiePlot.getDefaultSectionOutlineStroke,1,0,1
org.jfree.chart.plot.dial.AbstractDialLayer.readObject,2,0,2
org.jfree.chart.event.AxisChangeEvent.getAxis,0,1,1
org.jfree.chart.plot.RingPlot.getSeparatorPaint,1,0,1
org.jfree.chart.labels.IntervalXYToolTipGenerator.clone,1,0,1
org.jfree.chart.encoders.ImageEncoder.null,0,0,0
org.jfree.chart.renderer.category.LevelRenderer.drawItem,9,28,37
org.jfree.chart.axis.PeriodAxis.getLabelInfo,1,0,1
org.jfree.chart.plot.RingPlot.setCenterTextColor,0,3,3
org.jfree.chart.axis.NumberAxis.configure,0,2,2
org.jfree.chart.plot.FastScatterPlot.isDomainZoomable,1,0,1
org.jfree.chart.annotations.CategoryLineAnnotation.setPaint,0,3,3
org.jfree.chart.entity.XYItemEntity.equals,1,9,10
org.jfree.chart.plot.XYPlot.panRangeAxes,8,0,8
org.jfree.chart.axis.CategoryTick.hashCode,0,5,5
org.jfree.data.time.TimeTableXYDataset.getXPosition,1,0,1
org.jfree.chart.encoders.SunPNGEncoderAdapter.setEncodingAlpha,0,0,0
org.jfree.chart.labels.BubbleXYItemLabelGenerator.hashCode,0,4,4
org.jfree.chart.util.ArrayUtils.equalReferencesInArrays,16,0,16
org.jfree.data.xy.XYSeries.getAllowDuplicateXValues,0,1,1
org.jfree.chart.text.TextBlock.hashCode,0,1,1
org.jfree.data.xy.DefaultOHLCDataset.getItemCount,0,1,1
org.jfree.chart.plot.Plot.getForegroundAlpha,0,1,1
org.jfree.chart.LegendItem.setFillPaint,0,2,2
org.jfree.chart.util.SerialUtils.writeComposite,3,9,12
org.jfree.chart.title.PaintScaleLegend.setScale,0,3,3
org.jfree.chart.title.TextTitle.arrangeFN,20,0,20
org.jfree.chart.renderer.DefaultPolarItemRenderer.writeObject,0,3,3
org.jfree.chart.util.RelativeDateFormat.getShowZeroDays,0,1,1
org.jfree.chart.needle.PlumNeedle.hashCode,1,0,1
org.jfree.chart.plot.CrosshairState.setDatasetIndex,1,0,1
org.jfree.chart.ChartRenderingInfo.setChartArea,0,1,1
org.jfree.data.time.ohlc.OHLC.getClose,0,1,1
org.jfree.data.xy.VectorSeriesCollection.getVector,3,0,3
org.jfree.chart.plot.CategoryPlot.setRangeZeroBaselineStroke,0,3,3
org.jfree.data.gantt.XYTaskDataset.getY,1,0,1
org.jfree.data.gantt.XYTaskDataset.getX,1,0,1
org.jfree.chart.renderer.category.BoxAndWhiskerRenderer.drawEllipse,2,0,2
org.jfree.data.xy.MatrixSeries.getItem,0,4,4
org.jfree.chart.renderer.RendererState.getEntityCollection,0,6,6
org.jfree.chart.axis.TickUnits.get,1,0,1
org.jfree.chart.axis.ValueAxis.setNegativeArrowVisible,0,2,2
org.jfree.chart.ChartRenderingInfo.setEntityCollection,0,1,1
org.jfree.data.general.DefaultPieDataset.setValue,0,3,3
org.jfree.chart.axis.CategoryLabelPosition.getRotationAnchor,0,1,1
org.jfree.chart.labels.AbstractXYItemLabelGenerator.<init>,3,11,14
org.jfree.chart.util.ExportUtils.writeAsPDF,23,0,23
org.jfree.chart.renderer.xy.XYAreaRenderer.clone,0,3,3
org.jfree.chart.renderer.xy.XYDifferenceRenderer.setNegativePaint,0,3,3
org.jfree.chart.plot.PiePlot.setMaximumLabelWidth,0,2,2
org.jfree.chart.axis.CategoryLabelPositions.replaceBottomPosition,3,0,3
org.jfree.chart.axis.DateAxis.correctTickDateForPosition,1,5,6
org.jfree.chart.annotations.CategoryTextAnnotation.setCategoryAnchor,0,3,3
org.jfree.chart.plot.PiePlot.setLabelDistributor,3,0,3
org.jfree.chart.title.LegendGraphic.clone,0,4,4
org.jfree.data.time.DynamicTimeSeriesCollection.getYValue,2,0,2
org.jfree.chart.servlet.DisplayChart.service,24,0,24
org.jfree.chart.annotations.XYDrawableAnnotation.clone,0,1,1
org.jfree.chart.urls.CustomPieURLGenerator.getListCount,0,1,1
org.jfree.data.general.SeriesChangeEvent.<init>,0,1,1
org.jfree.chart.plot.ThermometerPlot.setThermometerPaint,0,3,3
org.jfree.chart.renderer.xy.SamplingXYLineRenderer.State,1,0,1
org.jfree.chart.ChartPanel.getRefreshBuffer,1,0,1
org.jfree.data.function.LineFunction2D.getValue,0,1,1
org.jfree.chart.plot.XYPlot.zoomRangeAxes,6,8,14
org.jfree.chart.util.StringUtils.getLineSeparator,3,0,3
org.jfree.chart.plot.PiePlot.setLegendLabelGenerator,0,3,3
org.jfree.chart.plot.dial.StandardDialScale.<init>,1,21,22
org.jfree.chart.renderer.AbstractRenderer.getSeriesPaint,0,1,1
org.jfree.data.statistics.SimpleHistogramDataset.getStartYValue,1,0,1
org.jfree.chart.renderer.AbstractRenderer.setAutoPopulateSeriesPaint,0,1,1
org.jfree.chart.axis.DateTickUnitType.toString,0,1,1
org.jfree.data.time.TimeSeries.getTimePeriods,4,0,4
org.jfree.chart.JFreeChart.getBorderStroke,1,0,1
org.jfree.chart.plot.dial.StandardDialFrame.writeObject,0,4,4
org.jfree.chart.renderer.category.AbstractCategoryItemRenderer.drawDomainGridline,3,15,18
org.jfree.data.time.TimeTableXYDataset.clear,0,3,3
org.jfree.chart.plot.dial.DialCap.hashCode,0,5,5
org.jfree.chart.axis.NumberAxis.setRangeType,0,3,3
org.jfree.data.xy.DefaultXYZDataset.getXValue,0,2,2
org.jfree.data.gantt.XYTaskDataset.getXValue,3,0,3
org.jfree.data.time.Quarter.getSerialIndex,0,1,1
org.jfree.chart.plot.CategoryPlot.addDomainMarker,0,21,21
org.jfree.chart.annotations.XYDataImageAnnotation.getIncludeInDataBounds,1,0,1
org.jfree.chart.util.BooleanList.setBoolean,0,1,1
org.jfree.data.gantt.XYTaskDataset.getItemStartValue,5,0,5
org.jfree.chart.plot.Marker.setLabelBackgroundColor,2,0,2
org.jfree.chart.renderer.xy.XYLineAndShapeRenderer.setLegendLine,0,3,3
org.jfree.data.time.Day.toString,1,0,1
org.jfree.chart.axis.DateAxis.clone,1,3,4
org.jfree.chart.renderer.xy.SamplingXYLineRenderer.initialise,6,0,6
org.jfree.data.DefaultKeyedValue.equals,2,8,10
org.jfree.chart.plot.dial.StandardDialRange.getLowerBound,1,0,1
org.jfree.chart.editor.DefaultPolarPlotEditor.createPlotPanel,17,0,17
org.jfree.chart.plot.Plot.handleClick,0,0,0
org.jfree.data.time.DynamicTimeSeriesCollection.translateGet,6,0,6
org.jfree.chart.entity.ChartEntity.getPolyCoords,17,0,17
org.jfree.chart.plot.CategoryPlot.mapDatasetToDomainAxes,0,4,4
org.jfree.chart.renderer.category.AbstractCategoryItemRenderer.getDefaultToolTipGenerator,1,0,1
org.jfree.chart.plot.PolarPlot.setAngleTickUnit,0,3,3
org.jfree.chart.axis.AxisCollection.getAxesAtLeft,0,1,1
org.jfree.chart.renderer.category.GanttRenderer.drawItem,1,3,4
org.jfree.chart.entity.TitleEntity.hashCode,4,0,4
org.jfree.data.time.ohlc.OHLC.getOpen,0,1,1
org.jfree.data.xy.IntervalXYDelegate.getStartXValue,1,0,1
org.jfree.chart.ui.Size2D.clone,1,0,1
org.jfree.chart.renderer.category.BarRenderer.setDefaultShadowsVisible,1,0,1
org.jfree.chart.labels.AbstractPieItemLabelGenerator.generateSectionLabel,0,5,5
org.jfree.data.time.ohlc.OHLCSeriesCollection.getVolume,1,0,1
org.jfree.chart.plot.CompassPlot.clone,2,15,17
org.jfree.chart.ui.RectangleInsets.trimHeight,0,1,1
org.jfree.chart.plot.dial.StandardDialScale.getTickLabelOffset,1,0,1
org.jfree.chart.util.PaintAlpha.setLegacyAlpha,3,0,3
org.jfree.data.category.CategoryDataset.null,0,0,0
org.jfree.chart.ChartPanel.getZoomAroundAnchor,1,0,1
org.jfree.chart.editor.DefaultAxisEditor.getTickLabelInsets,1,0,1
org.jfree.chart.plot.XYPlot.drawZeroRangeBaseline,1,1,2
org.jfree.chart.urls.StandardPieURLGenerator.<init>,0,8,8
org.jfree.chart.servlet.ServletUtilities.searchReplace,8,0,8
org.jfree.chart.plot.CombinedRangeCategoryPlot.draw,5,21,26
org.jfree.chart.text.TextBlock.getLineAlignment,1,0,1
org.jfree.data.resources.DataPackageResources_ru.getContents,1,0,1
org.jfree.data.gantt.TaskSeries.removeAll,0,2,2
org.jfree.chart.plot.CategoryPlot.setDomainCrosshairStroke,0,2,2
org.jfree.chart.ui.FontChooserPanel.getSelectedStyle,7,0,7
org.jfree.chart.plot.Plot.isSubplot,1,0,1
org.jfree.chart.block.BlockBorder.getInsets,0,1,1
org.jfree.chart.title.PaintScaleLegend.setAxis,0,5,5
org.jfree.chart.axis.QuarterDateFormat.parse,1,0,1
org.jfree.chart.renderer.category.LineAndShapeRenderer.getDefaultShapesVisible,0,1,1
org.jfree.data.statistics.Regression.calculateSubMatrix,26,0,26
org.jfree.chart.entity.StandardEntityCollection.getEntity,7,0,7
org.jfree.chart.plot.XYPlot.setFixedLegendItems,0,2,2
org.jfree.chart.renderer.xy.XYAreaRenderer.getGradientTransformer,1,0,1
org.jfree.data.xml.DatasetReader.readPieDatasetFromXML,12,0,12
org.jfree.chart.plot.PiePlot.getExplodePercent,0,6,6
org.jfree.chart.plot.Plot.getOutlinePaint,1,0,1
org.jfree.chart.title.PaintScaleLegend.getBackgroundPaint,1,0,1
org.jfree.data.xy.CategoryTableXYDataset.getItemCount,0,2,2
org.jfree.chart.renderer.xy.StandardXYBarPainter.hashCode,0,2,2
