class,missed_stmt,covered_stmt,total_stmts
org.apache.commons.lang3.time.FormatCache,46,0,46
org.apache.commons.lang3.tuple.MutableTriple,0,12,12
org.apache.commons.lang3.concurrent.ConcurrentUtils,44,0,44
org.apache.commons.lang3.text.translate.UnicodeUnpairedSurrogateRemover,0,3,3
org.apache.commons.lang3.reflect.TypeLiteral,4,7,11
org.apache.commons.lang3.text.translate.UnicodeEscaper,2,20,22
org.apache.commons.lang3.StringUtils,3,1685,1688
org.apache.commons.lang3.exception.DefaultExceptionContext,0,47,47
org.apache.commons.lang3.CharSet,0,47,47
org.apache.commons.lang3.ClassUtils,11,319,330
org.apache.commons.lang3.tuple.Pair,0,13,13
org.apache.commons.lang3.concurrent.BackgroundInitializer,34,0,34
org.apache.commons.lang3.time.FastDatePrinter,392,0,392
org.apache.commons.lang3.builder.IDKey,2,7,9
org.apache.commons.lang3.concurrent.ConcurrentException,3,0,3
org.apache.commons.lang3.CharEncoding,0,5,5
org.apache.commons.lang3.mutable.MutableLong,0,47,47
org.apache.commons.lang3.text.translate.AggregateTranslator,0,6,6
org.apache.commons.lang3.event.EventUtils,1,15,16
org.apache.commons.lang3.builder.HashCodeBuilder,3,130,133
org.apache.commons.lang3.StringEscapeUtils,0,35,35
org.apache.commons.lang3.text.FormattableUtils,2,13,15
org.apache.commons.lang3.tuple.Triple,0,11,11
org.apache.commons.lang3.text.translate.OctalUnescaper,0,16,16
org.apache.commons.lang3.concurrent.TimedSemaphore,52,0,52
org.apache.commons.lang3.text.ExtendedMessageFormat,22,160,182
org.apache.commons.lang3.JavaVersion,5,40,45
org.apache.commons.lang3.concurrent.CircuitBreakingException,4,0,4
org.apache.commons.lang3.time.StopWatch,66,0,66
org.apache.commons.lang3.text.translate.UnicodeUnescaper,0,15,15
org.apache.commons.lang3.concurrent.LazyInitializer,7,0,7
org.apache.commons.lang3.concurrent.Computable,0,0,0
org.apache.commons.lang3.concurrent.EventCountCircuitBreaker,56,0,56
org.apache.commons.lang3.text.translate.NumericEntityEscaper,0,17,17
org.apache.commons.lang3.AnnotationUtils,11,110,121
org.apache.commons.lang3.mutable.Mutable,0,0,0
org.apache.commons.lang3.math.Fraction,5,245,250
org.apache.commons.lang3.text.CompositeFormat,0,7,7
org.apache.commons.lang3.exception.ExceptionUtils,10,130,140
org.apache.commons.lang3.RandomUtils,0,30,30
org.apache.commons.lang3.builder.Diffable,0,0,0
org.apache.commons.lang3.builder.ReflectionDiffBuilder,1,16,17
org.apache.commons.lang3.text.translate.CodePointTranslator,0,3,3
org.apache.commons.lang3.BooleanUtils,0,201,201
org.apache.commons.lang3.SerializationUtils,19,26,45
org.apache.commons.lang3.builder.HashCodeExclude,0,0,0
org.apache.commons.lang3.BitField,0,19,19
org.apache.commons.lang3.builder.StandardToStringStyle,29,12,41
org.apache.commons.lang3.arch.Processor,0,9,9
org.apache.commons.lang3.reflect.InheritanceUtils,0,11,11
org.apache.commons.lang3.builder.RecursiveToStringStyle,0,8,8
org.apache.commons.lang3.EnumUtils,0,61,61
org.apache.commons.lang3.reflect.FieldUtils,0,124,124
org.apache.commons.lang3.mutable.MutableByte,0,48,48
org.apache.commons.lang3.builder.EqualsBuilder,27,241,268
org.apache.commons.lang3.reflect.TypeUtils,199,299,498
org.apache.commons.lang3.text.FormatFactory,0,0,0
org.apache.commons.lang3.tuple.ImmutableTriple,0,9,9
org.apache.commons.lang3.builder.ReflectionToStringBuilder,7,74,81
org.apache.commons.lang3.SystemUtils,2,30,32
org.apache.commons.lang3.text.translate.CharSequenceTranslator,1,31,32
org.apache.commons.lang3.time.DateUtils,322,0,322
org.apache.commons.lang3.text.translate.NumericEntityUnescaper,0,36,36
org.apache.commons.lang3.Validate,4,115,119
org.apache.commons.lang3.exception.ContextedRuntimeException,0,23,23
org.apache.commons.lang3.time.DurationFormatUtils,240,0,240
org.apache.commons.lang3.SerializationException,4,0,4
org.apache.commons.lang3.reflect.Typed,0,0,0
org.apache.commons.lang3.exception.CloneFailedException,0,3,3
org.apache.commons.lang3.time.FastDateParser,298,0,298
org.apache.commons.lang3.reflect.ConstructorUtils,2,48,50
org.apache.commons.lang3.concurrent.AtomicInitializer,6,0,6
org.apache.commons.lang3.mutable.MutableInt,0,47,47
org.apache.commons.lang3.CharRange,0,69,69
org.apache.commons.lang3.time.DateParser,0,0,0
org.apache.commons.lang3.concurrent.ThresholdCircuitBreaker,13,0,13
org.apache.commons.lang3.concurrent.CircuitBreaker,0,0,0
org.apache.commons.lang3.reflect.MemberUtils,3,79,82
org.apache.commons.lang3.tuple.MutablePair,0,12,12
org.apache.commons.lang3.math.IEEE754rUtils,0,48,48
org.apache.commons.lang3.builder.EqualsExclude,0,0,0
org.apache.commons.lang3.text.StrSubstitutor,7,236,243
org.apache.commons.lang3.mutable.MutableObject,0,15,15
org.apache.commons.lang3.concurrent.CallableBackgroundInitializer,7,0,7
org.apache.commons.lang3.builder.MultilineRecursiveToStringStyle,15,54,69
org.apache.commons.lang3.Conversion,32,497,529
org.apache.commons.lang3.concurrent.BasicThreadFactory,47,0,47
org.apache.commons.lang3.concurrent.ConstantInitializer,11,0,11
org.apache.commons.lang3.builder.Diff,0,6,6
org.apache.commons.lang3.ClassPathUtils,0,13,13
org.apache.commons.lang3.ThreadUtils,70,0,70
org.apache.commons.lang3.builder.ToStringBuilder,3,122,125
org.apache.commons.lang3.concurrent.AbstractCircuitBreaker,12,0,12
org.apache.commons.lang3.time.DatePrinter,0,0,0
org.apache.commons.lang3.RandomStringUtils,0,65,65
org.apache.commons.lang3.builder.DiffResult,0,22,22
org.apache.commons.lang3.mutable.MutableBoolean,0,20,20
org.apache.commons.lang3.text.StrBuilder,19,769,788
org.apache.commons.lang3.NotImplementedException,0,10,10
org.apache.commons.lang3.text.StrTokenizer,12,208,220
org.apache.commons.lang3.exception.ContextedException,0,23,23
org.apache.commons.lang3.mutable.MutableFloat,0,47,47
org.apache.commons.lang3.text.translate.JavaUnicodeEscaper,3,4,7
org.apache.commons.lang3.text.WordUtils,0,132,132
org.apache.commons.lang3.CharSetUtils,0,60,60
org.apache.commons.lang3.concurrent.Memoizer,24,0,24
org.apache.commons.lang3.reflect.MethodUtils,13,213,226
org.apache.commons.lang3.builder.ToStringStyle,66,415,481
org.apache.commons.lang3.concurrent.MultiBackgroundInitializer,43,0,43
org.apache.commons.lang3.ArrayUtils,30,1933,1963
org.apache.commons.lang3.builder.ToStringExclude,0,0,0
org.apache.commons.lang3.ArchUtils,3,25,28
org.apache.commons.lang3.CharSequenceUtils,3,67,70
org.apache.commons.lang3.CharUtils,0,53,53
org.apache.commons.lang3.text.StrMatcher,1,45,46
org.apache.commons.lang3.LocaleUtils,0,88,88
org.apache.commons.lang3.mutable.MutableDouble,0,48,48
org.apache.commons.lang3.ObjectUtils,3,128,131
org.apache.commons.lang3.text.StrLookup,0,15,15
org.apache.commons.lang3.mutable.MutableShort,0,48,48
org.apache.commons.lang3.exception.ExceptionContext,0,0,0
org.apache.commons.lang3.text.translate.EntityArrays,0,15,15
org.apache.commons.lang3.Range,1,76,77
org.apache.commons.lang3.builder.DiffBuilder,1,185,186
org.apache.commons.lang3.concurrent.ConcurrentRuntimeException,3,0,3
org.apache.commons.lang3.builder.CompareToBuilder,21,229,250
org.apache.commons.lang3.time.FastDateFormat,46,0,46
org.apache.commons.lang3.tuple.ImmutablePair,1,7,8
org.apache.commons.lang3.event.EventListenerSupport,13,25,38
org.apache.commons.lang3.concurrent.AtomicSafeInitializer,5,0,5
org.apache.commons.lang3.text.translate.LookupTranslator,0,26,26
org.apache.commons.lang3.builder.Builder,0,0,0
org.apache.commons.lang3.math.NumberUtils,8,393,401
org.apache.commons.lang3.time.DateFormatUtils,19,0,19
org.apache.commons.lang3.concurrent.ConcurrentInitializer,0,0,0
