method,missed_stmt,covered_stmt,total_stmts
com.thoughtworks.xstream.mapper.PackageAliasingMapper.<init>,0,1,1
com.thoughtworks.xstream.io.json.JsonWriter.startArray,0,4,4
com.thoughtworks.xstream.converters.reflection.FieldDictionary.fieldsFor,0,1,1
com.thoughtworks.xstream.core.util.Base64Encoder.decode,1,10,11
com.thoughtworks.xstream.core.ReferenceByIdMarshaller.fireValidReference,0,3,3
com.thoughtworks.xstream.io.xml.XppDomReader.reassignCurrentElement,0,1,1
com.thoughtworks.xstream.security.ArrayTypePermission.equals,0,1,1
com.thoughtworks.xstream.converters.reflection.FieldDictionary.readResolve,0,2,2
com.thoughtworks.xstream.core.util.XmlHeaderAwareReader.mark,1,0,1
com.thoughtworks.xstream.io.json.JsonWriter.writeNewLine,0,5,5
com.thoughtworks.xstream.mapper.DefaultMapper.serializedMember,0,1,1
com.thoughtworks.xstream.converters.reflection.SerializableConverter.flush,1,0,1
com.thoughtworks.xstream.converters.basic.StringBufferConverter.canConvert,0,1,1
com.thoughtworks.xstream.converters.reflection.SerializationMethodInvoker.supportsWriteObject,1,0,1
com.thoughtworks.xstream.io.xml.XppReader.<init>,2,14,16
com.thoughtworks.xstream.core.JVM.loadClassForName,0,6,6
com.thoughtworks.xstream.converters.reflection.ObjectAccessException.<init>,1,1,2
com.thoughtworks.xstream.converters.extended.ThrowableConverter.marshal,0,6,6
com.thoughtworks.xstream.io.naming.NameCoderWrapper.decodeNode,1,0,1
com.thoughtworks.xstream.converters.ConverterRegistry.null,0,0,0
com.thoughtworks.xstream.io.xml.StaxWriter.setValue,1,2,3
com.thoughtworks.xstream.io.xml.DomReader.getAttributeCount,0,1,1
com.thoughtworks.xstream.core.util.CustomObjectOutputStream.flush,0,1,1
com.thoughtworks.xstream.XStream.aliasSystemAttribute,1,2,3
com.thoughtworks.xstream.converters.reflection.Sun14ReflectionProvider.<init>,2,0,2
com.thoughtworks.xstream.io.xml.xppdom.XppDom.getAttribute,0,1,1
com.thoughtworks.xstream.io.path.PathTrackingWriter.<init>,0,3,3
com.thoughtworks.xstream.converters.reflection.ReflectionConverter.<init>,2,1,3
com.thoughtworks.xstream.io.xml.TraxSource.createXMLReader,8,3,11
com.thoughtworks.xstream.core.util.CustomObjectOutputStream.pushCallback,0,1,1
com.thoughtworks.xstream.converters.reflection.ReflectionProviderWrapper.getField,0,1,1
com.thoughtworks.xstream.converters.collections.AbstractCollectionConverter.writeNullItem,0,3,3
com.thoughtworks.xstream.io.ReaderWrapper.getValue,0,1,1
com.thoughtworks.xstream.io.binary.BinaryStreamReader.put,0,1,1
com.thoughtworks.xstream.io.xml.Dom4JDriver.getOutputFormat,1,0,1
com.thoughtworks.xstream.XStreamer.fromXML,16,16,32
com.thoughtworks.xstream.io.binary.BinaryStreamWriter.close,3,0,3
com.thoughtworks.xstream.mapper.DefaultMapper.getFieldNameForItemTypeAndName,1,0,1
com.thoughtworks.xstream.converters.extended.JavaClassConverter.toString,0,1,1
com.thoughtworks.xstream.converters.reflection.CGLIBEnhancedConverter.readCallback,5,0,5
com.thoughtworks.xstream.io.xml.JDom2Reader.getParent,0,1,1
com.thoughtworks.xstream.converters.extended.ToAttributedValueConverter.unmarshal,22,43,65
com.thoughtworks.xstream.core.util.CustomObjectInputStream.mark,1,0,1
com.thoughtworks.xstream.persistence.AbstractFilePersistenceStrategy.containsKey,0,2,2
com.thoughtworks.xstream.converters.extended.SubjectConverter.marshalReadOnly,0,3,3
com.thoughtworks.xstream.converters.basic.BooleanConverter.canConvert,0,1,1
com.thoughtworks.xstream.core.util.ObjectIdDictionary.get,1,0,1
com.thoughtworks.xstream.converters.reflection.CGLIBEnhancedConverter.getCallbacks,22,0,22
com.thoughtworks.xstream.XStream.setMode,2,19,21
com.thoughtworks.xstream.converters.time.ZonedDateTimeConverter.canConvert,1,0,1
com.thoughtworks.xstream.converters.collections.MapConverter.<init>,1,4,5
com.thoughtworks.xstream.core.util.PresortedSet.<init>,2,3,5
com.thoughtworks.xstream.mapper.ImplicitCollectionMapper.getOrCreateMapper,0,5,5
com.thoughtworks.xstream.persistence.AbstractFilePersistenceStrategy.getFile,0,1,1
com.thoughtworks.xstream.converters.extended.JavaClassConverter.fromString,1,2,3
com.thoughtworks.xstream.io.xml.StaxWriter.getQNameMap,0,1,1
com.thoughtworks.xstream.persistence.XmlArrayList.size,0,1,1
com.thoughtworks.xstream.io.json.AbstractJsonWriter.startNode,1,5,6
com.thoughtworks.xstream.core.util.CustomObjectInputStream.readShort,1,0,1
com.thoughtworks.xstream.io.StreamException.<init>,1,2,3
com.thoughtworks.xstream.converters.extended.ToAttributedValueConverter.canConvert,0,1,1
com.thoughtworks.xstream.core.util.WeakCache.<init>,0,2,2
com.thoughtworks.xstream.converters.reflection.PureJavaReflectionProvider.getFieldType,0,1,1
com.thoughtworks.xstream.io.xml.XStream11XmlFriendlyReplacer.unescapeName,1,0,1
com.thoughtworks.xstream.core.AbstractReferenceMarshaller.lookupReference,2,0,2
com.thoughtworks.xstream.mapper.DefaultMapper.lookupType,1,0,1
com.thoughtworks.xstream.converters.getSerializableProperties,0,6,6
com.thoughtworks.xstream.core.util.WeakCache.put,0,2,2
com.thoughtworks.xstream.io.binary.Token.EndNode,0,1,1
com.thoughtworks.xstream.mapper.ImplicitCollectionMapper.createNamedItemType,0,1,1
com.thoughtworks.xstream.mapper.ArrayMapper.arrayType,0,8,8
com.thoughtworks.xstream.converters.setGetterMethod,1,0,1
com.thoughtworks.xstream.XStream.allowTypesByRegExp,2,0,2
com.thoughtworks.xstream.converters.reflection.SerializationMethodInvoker.callReadResolve,1,0,1
com.thoughtworks.xstream.core.util.ThreadSafePropertyEditor.newInstance,4,3,7
com.thoughtworks.xstream.io.naming.NameCoderWrapper.<init>,1,0,1
com.thoughtworks.xstream.XStream.wrapMapper,0,1,1
com.thoughtworks.xstream.converters.extended.SqlDateConverter.canConvert,0,1,1
com.thoughtworks.xstream.io.StatefulWriter.startNodeCommon,0,6,6
com.thoughtworks.xstream.core.util.ObjectIdDictionary.size,0,2,2
com.thoughtworks.xstream.core.util.WeakCache.setValue,2,2,4
com.thoughtworks.xstream.io.xml.JDom2Reader.getChildCount,0,1,1
com.thoughtworks.xstream.mapper.OuterClassMapper.realMember,0,12,12
com.thoughtworks.xstream.core.util.TypedNull.getType,0,1,1
com.thoughtworks.xstream.converters.extended.FontConverter.<init>,2,3,5
com.thoughtworks.xstream.mapper.AttributeMapper.addAttributeFor,0,5,5
com.thoughtworks.xstream.core.util.FastField.equals,4,6,10
com.thoughtworks.xstream.core.AbstractReferenceMarshaller.currentPath,1,0,1
com.thoughtworks.xstream.converters.extended.SqlTimeConverter.fromString,0,1,1
com.thoughtworks.xstream.converters.reflection.SerializableConverter.isSerializable,0,6,6
com.thoughtworks.xstream.converters.extended.StackTraceElementConverter.<clinit>, line 37,3,9,12
com.thoughtworks.xstream.converters.enums.EnumConverter.unmarshal,5,5,10
com.thoughtworks.xstream.io.xml.XppReader.getAttribute,0,2,2
com.thoughtworks.xstream.io.binary.ReaderDepthState.setValue,0,1,1
com.thoughtworks.xstream.io.binary.Token.readId,2,9,11
com.thoughtworks.xstream.converters.collections.AbstractCollectionConverter.<init>,0,1,1
com.thoughtworks.xstream.io.json.JsonWriter.getLineIndenter,0,1,1
com.thoughtworks.xstream.core.util.Primitives.primitiveType,0,1,1
com.thoughtworks.xstream.converters.basic.DateConverter.fromString,3,9,12
com.thoughtworks.xstream.io.xml.AbstractPullReader.readEvent,0,7,7
com.thoughtworks.xstream.io.xml.XomDriver.<init>,5,3,8
com.thoughtworks.xstream.converters.basic.BigDecimalConverter.canConvert,0,1,1
com.thoughtworks.xstream.io.ReaderWrapper.getAttributeCount,1,0,1
com.thoughtworks.xstream.io.xml.Dom4JDriver.createReader,13,8,21
com.thoughtworks.xstream.core.util.CustomObjectOutputStream.writeObjectOverride,0,1,1
com.thoughtworks.xstream.converters.ErrorWritingException.getShortMessage,0,1,1
com.thoughtworks.xstream.core.util.ObjectIdDictionary.hashCode,0,2,2
com.thoughtworks.xstream.MarshallingStrategy.null,0,0,0
com.thoughtworks.xstream.core.util.WeakCache.size,0,5,5
com.thoughtworks.xstream.converters.extended.RegexPatternConverter.unmarshal,0,7,7
com.thoughtworks.xstream.io.xml.xppdom.Xpp3DomBuilder.build,5,0,5
com.thoughtworks.xstream.io.xml.SaxWriter.<init>,3,4,7
com.thoughtworks.xstream.persistence.AbstractFilePersistenceStrategy.getConverterLookup,0,1,1
com.thoughtworks.xstream.core.util.Fields.find,3,5,8
com.thoughtworks.xstream.annotations.XStreamContainedType.null,0,0,0
com.thoughtworks.xstream.core.util.SerializationMembers.callReadObject,4,5,9
com.thoughtworks.xstream.mapper.XmlFriendlyMapper.realClass,0,1,1
com.thoughtworks.xstream.mapper.EnumMapper.readResolve,0,3,3
com.thoughtworks.xstream.converters.collections.MapConverter.canConvert,0,3,3
com.thoughtworks.xstream.core.JVM.isVersion,1,3,4
com.thoughtworks.xstream.converters.basic.UUIDConverter.canConvert,0,1,1
com.thoughtworks.xstream.core.util.CustomObjectOutputStream.peekCallback,0,1,1
com.thoughtworks.xstream.io.xml.XmlFriendlyNameCoder.isXmlNameStartChar,0,1,1
com.thoughtworks.xstream.io.json.JsonWriter.endArray,0,2,2
com.thoughtworks.xstream.mapper.LocalConversionMapper.getConverterFromItemType,0,2,2
com.thoughtworks.xstream.core.JVM.<clinit>, line 74,5,35,40
com.thoughtworks.xstream.converters.extended.GregorianCalendarConverter.marshal,0,8,8
com.thoughtworks.xstream.converters.extended.ISO8601GregorianCalendarConverter.<init>,0,5,5
com.thoughtworks.xstream.mapper.ImmutableTypesMapper.isReferenceable,0,3,3
com.thoughtworks.xstream.converters.extended.LocaleConverter.fromString,0,14,14
com.thoughtworks.xstream.core.util.ThreadSafePropertyEditor.<init>,1,3,4
com.thoughtworks.xstream.core.util.FastField.toString,1,0,1
com.thoughtworks.xstream.converters.instantiateNewInstance,0,4,4
com.thoughtworks.xstream.core.util.ISO8601JavaTimeConverter.toString,5,0,5
com.thoughtworks.xstream.security.NoPermission.<init>,0,1,1
com.thoughtworks.xstream.persistence.XmlMap.size,1,1,2
com.thoughtworks.xstream.mapper.ImplicitCollectionMapper.hashCode,0,4,4
com.thoughtworks.xstream.io.AttributeNameIterator.next,0,1,1
com.thoughtworks.xstream.mapper.Mapper.null,0,0,0
com.thoughtworks.xstream.converters.enums.EnumSingleValueConverter.fromString,0,2,2
com.thoughtworks.xstream.converters.extended.NamedMapConverter.marshal,0,25,25
com.thoughtworks.xstream.converters.basic.ByteConverter.canConvert,0,1,1
com.thoughtworks.xstream.io.xml.SaxWriter.setFeature,3,0,3
com.thoughtworks.xstream.mapper.ImplicitCollectionMapper.getItemType,0,1,1
com.thoughtworks.xstream.mapper.PackageAliasingMapper.readObject,2,4,6
com.thoughtworks.xstream.converters.extended.NamedMapConverter.getSingleValueConverter,1,6,7
com.thoughtworks.xstream.converters.time.LocalTimeConverter.toString,4,0,4
com.thoughtworks.xstream.converters.reflection.AbstractReflectionConverter.marshallField,0,1,1
com.thoughtworks.xstream.converters.reflection.SunLimitedUnsafeReflectionProvider.validateFieldAccess,0,0,0
com.thoughtworks.xstream.converters.propertyDefinedInClass,0,1,1
com.thoughtworks.xstream.mapper.AnnotationMapper.processAnnotations,2,10,12
com.thoughtworks.xstream.core.AbstractReferenceUnmarshaller.convert,0,30,30
com.thoughtworks.xstream.io.xml.XmlFriendlyNameCoder.decodeNode,0,1,1
com.thoughtworks.xstream.io.xml.StaxReader.<init>,2,4,6
com.thoughtworks.xstream.converters.time.PeriodConverter.canConvert,1,0,1
com.thoughtworks.xstream.io.binary.ReaderDepthState.getAttributeName,1,3,4
com.thoughtworks.xstream.converters.time.SystemClockConverter.unmarshal,4,0,4
com.thoughtworks.xstream.mapper.DefaultMapper.<clinit>, line 32,0,3,3
com.thoughtworks.xstream.converters.time.LocalDateTimeConverter.<clinit>, line 33,1,0,1
com.thoughtworks.xstream.core.DefaultConverterLookup.flushCache,6,0,6
com.thoughtworks.xstream.core.util.CustomObjectInputStream.readFloat,1,0,1
com.thoughtworks.xstream.io.xml.StaxWriter.addAttribute,1,2,3
com.thoughtworks.xstream.io.ReaderWrapper.getNodeName,0,1,1
com.thoughtworks.xstream.converters.extended.CharsetConverter.toString,0,1,1
com.thoughtworks.xstream.persistence.AbstractFilePersistenceStrategy.getKey,0,1,1
com.thoughtworks.xstream.core.util.CustomObjectInputStream.resolveClass,4,0,4
com.thoughtworks.xstream.mapper.AnnotationMapper.processImplicitAnnotation,1,19,20
com.thoughtworks.xstream.core.util.PresortedSet.isEmpty,1,0,1
com.thoughtworks.xstream.io.xml.xppdom.XppFactory.buildDom,3,4,7
com.thoughtworks.xstream.io.xml.SaxWriter.endNode,1,7,8
com.thoughtworks.xstream.core.util.ThreadSafeSimpleDateFormat.newInstance,0,3,3
com.thoughtworks.xstream.converters.collections.BitSetConverter.marshal,0,10,10
com.thoughtworks.xstream.converters.basic.URLConverter.fromString,1,2,3
com.thoughtworks.xstream.io.binary.Token.getValue,0,1,1
com.thoughtworks.xstream.io.xml.StaxDriver.getOutputFactory,0,3,3
com.thoughtworks.xstream.converters.time.OffsetTimeConverter.canConvert,1,0,1
com.thoughtworks.xstream.converters.enums.EnumMapConverter.<init>,0,1,1
com.thoughtworks.xstream.io.xml.KXml2DomDriver.<init>,2,0,2
com.thoughtworks.xstream.persistence.AbstractFilePersistenceStrategy.get,0,1,1
com.thoughtworks.xstream.core.util.PresortedMap.isEmpty,1,0,1
com.thoughtworks.xstream.io.WriterWrapper.endNode,0,1,1
com.thoughtworks.xstream.core.util.CustomObjectOutputStream.getInstance,2,7,9
com.thoughtworks.xstream.converters.ErrorWritingException.addData,0,5,5
com.thoughtworks.xstream.io.naming.NoNameCoder.encodeAttribute,0,1,1
com.thoughtworks.xstream.core.util.CustomObjectOutputStream.defaultWriteObject,0,1,1
com.thoughtworks.xstream.mapper.FieldAliasingMapper.omitField,2,0,2
com.thoughtworks.xstream.converters.time.ValueRangeConverter.unmarshal,14,0,14
com.thoughtworks.xstream.io.binary.BinaryStreamReader.appendErrors,0,0,0
com.thoughtworks.xstream.core.JVM.supportsSwing,1,0,1
com.thoughtworks.xstream.io.xml.AbstractXmlReader.unescapeXmlName,0,1,1
com.thoughtworks.xstream.converters.time.DurationConverter.fromString,5,0,5
com.thoughtworks.xstream.converters.propertyWriteable,2,0,2
com.thoughtworks.xstream.mapper.CGLIBMapper.serializedClass,5,0,5
com.thoughtworks.xstream.io.xml.Dom4JDriver.close,1,2,3
com.thoughtworks.xstream.io.xml.XppReader.getAttributeCount,0,1,1
com.thoughtworks.xstream.core.util.CustomObjectOutputStream.writeDouble,1,0,1
com.thoughtworks.xstream.io.binary.Token.StartNode,0,3,3
com.thoughtworks.xstream.converters.extended.SubjectConverter.populateSet,0,7,7
com.thoughtworks.xstream.converters.collections.BitSetConverter.canConvert,0,1,1
com.thoughtworks.xstream.converters.reflection.ExternalizableConverter.readResolve,0,2,2
com.thoughtworks.xstream.io.binary.Token.equals,4,6,10
com.thoughtworks.xstream.mapper.DefaultMapper.aliasForSystemAttribute,0,1,1
com.thoughtworks.xstream.core.ReferencingMarshallingContext.null,0,0,0
com.thoughtworks.xstream.core.util.PresortedMap.lastKey,1,0,1
com.thoughtworks.xstream.security.ProxyTypePermission.hashCode,1,0,1
com.thoughtworks.xstream.converters.collections.AbstractCollectionConverter.createCollection,5,4,9
com.thoughtworks.xstream.XStream.writeToStream,0,1,1
com.thoughtworks.xstream.mapper.AbstractAttributeAliasingMapper.readResolve,2,3,5
com.thoughtworks.xstream.core.util.Base64JAXBCodec.decode,0,1,1
com.thoughtworks.xstream.converters.reflection.AbstractAttributedCharacterIteratorAttributeConverter.buildAttributeMap,9,14,23
com.thoughtworks.xstream.converters.reflection.PureJavaReflectionProvider.getFieldOrNull,0,1,1
com.thoughtworks.xstream.mapper.AnnotationMapper.defaultImplementationOf,0,6,6
com.thoughtworks.xstream.mapper.ElementIgnoringMapper.addElementsToIgnore,0,1,1
com.thoughtworks.xstream.core.util.CustomObjectInputStream.readUnsignedByte,0,1,1
com.thoughtworks.xstream.io.xml.XomDriver.createWriter,2,0,2
com.thoughtworks.xstream.io.xml.JDomReader.getChildCount,0,1,1
com.thoughtworks.xstream.core.util.CustomObjectInputStream.skip,1,0,1
com.thoughtworks.xstream.io.binary.Token.hashCode,5,0,5
com.thoughtworks.xstream.security.ExplicitTypePermission.allows,0,3,3
com.thoughtworks.xstream.converters.extended.EncodedByteArrayConverter.toString,0,1,1
com.thoughtworks.xstream.core.util.PresortedSet.comparator,0,1,1
com.thoughtworks.xstream.converters.extended.FontConverter.marshal,3,14,17
com.thoughtworks.xstream.io.xml.JDom2Writer.top,0,1,1
com.thoughtworks.xstream.io.xml.JDomWriter.<init>,6,5,11
com.thoughtworks.xstream.io.xml.DomWriter.addAttribute,0,1,1
com.thoughtworks.xstream.mapper.LocalConversionMapper.<init>,0,2,2
com.thoughtworks.xstream.converters.reflection.CGLIBEnhancedConverter.marshal,58,0,58
com.thoughtworks.xstream.mapper.ArrayMapper.realClass,0,13,13
com.thoughtworks.xstream.converters.collections.TreeSetConverter.marshal,0,3,3
com.thoughtworks.xstream.io.xml.XppDomReader.getParent,0,1,1
com.thoughtworks.xstream.core.JVM.getBase64Codec,0,1,1
com.thoughtworks.xstream.XStream.setupImmutableTypes,28,47,75
com.thoughtworks.xstream.mapper.XStream11XmlFriendlyMapper.realMember,0,1,1
com.thoughtworks.xstream.core.JVM.loadClass,2,0,2
com.thoughtworks.xstream.core.JVM.Test,1,0,1
com.thoughtworks.xstream.core.TreeUnmarshaller.keys,2,0,2
com.thoughtworks.xstream.mapper.SystemAttributeAliasingMapper.<init>,0,1,1
com.thoughtworks.xstream.XStream.useXStream11XmlFriendlyMapper,0,1,1
com.thoughtworks.xstream.persistence.FilePersistenceStrategy.isValid,0,1,1
com.thoughtworks.xstream.core.TreeUnmarshaller.get,0,2,2
com.thoughtworks.xstream.io.binary.BinaryStreamWriter.<init>,0,1,1
com.thoughtworks.xstream.io.xml.StaxDriver.close,10,0,10
com.thoughtworks.xstream.converters.reflection.PureJavaReflectionProvider.<init>,0,3,3
com.thoughtworks.xstream.converters.reflection.FieldKeySorter.null,0,0,0
com.thoughtworks.xstream.XStream.registerConverter,0,7,7
com.thoughtworks.xstream.converters.reflection.AbstractReflectionConverter.FieldLocation,0,2,2
com.thoughtworks.xstream.converters.basic.LongConverter.canConvert,0,1,1
com.thoughtworks.xstream.converters.extended.UseAttributeForEnumMapper.createEnumMapper,1,3,4
com.thoughtworks.xstream.io.xml.DomDriver.createWriter,3,1,4
com.thoughtworks.xstream.io.AbstractWriter.<init>,1,1,2
com.thoughtworks.xstream.persistence.XmlSet.size,0,1,1
com.thoughtworks.xstream.core.util.CustomObjectOutputStream.writeUTF,0,1,1
com.thoughtworks.xstream.mapper.AbstractXmlFriendlyMapper.<init>,0,1,1
com.thoughtworks.xstream.mapper.XStream11XmlFriendlyMapper.realClass,0,1,1
com.thoughtworks.xstream.io.ReaderWrapper.underlyingReader,0,1,1
com.thoughtworks.xstream.converters.collections.SingletonMapConverter.canConvert,0,1,1
com.thoughtworks.xstream.core.util.SerializationMembers.callWriteObject,4,5,9
com.thoughtworks.xstream.converters.reflection.SerializableConverter.marshalUnserializableParent,0,3,3
com.thoughtworks.xstream.core.util.PrioritizedList.remove,1,0,1
com.thoughtworks.xstream.mapper.FieldAliasingMapper.serializedMember,0,4,4
com.thoughtworks.xstream.mapper.AttributeMapper.setConverterLookup,1,0,1
com.thoughtworks.xstream.converters.get,5,0,5
com.thoughtworks.xstream.converters.extended.DurationConverter.canConvert,0,1,1
com.thoughtworks.xstream.converters.time.InstantConverter.canConvert,1,0,1
com.thoughtworks.xstream.io.xml.XmlFriendlyNameCoder.readResolve,0,3,3
com.thoughtworks.xstream.converters.reflection.SerializableConverter.defaultWriteObject,2,29,31
com.thoughtworks.xstream.io.naming.NameCoderWrapper.encodeNode,1,0,1
com.thoughtworks.xstream.core.AbstractReferenceMarshaller.put,0,1,1
com.thoughtworks.xstream.converters.reflection.FieldDictionary.getKeyedByFieldKey,0,1,1
com.thoughtworks.xstream.io.ReaderWrapper.appendErrors,0,1,1
com.thoughtworks.xstream.io.xml.XomReader.getNodeName,0,1,1
com.thoughtworks.xstream.converters.extended.ThrowableConverter.canConvert,0,1,1
com.thoughtworks.xstream.converters.enums.EnumToStringConverter.<init>,0,5,5
com.thoughtworks.xstream.converters.reflection.SerializationMethodInvoker.flushCache,1,0,1
com.thoughtworks.xstream.core.DefaultConverterLookup.lookupConverterForType,10,12,22
com.thoughtworks.xstream.core.util.WeakCache.entrySet,0,3,3
com.thoughtworks.xstream.converters.extended.EncodedByteArrayConverter.canConvert,0,1,1
com.thoughtworks.xstream.io.path.PathTrackingWriter.endNode,0,2,2
com.thoughtworks.xstream.core.util.Base64JavaUtilCodec.encode,1,0,1
com.thoughtworks.xstream.converters.extended.LocaleConverter.underscorePositions,0,5,5
com.thoughtworks.xstream.io.xml.XomDriver.createBuilder,0,2,2
com.thoughtworks.xstream.io.xml.XppDomReader.getChild,0,1,1
com.thoughtworks.xstream.mapper.AnnotationMapper.processConverterAnnotations,1,11,12
com.thoughtworks.xstream.converters.collections.TreeMapConverter.<init>,0,1,1
com.thoughtworks.xstream.core.util.ThreadSafeSimpleDateFormat.parse,0,4,4
com.thoughtworks.xstream.converters.extended.SubjectConverter.unmarshal,0,5,5
com.thoughtworks.xstream.io.xml.XomDriver.createReader,21,3,24
com.thoughtworks.xstream.annotations.AnnotationReflectionConverter.unmarshallField,0,6,6
com.thoughtworks.xstream.converters.time.ZonedDateTimeConverter.<clinit>, line 33,1,0,1
com.thoughtworks.xstream.converters.reflection.FieldDictionary.getKeyedByFieldName,0,1,1
com.thoughtworks.xstream.io.xml.SaxWriter.setErrorHandler,1,3,4
com.thoughtworks.xstream.io.xml.XomWriter.<init>,1,3,4
com.thoughtworks.xstream.converters.extended.FontConverter.canConvert,0,1,1
com.thoughtworks.xstream.core.util.CompositeClassLoader.addAll,0,4,4
com.thoughtworks.xstream.io.naming.StaticNameCoder.invertMap,5,0,5
com.thoughtworks.xstream.io.xml.AbstractDocumentWriter.flush,0,0,0
com.thoughtworks.xstream.XStream.ignoreUnknownElements,1,4,5
com.thoughtworks.xstream.security.RegExpTypePermission.getPatterns,1,5,6
com.thoughtworks.xstream.core.AbstractReferenceMarshaller.convert,0,14,14
com.thoughtworks.xstream.converters.extended.SubjectConverter.<init>,0,1,1
com.thoughtworks.xstream.converters.collections.PropertiesConverter.unmarshal,0,15,15
com.thoughtworks.xstream.converters.time.JapaneseEraConverter.canConvert,1,0,1
com.thoughtworks.xstream.core.AbstractReferenceMarshaller.getItem,0,1,1
com.thoughtworks.xstream.io.path.Path.apply,0,13,13
com.thoughtworks.xstream.core.util.Primitives.<clinit>, line 28,0,9,9
com.thoughtworks.xstream.core.util.PrioritizedList.iterator,0,1,1
com.thoughtworks.xstream.converters.extended.PropertyEditorCapableConverter.<init>,0,2,2
com.thoughtworks.xstream.io.xml.SaxWriter.close,0,0,0
com.thoughtworks.xstream.security.ExplicitTypePermission.getNames,1,5,6
com.thoughtworks.xstream.converters.collections.AbstractCollectionConverter.writeItem,0,6,6
com.thoughtworks.xstream.converters.time.LocalTimeConverter.fromString,5,0,5
com.thoughtworks.xstream.converters.reflection.ReflectionProviderWrapper.newInstance,0,1,1
com.thoughtworks.xstream.converters.reflection.CGLIBEnhancedConverter.create,4,0,4
com.thoughtworks.xstream.converters.extended.SqlTimestampConverter.fromString,3,10,13
com.thoughtworks.xstream.core.ClassLoaderReference.getReference,0,1,1
com.thoughtworks.xstream.core.TreeMarshaller.get,0,2,2
com.thoughtworks.xstream.io.xml.AbstractPullReader.getNodeName,0,1,1
com.thoughtworks.xstream.core.util.CustomObjectInputStream.reset,1,0,1
com.thoughtworks.xstream.security.RegExpTypePermission.<init>,0,2,2
com.thoughtworks.xstream.core.util.CustomObjectInputStream.readInt,0,1,1
com.thoughtworks.xstream.converters.reflection.FieldKey.getOrder,0,1,1
com.thoughtworks.xstream.converters.collections.CharArrayConverter.marshal,0,2,2
com.thoughtworks.xstream.converters.basic.URIConverter.canConvert,0,1,1
com.thoughtworks.xstream.io.binary.Token.getId,0,1,1
com.thoughtworks.xstream.core.MapBackedDataHolder.get,0,1,1
com.thoughtworks.xstream.io.json.JettisonStaxWriter.endNode,0,8,8
com.thoughtworks.xstream.core.util.SerializationMembers.getRRMethod,0,12,12
com.thoughtworks.xstream.core.JVM.compare,9,36,45
com.thoughtworks.xstream.core.util.ClassLoaderReference.loadClass,1,0,1
com.thoughtworks.xstream.io.xml.TraxSource.configureXMLReader,0,7,7
com.thoughtworks.xstream.mapper.DynamicProxyMapper.getAlias,1,0,1
com.thoughtworks.xstream.converters.extended.FontConverter.unmarshal,4,21,25
com.thoughtworks.xstream.converters.time.ChronologyConverter.toString,1,0,1
com.thoughtworks.xstream.converters.extended.PathConverter.toString,7,0,7
com.thoughtworks.xstream.converters.extended.StackTraceElementFactory.unknownSourceElement,0,1,1
com.thoughtworks.xstream.io.path.Path.<init>,0,12,12
com.thoughtworks.xstream.core.util.XmlHeaderAwareReader.read,2,1,3
com.thoughtworks.xstream.core.util.CustomObjectOutputStream.writeLong,0,1,1
com.thoughtworks.xstream.converters.visitSerializableProperties,5,12,17
com.thoughtworks.xstream.io.binary.BinaryStreamWriter.endNode,0,1,1
com.thoughtworks.xstream.XStream.allowTypes,0,2,2
com.thoughtworks.xstream.io.xml.Dom4JReader.getAttribute,0,2,2
com.thoughtworks.xstream.io.xml.AbstractXppDomDriver.<init>,0,1,1
com.thoughtworks.xstream.io.ExtendedHierarchicalStreamWriter.null,0,0,0
com.thoughtworks.xstream.io.xml.AbstractDocumentWriter.getTopLevelNodes,0,1,1
com.thoughtworks.xstream.core.util.CustomObjectOutputStream.writeBoolean,1,0,1
com.thoughtworks.xstream.io.binary.ReaderDepthState.getName,0,1,1
com.thoughtworks.xstream.core.util.CustomObjectInputStream.readLine,1,0,1
com.thoughtworks.xstream.core.util.XmlHeaderAwareReader.close,0,1,1
com.thoughtworks.xstream.converters.SingleValueConverterWrapper.toString,0,1,1
com.thoughtworks.xstream.security.NullPermission.allows,0,1,1
com.thoughtworks.xstream.converters.enums.EnumConverter.canConvert,0,1,1
com.thoughtworks.xstream.core.util.CustomObjectInputStream.close,0,1,1
com.thoughtworks.xstream.io.path.Path.isAncestor,0,6,6
com.thoughtworks.xstream.io.xml.xppdom.Xpp3Dom.<init>,0,1,1
com.thoughtworks.xstream.converters.extended.NamedCollectionConverter.writeItem,0,9,9
com.thoughtworks.xstream.io.xml.AbstractPullReader.getValue,0,20,20
com.thoughtworks.xstream.converters.reflection.AbstractReflectionConverter.FieldInfo,0,3,3
com.thoughtworks.xstream.mapper.AnnotationMapper.cacheConverter,1,47,48
com.thoughtworks.xstream.converters.reflection.SerializableConverter.defaultReadObject,2,19,21
com.thoughtworks.xstream.converters.ErrorWritingException.get,0,1,1
com.thoughtworks.xstream.io.json.JsonHierarchicalStreamDriver.createReader,2,2,4
com.thoughtworks.xstream.io.xml.TraxSource.setSourceAsList,0,4,4
com.thoughtworks.xstream.core.MapBackedDataHolder.keys,1,0,1
com.thoughtworks.xstream.core.ReferenceByXPathMarshaller.<init>,0,2,2
com.thoughtworks.xstream.io.xml.StaxDriver.createStaxWriter,0,2,2
com.thoughtworks.xstream.converters.reflection.SerializableConverter.close,7,49,56
com.thoughtworks.xstream.converters.getType,1,0,1
com.thoughtworks.xstream.io.xml.XmlFriendlyNameCoder.createCacheMap,0,1,1
com.thoughtworks.xstream.converters.reflection.CGLIBEnhancedConverter.canConvert,1,0,1
com.thoughtworks.xstream.converters.enums.EnumSetConverter.joinEnumValues,0,9,9
com.thoughtworks.xstream.io.xml.XppDomWriter.<init>,4,2,6
com.thoughtworks.xstream.converters.buildMap,3,13,16
com.thoughtworks.xstream.io.xml.StaxReader.pullText,0,1,1
com.thoughtworks.xstream.io.xml.XppDomReader.getNodeName,0,1,1
com.thoughtworks.xstream.converters.reflection.PureJavaReflectionProvider.fieldDefinedInClass,2,0,2
com.thoughtworks.xstream.io.xml.KXml2Driver.<init>,1,1,2
com.thoughtworks.xstream.io.xml.xppdom.XppFactory.createDefaultParser,0,2,2
com.thoughtworks.xstream.converters.SingleValueConverterWrapper.canConvert,0,1,1
com.thoughtworks.xstream.io.json.AbstractJsonWriter.getState,12,0,12
com.thoughtworks.xstream.io.xml.DocumentReader.null,0,0,0
com.thoughtworks.xstream.converters.extended.PropertyEditorCapableConverter.canConvert,0,1,1
com.thoughtworks.xstream.core.SequenceGenerator.next,0,1,1
com.thoughtworks.xstream.core.util.PresortedSet.removeAll,1,0,1
com.thoughtworks.xstream.converters.time.ThaiBuddhistDateConverter.canConvert,1,0,1
com.thoughtworks.xstream.XStream.flush,0,1,1
com.thoughtworks.xstream.converters.reflection.SerializableConverter.registerValidation,0,1,1
com.thoughtworks.xstream.core.ReferenceByXPathUnmarshaller.getReferenceKey,0,2,2
com.thoughtworks.xstream.converters.property,7,0,7
com.thoughtworks.xstream.io.xml.XppDomReader.getChildCount,0,1,1
com.thoughtworks.xstream.io.WriterWrapper.startNode,0,2,2
com.thoughtworks.xstream.annotations.XStreamConverters.null,0,0,0
com.thoughtworks.xstream.converters.collections.MapConverter.marshal,0,8,8
com.thoughtworks.xstream.mapper.XmlFriendlyMapper.serializedMember,1,0,1
com.thoughtworks.xstream.converters.extended.ISO8601SqlTimestampConverter.canConvert,0,1,1
com.thoughtworks.xstream.core.util.PresortedMap.entrySet,0,1,1
com.thoughtworks.xstream.core.util.ISO8601JodaTimeConverter.fromString,3,16,19
com.thoughtworks.xstream.converters.extended.NamedCollectionConverter.readBareItem,0,5,5
com.thoughtworks.xstream.mapper.LocalConversionMapper.getLocalConverter,0,1,1
com.thoughtworks.xstream.converters.ConversionException.<init>,0,3,3
com.thoughtworks.xstream.XStream.getReflectionProvider,0,1,1
com.thoughtworks.xstream.io.binary.Token.writeTo,0,6,6
com.thoughtworks.xstream.core.JVM.getStaxOutputFactory,5,0,5
com.thoughtworks.xstream.io.xml.Dom4JReader.peekNextChild,4,0,4
com.thoughtworks.xstream.converters.basic.StringBuilderConverter.canConvert,0,1,1
com.thoughtworks.xstream.converters.reflection.SerializableConverter.readFromStream,0,5,5
com.thoughtworks.xstream.mapper.AnnotationMapper.processAliasTypeAnnotation,1,4,5
com.thoughtworks.xstream.converters.collections.TreeSetConverter.readResolve,0,1,1
com.thoughtworks.xstream.core.util.XmlHeaderAwareReader.<init>,0,4,4
com.thoughtworks.xstream.io.xml.TraxSource.setSource,3,2,5
com.thoughtworks.xstream.converters.time.ChronologyConverter.fromString,7,0,7
com.thoughtworks.xstream.io.xml.JDom2Reader.peekNextChild,4,0,4
com.thoughtworks.xstream.io.binary.BinaryStreamWriter.underlyingWriter,0,1,1
com.thoughtworks.xstream.converters.canStreamProperty,0,1,1
com.thoughtworks.xstream.core.ReferenceByIdMarshallingStrategy.createUnmarshallingContext,0,1,1
com.thoughtworks.xstream.io.xml.XomWriter.setValue,0,1,1
com.thoughtworks.xstream.core.util.PresortedMap.get,1,0,1
com.thoughtworks.xstream.mapper.ImplicitCollectionMapper.getFieldName,0,1,1
com.thoughtworks.xstream.XStream.autodetectAnnotations,0,2,2
com.thoughtworks.xstream.converters.extended.UseAttributeForEnumMapper.getConverterFromItemType,0,1,1
com.thoughtworks.xstream.converters.reflection.FieldDictionary.init,2,5,7
com.thoughtworks.xstream.mapper.MapperWrapper.serializedMember,0,1,1
com.thoughtworks.xstream.mapper.MapperWrapper.aliasForSystemAttribute,0,1,1
com.thoughtworks.xstream.core.util.CustomObjectInputStream.readFully,0,3,3
com.thoughtworks.xstream.mapper.ElementIgnoringMapper.shouldSerializeMember,0,5,5
com.thoughtworks.xstream.core.util.PrioritizedList.compareTo,0,4,4
com.thoughtworks.xstream.converters.reflection.SerializableConverter.writeToStream,0,6,6
com.thoughtworks.xstream.io.xml.JDom2Reader.getNodeName,0,1,1
com.thoughtworks.xstream.converters.reflection.AbstractReflectionConverter.readDeclaringClass,0,3,3
com.thoughtworks.xstream.converters.reflection.LambdaConverter.canConvert,1,0,1
com.thoughtworks.xstream.io.xml.SaxWriter.setProperty,2,10,12
com.thoughtworks.xstream.converters.collections.AbstractCollectionConverter.writeCompleteItem,0,1,1
com.thoughtworks.xstream.io.json.JettisonStaxWriter.startNode,5,11,16
com.thoughtworks.xstream.core.util.SelfStreamingInstanceChecker.<init>,3,2,5
com.thoughtworks.xstream.converters.reflection.ReflectionProviderWrapper.writeField,0,1,1
com.thoughtworks.xstream.io.xml.StaxReader.getAttributeName,0,1,1
com.thoughtworks.xstream.converters.extended.GregorianCalendarConverter.canConvert,0,1,1
com.thoughtworks.xstream.converters.extended.NamedMapConverter.<init>,2,27,29
com.thoughtworks.xstream.converters.extended.DynamicProxyConverter.invoke,1,0,1
com.thoughtworks.xstream.io.ReaderWrapper.<init>,0,1,1
com.thoughtworks.xstream.io.xml.Dom4JXmlWriter.endNode,2,11,13
com.thoughtworks.xstream.io.json.AbstractJsonWriter.getType,0,1,1
com.thoughtworks.xstream.io.naming.NameCoderWrapper.decodeAttribute,1,0,1
com.thoughtworks.xstream.converters.reflection.FieldKey.getDeclaringClass,1,0,1
com.thoughtworks.xstream.converters.basic.DateConverter.<init>,0,14,14
com.thoughtworks.xstream.io.xml.StaxDriver.createWriter,4,2,6
com.thoughtworks.xstream.converters.collections.MapConverter.createCollection,0,1,1
com.thoughtworks.xstream.converters.collections.SingletonCollectionConverter.unmarshal,0,2,2
com.thoughtworks.xstream.core.util.CustomObjectOutputStream.writeFields,0,2,2
com.thoughtworks.xstream.XStream.addDefaultImplementation,1,2,3
com.thoughtworks.xstream.io.ReaderWrapper.moveUp,0,1,1
com.thoughtworks.xstream.io.binary.BinaryStreamWriter.flush,3,0,3
com.thoughtworks.xstream.converters.reflection.SerializableConverter.visit,0,2,2
com.thoughtworks.xstream.mapper.DefaultMapper.lookupMapperOfType,0,1,1
com.thoughtworks.xstream.core.util.ClassLoaderReference.getReference,1,0,1
com.thoughtworks.xstream.core.SequenceGenerator.<init>,0,1,1
com.thoughtworks.xstream.converters.reflection.AbstractReflectionConverter.get,1,0,1
com.thoughtworks.xstream.mapper.AnnotationMapper.processLocalConverterAnnotation,1,6,7
com.thoughtworks.xstream.io.xml.XomReader.reassignCurrentElement,0,1,1
com.thoughtworks.xstream.converters.reflection.FieldDictionary.serializableFieldsFor,1,0,1
com.thoughtworks.xstream.converters.extended.PropertyEditorCapableConverter.toString,0,1,1
com.thoughtworks.xstream.mapper.DynamicProxyMapper.setAlias,1,0,1
com.thoughtworks.xstream.io.xml.XppDomWriter.top,0,1,1
com.thoughtworks.xstream.mapper.OuterClassMapper.getInnerFieldNames,0,13,13
com.thoughtworks.xstream.converters.extended.FileConverter.toString,0,1,1
com.thoughtworks.xstream.mapper.MapperWrapper.realClass,0,1,1
com.thoughtworks.xstream.io.xml.AbstractPullReader.mark,0,1,1
com.thoughtworks.xstream.converters.basic.IntConverter.canConvert,0,1,1
com.thoughtworks.xstream.io.binary.BinaryStreamWriter.getId,0,6,6
com.thoughtworks.xstream.io.json.JettisonMappedXmlDriver.<init>,0,7,7
com.thoughtworks.xstream.io.xml.JDomReader.getAttributeCount,0,1,1
com.thoughtworks.xstream.converters.basic.StringConverter.canConvert,0,1,1
com.thoughtworks.xstream.converters.reflection.ReflectionProviderWrapper.<init>,0,1,1
com.thoughtworks.xstream.io.xml.AbstractXppDomDriver.createReader,5,5,10
com.thoughtworks.xstream.io.xml.JDom2Driver.createReader,19,5,24
com.thoughtworks.xstream.converters.extended.NamedArrayConverter.<init>,1,4,5
com.thoughtworks.xstream.io.naming.StaticNameCoder.readResolve,5,0,5
com.thoughtworks.xstream.core.TreeMarshaller.getMapper,0,1,1
com.thoughtworks.xstream.core.util.ThreadSafePropertyEditor.fetchFromPool,0,2,2
com.thoughtworks.xstream.converters.basic.NullConverter.unmarshal,0,1,1
com.thoughtworks.xstream.converters.reflection.AbstractReflectionConverter.UnknownFieldException,0,2,2
com.thoughtworks.xstream.io.path.Path.depthOfPathDivergence,0,5,5
com.thoughtworks.xstream.converters.time.HijrahDateConverter.fromString,1,0,1
com.thoughtworks.xstream.core.util.WeakCache.visit,0,10,10
com.thoughtworks.xstream.core.JVM.newReflectionProvider,1,1,2
com.thoughtworks.xstream.io.json.AbstractJsonWriter.handleCheckedStateTransition,1,4,5
com.thoughtworks.xstream.core.util.CustomObjectInputStream.readByte,1,0,1
com.thoughtworks.xstream.converters.time.MinguoDateConverter.canConvert,1,0,1
com.thoughtworks.xstream.mapper.EnumMapper.serializedClass,0,7,7
com.thoughtworks.xstream.core.util.XmlHeaderAwareReader.getEncoding,0,1,1
com.thoughtworks.xstream.persistence.XmlArrayList.<init>,0,1,1
com.thoughtworks.xstream.security.CGLIBProxyTypePermission.equals,1,0,1
com.thoughtworks.xstream.converters.reflection.ImmutableFieldKeySorter.sort,0,1,1
com.thoughtworks.xstream.core.util.ThreadSafeSimpleDateFormat.fetchFromPool,0,5,5
com.thoughtworks.xstream.core.util.WeakCache.getKey,0,1,1
com.thoughtworks.xstream.mapper.CannotResolveClassException.<init>,1,1,2
com.thoughtworks.xstream.mapper.OuterClassMapper.serializedMember,0,6,6
com.thoughtworks.xstream.io.xml.XppReader.pullText,0,1,1
com.thoughtworks.xstream.io.xml.AbstractDocumentReader.hasMoreChildren,0,4,4
com.thoughtworks.xstream.core.util.PresortedMap.values,5,0,5
com.thoughtworks.xstream.converters.extended.RegexPatternConverter.<init>,0,0,0
com.thoughtworks.xstream.converters.collections.CharArrayConverter.unmarshal,0,1,1
com.thoughtworks.xstream.core.JVM.getStaxInputFactory,2,3,5
com.thoughtworks.xstream.core.util.QuickWriter.raw,2,6,8
com.thoughtworks.xstream.converters.collections.ArrayConverter.unmarshal,0,9,9
com.thoughtworks.xstream.converters.time.AbstractChronoLocalDateConverter.parseChronoLocalDate,22,0,22
com.thoughtworks.xstream.io.naming.StaticNameCoder.decodeAttribute,2,0,2
com.thoughtworks.xstream.core.util.PresortedMap.headMap,1,0,1
com.thoughtworks.xstream.converters.reflection.CGLIBEnhancedConverter.visit,2,0,2
com.thoughtworks.xstream.converters.extended.UseAttributeForEnumMapper.shouldLookForSingleValueConverter,0,1,1
com.thoughtworks.xstream.io.xml.XppDomReader.getAttributeCount,0,1,1
com.thoughtworks.xstream.io.StatefulWriter.checkClosed,0,2,2
com.thoughtworks.xstream.io.xml.JDomReader.peekNextChild,4,0,4
com.thoughtworks.xstream.io.AbstractDriver.<init>,0,2,2
com.thoughtworks.xstream.persistence.AbstractFilePersistenceStrategy.iterator,0,1,1
com.thoughtworks.xstream.mapper.DefaultMapper.lookupName,1,0,1
com.thoughtworks.xstream.io.xml.XStream11XmlFriendlyReplacer.decodeNode,0,1,1
com.thoughtworks.xstream.io.binary.ReaderDepthState.hasMoreChildren,0,1,1
com.thoughtworks.xstream.io.AbstractReader.decodeNode,0,1,1
com.thoughtworks.xstream.io.xml.AbstractPullReader.readRealEvent,0,8,8
com.thoughtworks.xstream.core.util.WeakCache.createReference,0,1,1
com.thoughtworks.xstream.converters.extended.ToAttributedValueConverter.fieldIsEqual,0,1,1
com.thoughtworks.xstream.converters.reflection.ReflectionProviderWrapper.fieldDefinedInClass,1,0,1
com.thoughtworks.xstream.io.xml.DomWriter.setValue,0,1,1
com.thoughtworks.xstream.core.JVM.canCreateDerivedObjectOutputStream,0,1,1
com.thoughtworks.xstream.io.xml.Dom4JXmlWriter.startNode,1,6,7
com.thoughtworks.xstream.core.ReferenceByXPathMarshaller.createReferenceKey,0,1,1
com.thoughtworks.xstream.security.NoPermission.allows,0,3,3
com.thoughtworks.xstream.XStream.setClassLoader,0,1,1
com.thoughtworks.xstream.mapper.CGLIBMapper.realClass,1,0,1
com.thoughtworks.xstream.converters.collections.BitSetConverter.unmarshal,0,6,6
com.thoughtworks.xstream.core.util.Primitives.unbox,0,1,1
com.thoughtworks.xstream.io.json.JsonWriter.startNewLine,0,2,2
com.thoughtworks.xstream.core.util.ObjectIdDictionary.IdWrapper,0,2,2
com.thoughtworks.xstream.io.xml.QNameMap.getJavaClassName,0,5,5
com.thoughtworks.xstream.io.xml.SaxWriter.setValue,2,6,8
com.thoughtworks.xstream.converters.time.WeekFieldsConverter.unmarshal,19,0,19
com.thoughtworks.xstream.io.StatefulWriter.close,0,3,3
com.thoughtworks.xstream.converters.extended.NamedArrayConverter.unmarshal,0,15,15
com.thoughtworks.xstream.converters.time.DurationConverter.canConvert,1,0,1
com.thoughtworks.xstream.io.xml.xppdom.XppDom.setAttribute,0,3,3
com.thoughtworks.xstream.converters.time.LocalDateConverter.canConvert,1,0,1
com.thoughtworks.xstream.io.WriterWrapper.setValue,0,1,1
com.thoughtworks.xstream.converters.reflection.ExternalizableConverter.writeToStream,0,6,6
com.thoughtworks.xstream.core.util.CustomObjectOutputStream.write,4,2,6
com.thoughtworks.xstream.XStream.setupConverters,23,68,91
com.thoughtworks.xstream.core.util.PresortedMap.compare,14,0,14
com.thoughtworks.xstream.io.binary.ReaderDepthState.getAttributeCount,0,1,1
com.thoughtworks.xstream.converters.setSetterMethod,1,0,1
com.thoughtworks.xstream.XStream.defaultWriteObject,1,0,1
com.thoughtworks.xstream.io.json.JsonHierarchicalStreamDriver.<init>,1,1,2
com.thoughtworks.xstream.XStream.addImplicitArray,0,3,3
com.thoughtworks.xstream.converters.getBeanClass,1,0,1
com.thoughtworks.xstream.persistence.XmlArrayList.add,0,7,7
com.thoughtworks.xstream.converters.isWritable,1,0,1
com.thoughtworks.xstream.mapper.ImplicitCollectionMapper.getKeyFieldName,0,1,1
com.thoughtworks.xstream.core.util.FastStack.popSilently,0,1,1
com.thoughtworks.xstream.io.binary.Token.MapIdToValue,0,4,4
com.thoughtworks.xstream.io.xml.StaxWriter.close,1,2,3
com.thoughtworks.xstream.converters.enums.EnumConverter.marshal,0,1,1
com.thoughtworks.xstream.converters.extended.EncodedByteArrayConverter.<init>,0,2,2
com.thoughtworks.xstream.core.util.Base64Encoder.<init>,1,1,2
com.thoughtworks.xstream.core.util.Cloneables.cloneIfPossible,0,2,2
com.thoughtworks.xstream.io.xml.AbstractDocumentReader.moveUp,0,3,3
com.thoughtworks.xstream.io.xml.Dom4JDriver.setOutputFormat,0,1,1
com.thoughtworks.xstream.core.util.PresortedSet.tailSet,1,0,1
com.thoughtworks.xstream.io.xml.xppdom.XppDomComparator.compare,0,7,7
com.thoughtworks.xstream.persistence.XmlMap.isEmpty,1,0,1
com.thoughtworks.xstream.converters.basic.URLConverter.canConvert,0,1,1
com.thoughtworks.xstream.XStream.alias,1,4,5
com.thoughtworks.xstream.core.util.XmlHeaderAwareReader.reset,1,0,1
com.thoughtworks.xstream.converters.reflection.ExternalizableConverter.canConvert,0,1,1
com.thoughtworks.xstream.mapper.MapperWrapper.defaultImplementationOf,0,1,1
com.thoughtworks.xstream.XStream.registerValidation,1,0,1
com.thoughtworks.xstream.io.binary.BinaryStreamReader.getAttribute,0,2,2
com.thoughtworks.xstream.io.AbstractWriter.encodeNode,0,1,1
com.thoughtworks.xstream.mapper.LocalConversionMapper.registerLocalConverter,0,1,1
com.thoughtworks.xstream.mapper.ClassAliasingMapper.serializedClass,0,8,8
com.thoughtworks.xstream.mapper.AnnotationMapper.<init>,1,7,8
com.thoughtworks.xstream.converters.reflection.FieldUtil14.isSynthetic,1,0,1
com.thoughtworks.xstream.io.xml.XomReader.getAttributeCount,0,1,1
com.thoughtworks.xstream.io.HierarchicalStreamDriver.null,0,0,0
com.thoughtworks.xstream.persistence.XmlMap.entrySet,0,1,1
com.thoughtworks.xstream.annotations.XStreamAliasType.null,0,0,0
com.thoughtworks.xstream.core.util.Pool.readResolve,0,2,2
com.thoughtworks.xstream.converters.marshal,0,2,2
com.thoughtworks.xstream.converters.reflection.AbstractReflectionConverter.doUnmarshal,0,2,2
com.thoughtworks.xstream.converters.basic.FloatConverter.fromString,0,1,1
com.thoughtworks.xstream.io.binary.Token.writeId,2,15,17
com.thoughtworks.xstream.converters.reflection.AbstractReflectionConverter.writeValueToImplicitCollection,4,18,22
com.thoughtworks.xstream.persistence.FilePersistenceStrategy.<init>,0,4,4
com.thoughtworks.xstream.core.AbstractTreeMarshallingStrategy.unmarshal,0,2,2
com.thoughtworks.xstream.core.util.FastStack.toString,7,0,7
com.thoughtworks.xstream.io.binary.Token.readString,0,7,7
com.thoughtworks.xstream.io.xml.Dom4JReader.getAttributeCount,0,1,1
com.thoughtworks.xstream.converters.extended.JavaMethodConverter.canConvert,0,1,1
com.thoughtworks.xstream.core.util.PresortedSet.subList,1,0,1
com.thoughtworks.xstream.io.xml.XmlFriendlyNameCoder.decodeName,0,33,33
com.thoughtworks.xstream.persistence.FileStreamStrategy.extractKey,0,2,2
com.thoughtworks.xstream.core.TreeUnmarshaller.lazilyCreateDataHolder,0,2,2
com.thoughtworks.xstream.core.util.Fields.read,4,2,6
com.thoughtworks.xstream.mapper.PackageAliasingMapper.writeObject,0,1,1
com.thoughtworks.xstream.io.xml.DomReader.reassignCurrentElement,0,7,7
com.thoughtworks.xstream.core.util.FastStack.replace,3,0,3
com.thoughtworks.xstream.mapper.DefaultMapper.realClass,1,12,13
com.thoughtworks.xstream.XStream.aliasField,1,2,3
com.thoughtworks.xstream.io.naming.NoNameCoder.encodeNode,0,1,1
com.thoughtworks.xstream.converters.reflection.ReflectionConverter.canConvert,0,1,1
com.thoughtworks.xstream.core.util.FastField.getName,0,1,1
com.thoughtworks.xstream.io.json.JsonHierarchicalStreamDriver.createWriter,3,1,4
com.thoughtworks.xstream.mapper.ElementIgnoringMapper.key,0,1,1
com.thoughtworks.xstream.core.util.CustomObjectInputStream.read,1,6,7
com.thoughtworks.xstream.io.xml.XmlFriendlyReplacer.<init>,0,2,2
com.thoughtworks.xstream.persistence.FileStreamStrategy.<init>,0,2,2
com.thoughtworks.xstream.core.util.ObjectIdDictionary.lookupId,0,2,2
com.thoughtworks.xstream.core.util.CustomObjectInputStream.readUTF,0,1,1
com.thoughtworks.xstream.io.AttributeNameIterator.<init>,0,2,2
com.thoughtworks.xstream.converters.canConvert,0,1,1
com.thoughtworks.xstream.mapper.AnnotationMapper.readObject,9,0,9
com.thoughtworks.xstream.core.JVM.isIBM,0,1,1
com.thoughtworks.xstream.converters.time.LocalTimeConverter.<clinit>, line 33,1,0,1
com.thoughtworks.xstream.io.binary.Token.write,0,11,11
com.thoughtworks.xstream.persistence.XmlMap.iterator,0,1,1
com.thoughtworks.xstream.persistence.AbstractFilePersistenceStrategy.getMapper,0,1,1
com.thoughtworks.xstream.io.xml.XmlFriendlyNameCoder.clone,1,4,5
com.thoughtworks.xstream.mapper.CGLIBMapper.<init>,3,0,3
com.thoughtworks.xstream.converters.extended.SubjectConverter.unmarshalPrivateCredentials,0,1,1
com.thoughtworks.xstream.core.ReferenceByXPathUnmarshaller.<init>,0,3,3
com.thoughtworks.xstream.converters.collections.SingletonMapConverter.unmarshal,0,5,5
com.thoughtworks.xstream.security.ProxyTypePermission.equals,0,1,1
com.thoughtworks.xstream.converters.time.WeekFieldsConverter.marshal,7,0,7
com.thoughtworks.xstream.core.ClassLoaderReference.readResolve,0,2,2
com.thoughtworks.xstream.io.binary.ReaderDepthState.pop,0,1,1
com.thoughtworks.xstream.core.StringCodec.null,0,0,0
com.thoughtworks.xstream.core.util.WeakCache.getValue,0,1,1
com.thoughtworks.xstream.converters.extended.SubjectConverter.unmarshalPublicCredentials,0,1,1
com.thoughtworks.xstream.core.TreeUnmarshaller.convert,0,9,9
com.thoughtworks.xstream.io.binary.BinaryStreamReader.close,3,0,3
com.thoughtworks.xstream.converters.extended.UseAttributeForEnumMapper.isEnum,0,5,5
com.thoughtworks.xstream.io.xml.XomWriter.createNode,0,5,5
com.thoughtworks.xstream.converters.reflection.AbstractReflectionConverter.size,1,0,1
com.thoughtworks.xstream.converters.extended.JavaFieldConverter.<init>,1,3,4
com.thoughtworks.xstream.io.xml.PrettyPrintWriter.setValue,0,4,4
com.thoughtworks.xstream.XStream.setupSecurity,0,7,7
com.thoughtworks.xstream.io.xml.StaxDriver.createInputFactory,0,3,3
com.thoughtworks.xstream.converters.collections.SingletonCollectionConverter.canConvert,0,1,1
com.thoughtworks.xstream.core.ReferenceByIdUnmarshaller.getReferenceKey,0,1,1
com.thoughtworks.xstream.mapper.XmlFriendlyMapper.mapNameToXML,1,0,1
com.thoughtworks.xstream.XStream.aliasDynamically,0,3,3
com.thoughtworks.xstream.XStream.getClassLoaderReference,1,0,1
com.thoughtworks.xstream.converters.SingleValueConverterWrapper.<init>,0,1,1
com.thoughtworks.xstream.mapper.MapperWrapper.aliasForAttribute,1,1,2
com.thoughtworks.xstream.core.util.FastStack.resizeStack,0,3,3
com.thoughtworks.xstream.converters.basic.LongConverter.fromString,4,19,23
com.thoughtworks.xstream.io.binary.BinaryStreamReader.underlyingReader,0,1,1
com.thoughtworks.xstream.core.DefaultConverterLookup.<init>,1,3,4
com.thoughtworks.xstream.mapper.AbstractAttributeAliasingMapper.addAliasFor,0,2,2
com.thoughtworks.xstream.io.WriterWrapper.<init>,0,1,1
com.thoughtworks.xstream.converters.extended.ISO8601DateConverter.toString,0,3,3
com.thoughtworks.xstream.io.xml.SaxWriter.getFeature,6,0,6
com.thoughtworks.xstream.converters.time.YearMonthConverter.canConvert,1,0,1
com.thoughtworks.xstream.io.xml.JDomDriver.<init>,2,1,3
com.thoughtworks.xstream.core.TreeUnmarshaller.currentObject,0,1,1
com.thoughtworks.xstream.core.util.CustomObjectOutputStream.close,0,1,1
com.thoughtworks.xstream.converters.getProperty,0,1,1
com.thoughtworks.xstream.io.xml.xppdom.XppDom.getName,0,1,1
com.thoughtworks.xstream.io.xml.XmlFriendlyNameCoder.decodeAttribute,0,1,1
com.thoughtworks.xstream.io.xml.AbstractDocumentWriter.<init>,1,4,5
com.thoughtworks.xstream.core.util.PresortedSet.last,1,0,1
com.thoughtworks.xstream.converters.time.SystemClockConverter.canConvert,1,0,1
com.thoughtworks.xstream.core.ReferenceByXPathMarshaller.createReference,0,3,3
com.thoughtworks.xstream.converters.basic.NullConverter.marshal,2,0,2
com.thoughtworks.xstream.converters.time.LocalDateTimeConverter.toString,4,0,4
com.thoughtworks.xstream.core.util.CustomObjectOutputStream.useProtocolVersion,1,0,1
com.thoughtworks.xstream.core.util.WeakCache.containsKey,0,1,1
com.thoughtworks.xstream.persistence.XmlMap.put,0,1,1
com.thoughtworks.xstream.io.xml.TraxSource.setXStream,1,3,4
com.thoughtworks.xstream.annotations.XStreamAlias.null,0,0,0
com.thoughtworks.xstream.converters.visit,0,3,3
com.thoughtworks.xstream.core.AbstractReferenceMarshaller.keys,1,0,1
com.thoughtworks.xstream.XStream.denyPermission,0,1,1
com.thoughtworks.xstream.converters.reflection.SunUnsafeReflectionProvider.write,10,22,32
com.thoughtworks.xstream.core.util.ObjectIdDictionary.removeId,0,2,2
com.thoughtworks.xstream.io.xml.DomDriver.createReader,7,11,18
com.thoughtworks.xstream.security.ProxyTypePermission.allows,0,1,1
com.thoughtworks.xstream.converters.time.ZoneIdConverter.canConvert,1,0,1
com.thoughtworks.xstream.io.xml.PrettyPrintWriter.<init>,6,16,22
com.thoughtworks.xstream.mapper.ClassAliasingMapper.addClassAlias,0,2,2
com.thoughtworks.xstream.mapper.DefaultMapper.isIgnoredElement,0,1,1
com.thoughtworks.xstream.converters.time.OffsetTimeConverter.fromString,5,0,5
com.thoughtworks.xstream.converters.reflection.FieldUtil15.isSynthetic,0,1,1
com.thoughtworks.xstream.core.util.Pool.fetchFromPool,1,15,16
com.thoughtworks.xstream.XStream.allowTypeHierarchy,0,1,1
com.thoughtworks.xstream.converters.time.WeekFieldsConverter.<init>,1,0,1
com.thoughtworks.xstream.io.xml.XmlFriendlyNameCoder.isXmlNameChar,0,1,1
com.thoughtworks.xstream.io.xml.SaxWriter.getContentHandler,1,0,1
com.thoughtworks.xstream.mapper.DefaultImplementationsMapper.readResolve,0,5,5
com.thoughtworks.xstream.mapper.AbstractXmlFriendlyMapper.unescapeClassName,0,4,4
com.thoughtworks.xstream.core.util.SerializationMembers.supportsWriteObject,0,1,1
com.thoughtworks.xstream.io.xml.xppdom.XppDom.setValue,0,1,1
com.thoughtworks.xstream.converters.time.ZonedDateTimeConverter.toString,4,0,4
com.thoughtworks.xstream.converters.reflection.AbstractReflectionConverter.ArraysList,0,1,1
com.thoughtworks.xstream.mapper.MapperWrapper.getConverterFromItemType,2,1,3
com.thoughtworks.xstream.security.TypeHierarchyPermission.<init>,0,1,1
com.thoughtworks.xstream.io.xml.XStream11NameCoder.decodeNode,1,0,1
com.thoughtworks.xstream.core.TreeUnmarshaller.put,0,2,2
com.thoughtworks.xstream.io.xml.Dom4JReader.getChild,0,1,1
com.thoughtworks.xstream.core.util.PresortedMap.containsValue,1,0,1
com.thoughtworks.xstream.converters.extended.DynamicProxyConverter.canConvert,0,1,1
com.thoughtworks.xstream.converters.propertyDescriptorOrNull,0,1,1
com.thoughtworks.xstream.io.xml.SaxWriter.setContentHandler,1,3,4
com.thoughtworks.xstream.core.util.CustomObjectInputStream.markSupported,1,0,1
com.thoughtworks.xstream.core.util.FastStack.get,0,1,1
com.thoughtworks.xstream.converters.extended.ToAttributedValueConverter.<init>,1,15,16
com.thoughtworks.xstream.core.util.XmlHeaderAwareReader.hashCode,1,0,1
com.thoughtworks.xstream.converters.time.HijrahDateConverter.chronoLocalDateOf,1,0,1
com.thoughtworks.xstream.XStream.omitField,1,2,3
com.thoughtworks.xstream.converters.reflection.FieldKey.getDepth,0,1,1
com.thoughtworks.xstream.converters.basic.ShortConverter.canConvert,0,1,1
com.thoughtworks.xstream.core.TreeMarshaller.CircularReferenceException,0,1,1
com.thoughtworks.xstream.converters.canInstantiate,0,3,3
com.thoughtworks.xstream.io.xml.Dom4JReader.<init>,4,3,7
com.thoughtworks.xstream.core.util.FastField.getDeclaringClass,0,1,1
com.thoughtworks.xstream.core.AbstractReferenceMarshaller.<init>,0,2,2
com.thoughtworks.xstream.XStream.denyTypesByRegExp,1,1,2
com.thoughtworks.xstream.io.xml.SaxWriter.flushStartTag,0,5,5
com.thoughtworks.xstream.core.util.FastStack.<init>,0,1,1
com.thoughtworks.xstream.converters.unmarshal,0,2,2
com.thoughtworks.xstream.mapper.EnumMapper.getConverterFromItemType,0,2,2
com.thoughtworks.xstream.XStream.processAnnotations,1,3,4
com.thoughtworks.xstream.io.xml.JDom2Writer.<init>,3,5,8
com.thoughtworks.xstream.io.json.AbstractJsonWriter.addAttribute,0,2,2
com.thoughtworks.xstream.converters.time.SystemClockConverter.marshal,4,0,4
com.thoughtworks.xstream.core.util.PresortedSet.size,0,1,1
com.thoughtworks.xstream.core.JVM.hasOptimizedTreeSetAddAll,0,1,1
com.thoughtworks.xstream.XStream.registerConverterDynamically,2,8,10
com.thoughtworks.xstream.XStream.denyTypes,0,2,2
com.thoughtworks.xstream.converters.extended.ThrowableConverter.<init>,2,1,3
com.thoughtworks.xstream.mapper.MapperWrapper.getConverterFromAttribute,2,1,3
com.thoughtworks.xstream.mapper.OuterClassMapper.flushCache,1,0,1
com.thoughtworks.xstream.mapper.ImplicitCollectionMapper.getMapper,0,11,11
com.thoughtworks.xstream.converters.reflection.SerializationMethodInvoker.callWriteObject,1,0,1
com.thoughtworks.xstream.converters.extended.ToStringConverter.canConvert,0,1,1
com.thoughtworks.xstream.converters.reflection.ExternalizableConverter.writeFieldsToStream,1,0,1
com.thoughtworks.xstream.persistence.XmlArrayList.remove,0,7,7
com.thoughtworks.xstream.io.xml.SaxWriter.addAttribute,4,0,4
com.thoughtworks.xstream.converters.SingleValueConverterWrapper.appendErrors,1,2,3
com.thoughtworks.xstream.io.json.JsonWriter.nextElement,0,2,2
com.thoughtworks.xstream.io.binary.Token.getType,0,1,1
com.thoughtworks.xstream.converters.reflection.PureJavaReflectionProvider.resolveClass,6,0,6
com.thoughtworks.xstream.core.util.PresortedSet.clear,1,0,1
com.thoughtworks.xstream.converters.collections.CollectionConverter.unmarshal,0,3,3
com.thoughtworks.xstream.converters.reflection.SerializableConverter.visitSerializableFields,0,1,1
com.thoughtworks.xstream.core.TreeUnmarshaller.addCompletionCallback,0,1,1
com.thoughtworks.xstream.core.util.CustomObjectOutputStream.reset,1,0,1
com.thoughtworks.xstream.security.CGLIBProxyTypePermission.hashCode,1,0,1
com.thoughtworks.xstream.converters.reflection.ExternalizableConverter.unmarshal,0,8,8
com.thoughtworks.xstream.converters.reflection.SerializableConverter.readFieldsFromStream,3,29,32
com.thoughtworks.xstream.converters.Converter.null,0,0,0
com.thoughtworks.xstream.io.xml.DomReader.getValue,0,9,9
com.thoughtworks.xstream.persistence.AbstractFilePersistenceStrategy.writeFile,1,6,7
com.thoughtworks.xstream.converters.reflection.ExternalizableConverter.readFieldsFromStream,1,0,1
com.thoughtworks.xstream.core.ClassLoaderReference.setReference,0,1,1
com.thoughtworks.xstream.io.xml.DomWriter.top,0,1,1
com.thoughtworks.xstream.core.util.PrioritizedList.hasNext,0,1,1
com.thoughtworks.xstream.io.xml.Dom4JReader.appendErrors,1,0,1
com.thoughtworks.xstream.converters.time.PeriodConverter.fromString,5,0,5
com.thoughtworks.xstream.io.xml.xppdom.XppDom.build,0,36,36
com.thoughtworks.xstream.converters.extended.ColorConverter.canConvert,0,1,1
com.thoughtworks.xstream.io.xml.XppDomReader.peekNextChild,3,0,3
com.thoughtworks.xstream.core.util.ClassLoaderReference.<init>,1,0,1
com.thoughtworks.xstream.converters.propertiesFor,0,1,1
com.thoughtworks.xstream.io.xml.XppDomReader.getAttributeName,0,1,1
com.thoughtworks.xstream.io.xml.XppDriver.createParser,0,1,1
com.thoughtworks.xstream.core.JVM.isSwingAvailable,0,1,1
com.thoughtworks.xstream.io.xml.Dom4JReader.getValue,0,1,1
com.thoughtworks.xstream.mapper.ArrayMapper.serializedClass,0,16,16
com.thoughtworks.xstream.io.xml.JDom2Driver.createWriter,2,0,2
com.thoughtworks.xstream.converters.extended.RegexPatternConverter.canConvert,0,1,1
com.thoughtworks.xstream.converters.basic.BooleanConverter.shouldConvert,1,0,1
com.thoughtworks.xstream.mapper.DefaultMapper.shouldSerializeMember,0,1,1
com.thoughtworks.xstream.core.util.ThreadSafePropertyEditor.setAsText,0,5,5
com.thoughtworks.xstream.io.xml.SjsxpDriver.createInputFactory,4,5,9
com.thoughtworks.xstream.annotations.AnnotationReflectionConverter.ensureCache,0,2,2
com.thoughtworks.xstream.io.json.AbstractJsonWriter.endNode,0,8,8
com.thoughtworks.xstream.converters.collections.TreeSetConverter.get,1,0,1
com.thoughtworks.xstream.io.path.PathTrackingReader.moveDown,0,2,2
com.thoughtworks.xstream.converters.extended.EncodedByteArrayConverter.unmarshalIndividualByteElements,0,14,14
com.thoughtworks.xstream.converters.extended.SqlDateConverter.fromString,0,1,1
com.thoughtworks.xstream.io.xml.Dom4JDriver.getDocumentFactory,1,0,1
com.thoughtworks.xstream.core.BaseException.<init>,1,1,2
com.thoughtworks.xstream.converters.basic.StringBuilderConverter.fromString,0,1,1
com.thoughtworks.xstream.io.xml.BEAStaxDriver.createInputFactory,0,3,3
com.thoughtworks.xstream.mapper.MapperWrapper.getFieldNameForItemTypeAndName,0,1,1
com.thoughtworks.xstream.io.xml.StaxDriver.createStaxReader,0,1,1
com.thoughtworks.xstream.core.AbstractReferenceMarshaller.Id,0,2,2
com.thoughtworks.xstream.core.ReferenceByXPathMarshallingStrategy.createMarshallingContext,0,1,1
com.thoughtworks.xstream.io.json.JsonHierarchicalStreamWriter.<init>,5,0,5
com.thoughtworks.xstream.mapper.AttributeMapper.getLocalConverterFromItemType,0,4,4
com.thoughtworks.xstream.converters.reflection.AbstractReflectionConverter.doMarshal,0,4,4
com.thoughtworks.xstream.core.util.XmlHeaderAwareReader.skip,1,0,1
com.thoughtworks.xstream.converters.collections.PropertiesConverter.marshal,0,14,14
com.thoughtworks.xstream.core.util.OrderRetainingMap.clear,0,3,3
com.thoughtworks.xstream.io.xml.XomDriver.getBuilder,0,1,1
com.thoughtworks.xstream.converters.reflection.FieldKey.equals,1,8,9
com.thoughtworks.xstream.XStream.setupDefaultImplementations,0,7,7
com.thoughtworks.xstream.core.util.CompositeClassLoader.cleanup,1,2,3
com.thoughtworks.xstream.core.util.ClassLoaderReference.setReference,1,0,1
com.thoughtworks.xstream.io.xml.AbstractPullReader.hasMoreChildren,0,11,11
com.thoughtworks.xstream.io.xml.AbstractPullReader.move,0,9,9
com.thoughtworks.xstream.io.xml.XppDomDriver.createParser,1,0,1
com.thoughtworks.xstream.converters.extended.DurationConverter.fromString,0,1,1
com.thoughtworks.xstream.io.xml.StaxWriter.startNode,1,26,27
com.thoughtworks.xstream.converters.newInstance,4,7,11
com.thoughtworks.xstream.converters.time.LocalTimeConverter.canConvert,1,0,1
com.thoughtworks.xstream.converters.reflection.ReflectionProviderWrapper.getFieldOrNull,0,1,1
com.thoughtworks.xstream.converters.extended.NamedArrayConverter.canConvert,0,1,1
com.thoughtworks.xstream.converters.reflection.AbstractReflectionConverter.flushCache,1,0,1
com.thoughtworks.xstream.io.path.PathTrackingReader.<init>,0,3,3
com.thoughtworks.xstream.converters.extended.SubjectConverter.marshalPrincipals,0,5,5
com.thoughtworks.xstream.converters.extended.FileConverter.canConvert,0,1,1
com.thoughtworks.xstream.converters.reflection.FieldKey.toString,1,0,1
com.thoughtworks.xstream.mapper.FieldAliasingMapper.realMember,0,4,4
com.thoughtworks.xstream.core.JVM.isAndroid,0,1,1
com.thoughtworks.xstream.io.xml.CompactWriter.<init>,5,1,6
com.thoughtworks.xstream.core.util.FastStack.pop,0,3,3
com.thoughtworks.xstream.core.util.SelfStreamingInstanceChecker.canConvert,0,1,1
com.thoughtworks.xstream.converters.extended.UseAttributeForEnumMapper.getConverterFromAttribute,1,0,1
com.thoughtworks.xstream.io.AttributeNameIterator.remove,1,0,1
com.thoughtworks.xstream.core.util.PresortedMap.getValue,0,1,1
com.thoughtworks.xstream.io.binary.BinaryStreamWriter.startNode,0,2,2
com.thoughtworks.xstream.io.xml.SaxWriter.startNode,1,8,9
com.thoughtworks.xstream.io.xml.SaxWriter.endDocument,0,3,3
com.thoughtworks.xstream.io.binary.BinaryStreamDriver.createReader,2,0,2
com.thoughtworks.xstream.io.xml.XppDomReader.getAttribute,0,2,2
com.thoughtworks.xstream.security.TypeHierarchyPermission.allows,1,2,3
com.thoughtworks.xstream.converters.collections.TreeMapConverter.unmarshal,1,5,6
com.thoughtworks.xstream.core.util.CustomObjectInputStream.get,6,4,10
com.thoughtworks.xstream.converters.time.OffsetDateTimeConverter.<clinit>, line 33,1,0,1
com.thoughtworks.xstream.core.util.CompositeClassLoader.<init>,0,2,2
com.thoughtworks.xstream.mapper.AnnotationMapper.processFieldAliasAnnotation,1,4,5
com.thoughtworks.xstream.converters.time.MinguoDateConverter.fromString,1,0,1
com.thoughtworks.xstream.converters.basic.StringConverter.<init>,0,5,5
com.thoughtworks.xstream.core.util.ISO8601JodaTimeConverter.toString,0,2,2
com.thoughtworks.xstream.converters.basic.StringBufferConverter.fromString,0,1,1
com.thoughtworks.xstream.annotations.XStreamOmitField.null,0,0,0
com.thoughtworks.xstream.io.xml.XppReader.pullElementName,0,1,1
com.thoughtworks.xstream.converters.enums.EnumMapConverter.canConvert,0,1,1
com.thoughtworks.xstream.converters.enums.EnumToStringConverter.extractStringMap,1,6,7
com.thoughtworks.xstream.io.xml.StaxReader.appendErrors,1,0,1
com.thoughtworks.xstream.converters.collections.TreeMapConverter.marshal,0,3,3
com.thoughtworks.xstream.mapper.AnnotationMapper.getClass,0,6,6
com.thoughtworks.xstream.mapper.AttributeMapper.<init>,1,3,4
com.thoughtworks.xstream.mapper.FieldAliasingMapper.getMember,0,4,4
com.thoughtworks.xstream.core.JVM.main,43,0,43
com.thoughtworks.xstream.io.xml.Dom4JXmlWriter.startElement,0,4,4
com.thoughtworks.xstream.mapper.AnnotationMapper.getLocalConverter,0,3,3
com.thoughtworks.xstream.io.xml.JDomReader.<init>,3,3,6
com.thoughtworks.xstream.mapper.AnnotationMapper.processAliasAnnotation,1,8,9
com.thoughtworks.xstream.mapper.EnumMapper.<init>,2,2,4
com.thoughtworks.xstream.core.ReferenceByXPathMarshaller.fireValidReference,0,0,0
com.thoughtworks.xstream.core.ReferenceByIdUnmarshaller.getCurrentReferenceKey,0,2,2
com.thoughtworks.xstream.io.xml.CompactWriter.endOfLine,0,0,0
com.thoughtworks.xstream.core.util.SerializationMembers.<init>, line 57,0,4,4
com.thoughtworks.xstream.converters.basic.BooleanConverter.fromString,0,3,3
com.thoughtworks.xstream.converters.extended.DynamicProxyConverter.addInterfacesToXml,0,6,6
com.thoughtworks.xstream.io.naming.StaticNameCoder.<init>,5,0,5
com.thoughtworks.xstream.converters.extended.TextAttributeConverter.<init>,0,1,1
com.thoughtworks.xstream.converters.basic.DateConverter.canConvert,0,1,1
com.thoughtworks.xstream.io.xml.StaxDriver.getInputFactory,0,3,3
com.thoughtworks.xstream.converters.reflection.FieldDictionary.fieldOrNull,0,3,3
com.thoughtworks.xstream.io.xml.JDomWriter.createNode,0,5,5
com.thoughtworks.xstream.converters.time.ZonedDateTimeConverter.fromString,5,0,5
com.thoughtworks.xstream.converters.reflection.PureJavaReflectionProvider.init,0,1,1
com.thoughtworks.xstream.converters.extended.ColorConverter.write,0,3,3
com.thoughtworks.xstream.mapper.AnnotationMapper.addParametrizedTypes,0,2,2
com.thoughtworks.xstream.converters.extended.LookAndFeelConverter.<init>,0,1,1
com.thoughtworks.xstream.mapper.MapperWrapper.getLocalConverter,0,1,1
com.thoughtworks.xstream.converters.extended.JavaClassConverter.canConvert,0,1,1
com.thoughtworks.xstream.io.xml.StaxDriver.setQnameMap,0,1,1
com.thoughtworks.xstream.core.util.PresortedMap.put,0,1,1
com.thoughtworks.xstream.core.util.CustomObjectOutputStream.asMap,0,1,1
com.thoughtworks.xstream.XStream.allowTypesByWildcard,0,1,1
com.thoughtworks.xstream.core.AbstractReferenceMarshaller.convertAnother,0,2,2
com.thoughtworks.xstream.core.util.PresortedSet.subSet,1,0,1
com.thoughtworks.xstream.io.xml.AbstractXmlWriter.<init>,2,1,3
com.thoughtworks.xstream.mapper.EnumMapper.getConverterFromAttribute,0,2,2
com.thoughtworks.xstream.converters.reflection.AbstractAttributedCharacterIteratorAttributeConverter.getName,9,4,13
com.thoughtworks.xstream.converters.reflection.ReflectionProviderWrapper.visitSerializableFields,1,0,1
com.thoughtworks.xstream.mapper.DefaultMapper.isReferenceable,0,1,1
com.thoughtworks.xstream.converters.reflection.PureJavaReflectionProvider.getField,0,1,1
com.thoughtworks.xstream.mapper.MapperWrapper.realMember,0,1,1
com.thoughtworks.xstream.io.json.JsonWriter.getNewLine,0,1,1
com.thoughtworks.xstream.io.AbstractWriter.startNode,0,1,1
com.thoughtworks.xstream.core.util.DependencyInjectionFactory.newInstance,1,11,12
com.thoughtworks.xstream.io.xml.AbstractPullReader.getAttributeNames,0,1,1
com.thoughtworks.xstream.security.InterfaceTypePermission.allows,0,1,1
com.thoughtworks.xstream.core.util.ClassLoaderReference.readResolve,1,0,1
com.thoughtworks.xstream.io.xml.XppReader.close,1,2,3
com.thoughtworks.xstream.converters.ErrorReporter.null,0,0,0
com.thoughtworks.xstream.converters.collections.TreeSetConverter.putCurrentEntryIntoMap,0,3,3
com.thoughtworks.xstream.converters.basic.BigIntegerConverter.fromString,0,1,1
com.thoughtworks.xstream.mapper.AttributeAliasingMapper.attributeForAlias,0,2,2
com.thoughtworks.xstream.io.AbstractReader.decodeAttribute,0,1,1
com.thoughtworks.xstream.security.PrimitiveTypePermission.equals,0,1,1
com.thoughtworks.xstream.core.JVM.canParseUTCDateFormat,0,1,1
com.thoughtworks.xstream.converters.basic.CharConverter.marshal,0,1,1
com.thoughtworks.xstream.converters.reflection.SerializableConverter.doUnmarshalConditionally,1,0,1
com.thoughtworks.xstream.converters.extended.JavaClassConverter.<init>,1,2,3
com.thoughtworks.xstream.io.path.Path.relativeTo,0,10,10
com.thoughtworks.xstream.core.ClassLoaderReference.<init>,0,1,1
com.thoughtworks.xstream.core.util.PresortedSet.containsAll,1,0,1
com.thoughtworks.xstream.converters.extended.PathConverter.canConvert,0,1,1
com.thoughtworks.xstream.converters.reflection.MissingFieldException.<init>,4,0,4
com.thoughtworks.xstream.io.xml.StaxReader.getAttributeCount,0,1,1
com.thoughtworks.xstream.core.util.Primitives.representingChar,0,2,2
com.thoughtworks.xstream.io.xml.StaxDriver.<init>,3,4,7
com.thoughtworks.xstream.converters.time.MinguoDateConverter.chronoLocalDateOf,1,0,1
com.thoughtworks.xstream.io.xml.AbstractDocumentWriter.close,0,0,0
com.thoughtworks.xstream.persistence.XmlSet.add,1,3,4
com.thoughtworks.xstream.io.xml.Dom4JReader.reassignCurrentElement,0,1,1
com.thoughtworks.xstream.io.xml.Xpp3Driver.<init>,1,1,2
com.thoughtworks.xstream.core.util.PresortedSet.toArray,2,0,2
com.thoughtworks.xstream.io.xml.JDomReader.getChild,0,1,1
com.thoughtworks.xstream.io.xml.Dom4JReader.getNodeName,0,1,1
com.thoughtworks.xstream.io.naming.NoNameCoder.decodeNode,0,1,1
com.thoughtworks.xstream.XStream.getMapper,0,1,1
com.thoughtworks.xstream.io.xml.JDomDriver.createBuilder,0,3,3
com.thoughtworks.xstream.io.xml.QNameMap.getQName,0,5,5
com.thoughtworks.xstream.converters.time.ThaiBuddhistDateConverter.chronoLocalDateOf,1,0,1
com.thoughtworks.xstream.io.xml.BEAStaxDriver.<init>,4,2,6
com.thoughtworks.xstream.io.xml.DomReader.getChildCount,0,1,1
com.thoughtworks.xstream.converters.reflection.CGLIBEnhancedConverter.hierarchyFor,3,0,3
com.thoughtworks.xstream.converters.reflection.ExternalizableConverter.readFromStream,0,5,5
com.thoughtworks.xstream.core.util.CustomObjectInputStream.readDouble,1,0,1
com.thoughtworks.xstream.persistence.AbstractFilePersistenceStrategy.getValue,1,0,1
com.thoughtworks.xstream.converters.enums.EnumSetConverter.unmarshal,1,10,11
com.thoughtworks.xstream.converters.reflection.SunUnsafeReflectionProvider.<init>,1,1,2
com.thoughtworks.xstream.io.xml.Xpp3DomDriver.createParser,0,1,1
com.thoughtworks.xstream.io.xml.XmlFriendlyReplacer.escapeName,1,0,1
com.thoughtworks.xstream.XStream.setupAliases,36,74,110
com.thoughtworks.xstream.security.InterfaceTypePermission.equals,0,1,1
com.thoughtworks.xstream.core.JVM.canParseISO8601TimeZoneInDateFormat,0,1,1
com.thoughtworks.xstream.converters.extended.SubjectConverter.unmarshalPrincipals,0,1,1
com.thoughtworks.xstream.io.ExtendedHierarchicalStreamReader.null,0,0,0
com.thoughtworks.xstream.io.xml.QNameMap.setDefaultNamespace,0,1,1
com.thoughtworks.xstream.security.AnyTypePermission.hashCode,1,0,1
com.thoughtworks.xstream.converters.reflection.PureJavaReflectionProvider.fieldModifiersSupported,0,2,2
com.thoughtworks.xstream.converters.basic.CharConverter.fromString,0,3,3
com.thoughtworks.xstream.mapper.ElementIgnoringMapper.<init>,0,1,1
com.thoughtworks.xstream.io.ReaderWrapper.getAttributeNames,0,1,1
com.thoughtworks.xstream.mapper.DynamicProxyMapper.serializedClass,0,3,3
com.thoughtworks.xstream.core.util.CustomObjectOutputStream.writeChar,1,0,1
com.thoughtworks.xstream.io.xml.SaxWriter.getProperty,3,0,3
com.thoughtworks.xstream.mapper.MapperWrapper.isReferenceable,0,1,1
com.thoughtworks.xstream.core.util.SerializationMembers.getMethod,1,13,14
com.thoughtworks.xstream.security.CGLIBProxyTypePermission.allows,1,0,1
com.thoughtworks.xstream.converters.time.ThaiBuddhistDateConverter.fromString,1,0,1
com.thoughtworks.xstream.converters.getName,0,1,1
com.thoughtworks.xstream.io.xml.JDom2Writer.addAttribute,0,1,1
com.thoughtworks.xstream.io.xml.WstxDriver.createInputFactory,0,3,3
com.thoughtworks.xstream.io.binary.BinaryStreamReader.pushBack,1,2,3
com.thoughtworks.xstream.converters.reflection.CGLIBEnhancedConverter.createCallbackIndexMap,56,0,56
com.thoughtworks.xstream.io.xml.xppdom.XppDomComparator.<init>,0,2,2
com.thoughtworks.xstream.core.TreeMarshaller.<init>,0,3,3
com.thoughtworks.xstream.io.binary.ReaderDepthState.remove,1,0,1
com.thoughtworks.xstream.io.binary.Token.read,0,6,6
com.thoughtworks.xstream.security.PrimitiveTypePermission.allows,0,1,1
com.thoughtworks.xstream.io.naming.StaticNameCoder.encodeNode,2,0,2
com.thoughtworks.xstream.io.binary.BinaryStreamReader.getAttributeName,0,1,1
com.thoughtworks.xstream.io.xml.QNameMap.setDefaultPrefix,0,1,1
com.thoughtworks.xstream.converters.DataHolder.null,0,0,0
com.thoughtworks.xstream.converters.reflection.SerializationMethodInvoker.callReadObject,1,0,1
com.thoughtworks.xstream.mapper.AttributeAliasingMapper.<init>,0,1,1
com.thoughtworks.xstream.io.StatefulWriter.readResolve,2,0,2
com.thoughtworks.xstream.core.util.CustomObjectOutputStream.putFields,0,3,3
com.thoughtworks.xstream.core.util.ISO8601JavaTimeConverter.fromString,85,0,85
com.thoughtworks.xstream.converters.extended.EncodedByteArrayConverter.unmarshal,0,4,4
com.thoughtworks.xstream.io.xml.AbstractPullReader.reset,0,3,3
com.thoughtworks.xstream.converters.determineType,0,5,5
com.thoughtworks.xstream.io.json.JsonWriter.writeText,15,16,31
com.thoughtworks.xstream.core.util.SerializationMembers.callWriteReplace,6,11,17
com.thoughtworks.xstream.converters.reflection.ReflectionProvider.null,0,0,0
com.thoughtworks.xstream.io.json.JsonWriter.Format,0,6,6
com.thoughtworks.xstream.core.ReferenceByXPathUnmarshaller.getCurrentReferenceKey,0,1,1
com.thoughtworks.xstream.io.WriterWrapper.flush,0,1,1
com.thoughtworks.xstream.core.util.PresortedMap.putAll,2,0,2
com.thoughtworks.xstream.io.binary.BinaryStreamReader.moveUp,8,17,25
com.thoughtworks.xstream.annotations.Annotations.configureAliases,0,1,1
com.thoughtworks.xstream.io.xml.xppdom.XppDom.addChild,0,3,3
com.thoughtworks.xstream.converters.time.ZoneIdConverter.toString,4,0,4
com.thoughtworks.xstream.io.xml.Dom4JXmlWriter.<init>,3,6,9
com.thoughtworks.xstream.converters.extended.ThrowableConverter.getConverter,0,1,1
com.thoughtworks.xstream.mapper.SecurityMapper.addPermission,0,3,3
com.thoughtworks.xstream.annotations.AnnotationReflectionConverter.newInstance,4,7,11
com.thoughtworks.xstream.io.xml.StaxReader.getAttribute,0,2,2
com.thoughtworks.xstream.io.path.PathTracker.resizeStacks,0,8,8
com.thoughtworks.xstream.converters.time.OffsetDateTimeConverter.fromString,5,0,5
com.thoughtworks.xstream.converters.reflection.FieldKey.<init>,1,10,11
com.thoughtworks.xstream.persistence.AbstractFilePersistenceStrategy.size,0,1,1
com.thoughtworks.xstream.converters.writeField,0,8,8
com.thoughtworks.xstream.io.xml.PrettyPrintWriter.flush,0,1,1
com.thoughtworks.xstream.persistence.FilePersistenceStrategy.getName,3,7,10
com.thoughtworks.xstream.core.util.CustomObjectOutputStream.writeUnshared,1,0,1
com.thoughtworks.xstream.io.xml.JDom2Reader.getChild,0,1,1
com.thoughtworks.xstream.core.util.ObjectIdDictionary.containsId,0,2,2
com.thoughtworks.xstream.converters.reflection.CGLIBEnhancedConverter.invoke,2,0,2
com.thoughtworks.xstream.mapper.FieldAliasingMapper.key,0,1,1
com.thoughtworks.xstream.io.xml.XmlFriendlyNameCoder.<clinit>, line 55,0,352,352
com.thoughtworks.xstream.converters.time.LocalDateTimeConverter.fromString,5,0,5
com.thoughtworks.xstream.converters.writeProperty,5,5,10
com.thoughtworks.xstream.io.xml.Dom4JReader.getParent,0,1,1
com.thoughtworks.xstream.core.util.XmlHeaderAwareReader.equals,1,0,1
com.thoughtworks.xstream.annotations.XStreamImplicitCollection.null,0,0,0
com.thoughtworks.xstream.converters.reflection.PureJavaReflectionProvider.writeField,0,3,3
com.thoughtworks.xstream.mapper.ImmutableTypesMapper.<init>,0,1,1
com.thoughtworks.xstream.io.xml.PrettyPrintWriter.endNode,0,13,13
com.thoughtworks.xstream.XStream.createObjectOutputStream,3,6,9
com.thoughtworks.xstream.XStream.writeFieldsToStream,1,0,1
com.thoughtworks.xstream.converters.extended.SubjectConverter.marshal,0,5,5
com.thoughtworks.xstream.mapper.ClassAliasingMapper.readResolve,0,8,8
com.thoughtworks.xstream.core.util.CustomObjectOutputStream.writeInt,0,1,1
com.thoughtworks.xstream.core.util.ISO8601JodaTimeConverter.canConvert,1,0,1
com.thoughtworks.xstream.mapper.ImplicitCollectionMapper.<init>,0,2,2
com.thoughtworks.xstream.mapper.FieldAliasingMapper.addFieldAlias,0,2,2
com.thoughtworks.xstream.io.StatefulWriter.endNode,0,6,6
com.thoughtworks.xstream.converters.reflection.XStream12FieldKeySorter.sort,0,1,1
com.thoughtworks.xstream.converters.time.YearMonthConverter.fromString,5,0,5
com.thoughtworks.xstream.converters.SingleValueConverterWrapper.fromString,0,1,1
com.thoughtworks.xstream.persistence.AbstractFilePersistenceStrategy.remove,1,8,9
com.thoughtworks.xstream.io.xml.Dom4JXmlWriter.setValue,1,6,7
com.thoughtworks.xstream.converters.basic.CharConverter.canConvert,0,1,1
com.thoughtworks.xstream.persistence.XmlSet.iterator,0,1,1
com.thoughtworks.xstream.converters.time.MinguoDateConverter.eraOf,1,0,1
com.thoughtworks.xstream.converters.time.ZoneIdConverter.fromString,7,0,7
com.thoughtworks.xstream.core.util.WeakCache.containsValue,0,1,1
com.thoughtworks.xstream.core.util.SerializationMembers.supportsReadObject,0,1,1
com.thoughtworks.xstream.io.xml.XppDriver.<init>,0,3,3
com.thoughtworks.xstream.mapper.DefaultImplementationsMapper.addDefaultImplementation,1,3,4
com.thoughtworks.xstream.mapper.ElementIgnoringMapper.isIgnoredElement,0,6,6
com.thoughtworks.xstream.io.xml.DomWriter.<init>,3,7,10
com.thoughtworks.xstream.core.util.CustomObjectOutputStream.writeByte,0,1,1
com.thoughtworks.xstream.mapper.CachingMapper.readResolve,0,2,2
com.thoughtworks.xstream.core.util.CustomObjectInputStream.readLong,0,1,1
com.thoughtworks.xstream.converters.collections.PropertiesConverter.<init>,0,2,2
com.thoughtworks.xstream.converters.ConverterLookup.null,0,0,0
com.thoughtworks.xstream.io.xml.AbstractPullReader.moveUp,0,3,3
com.thoughtworks.xstream.io.xml.xppdom.XppDom.getAttributeNames,0,3,3
com.thoughtworks.xstream.io.binary.ReaderDepthState.push,0,3,3
com.thoughtworks.xstream.io.ReaderWrapper.moveDown,0,1,1
com.thoughtworks.xstream.core.util.HierarchicalStreams.readClassType,0,6,6
com.thoughtworks.xstream.core.util.SerializationMembers.flushCache,2,0,2
com.thoughtworks.xstream.core.util.CustomObjectOutputStream.writeFloat,1,0,1
com.thoughtworks.xstream.converters.extended.NamedMapConverter.populateMap,0,36,36
com.thoughtworks.xstream.core.util.PresortedSet.hashCode,1,0,1
com.thoughtworks.xstream.converters.MarshallingContext.null,0,0,0
com.thoughtworks.xstream.io.StatefulWriter.flush,0,2,2
com.thoughtworks.xstream.core.TreeUnmarshaller.getRequiredType,0,1,1
com.thoughtworks.xstream.persistence.AbstractFilePersistenceStrategy.setValue,1,0,1
com.thoughtworks.xstream.converters.collections.TreeMapConverter.populateTreeMap,6,13,19
com.thoughtworks.xstream.io.xml.AbstractDocumentWriter.endNode,0,4,4
com.thoughtworks.xstream.XStream.lookupConverterForType,0,1,1
com.thoughtworks.xstream.io.xml.AbstractPullReader.<init>,0,2,2
com.thoughtworks.xstream.mapper.ImplicitCollectionMapper.getItemTypeForItemFieldName,0,9,9
com.thoughtworks.xstream.io.xml.AbstractDocumentReader.getAttributeNames,0,1,1
com.thoughtworks.xstream.XStream.aliasAttribute,1,4,5
com.thoughtworks.xstream.converters.reflection.SortableFieldKeySorter.sort,8,0,8
com.thoughtworks.xstream.io.json.JettisonMappedXmlDriver.createReader,22,2,24
com.thoughtworks.xstream.io.StatefulWriter.setValue,0,5,5
com.thoughtworks.xstream.io.xml.JDom2Reader.getAttributeCount,0,1,1
com.thoughtworks.xstream.converters.reflection.CGLIBEnhancedConverter.visitSerializableFields,1,0,1
com.thoughtworks.xstream.io.xml.XomReader.<init>,4,2,6
com.thoughtworks.xstream.converters.reflection.AbstractReflectionConverter.DuplicateFieldException,0,2,2
com.thoughtworks.xstream.core.util.WeakCache.equals,1,0,1
com.thoughtworks.xstream.converters.enums.EnumSetConverter.canConvert,0,1,1
com.thoughtworks.xstream.security.AnyTypePermission.allows,0,1,1
com.thoughtworks.xstream.io.xml.JDomReader.getParent,0,1,1
com.thoughtworks.xstream.persistence.XmlArrayList.set,4,0,4
com.thoughtworks.xstream.io.json.JsonWriter.<init>,6,7,13
com.thoughtworks.xstream.io.xml.xppdom.XppDom.getParent,0,1,1
com.thoughtworks.xstream.core.TreeMarshaller.convert,0,8,8
com.thoughtworks.xstream.io.WriterWrapper.underlyingWriter,0,1,1
com.thoughtworks.xstream.io.xml.XStream11XmlFriendlyReplacer.decodeAttribute,1,0,1
com.thoughtworks.xstream.io.xml.XomReader.getChildCount,0,1,1
com.thoughtworks.xstream.io.xml.StaxDriver.setRepairingNamespace,0,1,1
com.thoughtworks.xstream.persistence.FileStreamStrategy.unescape,0,18,18
com.thoughtworks.xstream.persistence.XmlSet.<init>,0,1,1
com.thoughtworks.xstream.io.HierarchicalStreamWriter.null,0,0,0
com.thoughtworks.xstream.converters.SingleValueConverterWrapper.unmarshal,0,1,1
com.thoughtworks.xstream.converters.extended.CharsetConverter.canConvert,0,1,1
com.thoughtworks.xstream.converters.time.JapaneseDateConverter.eraOf,1,0,1
com.thoughtworks.xstream.converters.reflection.FieldDictionary.field,1,3,4
com.thoughtworks.xstream.core.util.Pool.putInPool,0,3,3
com.thoughtworks.xstream.converters.reflection.FieldDictionary.buildMap,1,19,20
com.thoughtworks.xstream.core.util.Primitives.isBoxed,0,1,1
com.thoughtworks.xstream.io.AbstractReader.peekNextChild,1,0,1
com.thoughtworks.xstream.io.xml.AbstractDocumentReader.getCurrent,0,1,1
com.thoughtworks.xstream.converters.reflection.PureJavaReflectionProvider.instantiateUsingSerialization,20,0,20
com.thoughtworks.xstream.io.xml.StandardStaxDriver.<init>,5,1,6
com.thoughtworks.xstream.io.xml.XmlFriendlyReader.null,0,0,0
com.thoughtworks.xstream.core.util.PresortedMap.ArraySetComparator,0,1,1
com.thoughtworks.xstream.converters.add,1,17,18
com.thoughtworks.xstream.io.json.JsonWriter.mode,0,1,1
com.thoughtworks.xstream.core.util.QuickWriter.write,0,22,22
com.thoughtworks.xstream.converters.extended.NamedMapConverter.readItem,0,5,5
com.thoughtworks.xstream.converters.reflection.AbstractReflectionConverter.MappingList,0,2,2
com.thoughtworks.xstream.converters.reflection.SortableFieldKeySorter.compare,13,0,13
com.thoughtworks.xstream.core.TreeUnmarshaller.getMapper,0,1,1
com.thoughtworks.xstream.core.util.CompositeClassLoader.<clinit>, line 55,0,6,6
com.thoughtworks.xstream.converters.collections.ArrayConverter.marshal,0,4,4
com.thoughtworks.xstream.mapper.AbstractXmlFriendlyMapper.stringFoundAt,0,3,3
com.thoughtworks.xstream.converters.extended.EncodedByteArrayConverter.fromString,0,1,1
com.thoughtworks.xstream.XStream.getClassLoader,1,0,1
com.thoughtworks.xstream.core.util.XmlHeaderAwareReader.getHeader,11,67,78
com.thoughtworks.xstream.io.xml.XmlFriendlyReplacer.unescapeName,1,0,1
com.thoughtworks.xstream.converters.extended.JavaMethodConverter.marshal,0,7,7
com.thoughtworks.xstream.io.HierarchicalStreamReader.null,0,0,0
com.thoughtworks.xstream.core.util.ThreadSafePropertyEditor.getAsText,0,5,5
com.thoughtworks.xstream.core.TreeMarshaller.keys,2,0,2
com.thoughtworks.xstream.converters.basic.FloatConverter.canConvert,0,1,1
com.thoughtworks.xstream.converters.ErrorWritingException.add,0,8,8
com.thoughtworks.xstream.core.util.TypedNull.<init>,0,2,2
com.thoughtworks.xstream.XStream.defaultReadObject,1,0,1
com.thoughtworks.xstream.converters.reflection.LambdaConverter.<init>,1,0,1
com.thoughtworks.xstream.converters.time.LocalDateConverter.fromString,5,0,5
com.thoughtworks.xstream.core.util.PrioritizedList.add,0,3,3
com.thoughtworks.xstream.io.xml.Dom4JDriver.setDocumentFactory,1,0,1
com.thoughtworks.xstream.mapper.ImplicitCollectionMapper.NamedItemType,0,2,2
com.thoughtworks.xstream.core.AbstractTreeMarshallingStrategy.marshal,0,2,2
com.thoughtworks.xstream.converters.basic.DoubleConverter.canConvert,0,1,1
com.thoughtworks.xstream.converters.extended.ToAttributedValueConverter.marshal,0,7,7
com.thoughtworks.xstream.core.DefaultConverterLookup.registerConverter,0,2,2
com.thoughtworks.xstream.core.util.PresortedMap.size,0,1,1
com.thoughtworks.xstream.io.binary.Token.toString,1,0,1
com.thoughtworks.xstream.converters.time.JapaneseDateConverter.chronoLocalDateOf,1,0,1
com.thoughtworks.xstream.converters.reflection.FieldDictionary.<init>,1,2,3
com.thoughtworks.xstream.core.util.ArrayIterator.hasNext,0,1,1
com.thoughtworks.xstream.converters.reflection.CGLIBEnhancedConverter.readResolve,3,0,3
com.thoughtworks.xstream.io.binary.BinaryStreamWriter.write,1,2,3
com.thoughtworks.xstream.converters.extended.CurrencyConverter.fromString,0,1,1
com.thoughtworks.xstream.core.util.FastStack.peek,0,1,1
com.thoughtworks.xstream.core.ReferenceByIdMarshaller.createReferenceKey,0,1,1
com.thoughtworks.xstream.core.util.XmlHeaderAwareReader.ready,1,0,1
com.thoughtworks.xstream.converters.extended.ActivationDataFlavorConverter.unmarshal,7,19,26
com.thoughtworks.xstream.io.xml.JDom2Reader.getAttributeName,0,1,1
com.thoughtworks.xstream.converters.reflection.FieldKey.hashCode,0,4,4
com.thoughtworks.xstream.converters.extended.JavaFieldConverter.canConvert,0,1,1
com.thoughtworks.xstream.io.json.JsonWriter.addValue,0,7,7
com.thoughtworks.xstream.io.json.JettisonStaxWriter.<init>,7,2,9
com.thoughtworks.xstream.mapper.MapperWrapper.getItemTypeForItemFieldName,0,1,1
com.thoughtworks.xstream.core.util.OrderRetainingMap.putAll,0,3,3
com.thoughtworks.xstream.core.util.DependencyInjectionFactory.TypedValue,0,3,3
com.thoughtworks.xstream.converters.extended.UseAttributeForEnumMapper.<init>,0,1,1
com.thoughtworks.xstream.io.json.JsonWriter.addLabel,0,7,7
com.thoughtworks.xstream.core.TreeMarshaller.convertAnother,4,5,9
com.thoughtworks.xstream.converters.extended.ToStringConverter.<init>,0,2,2
com.thoughtworks.xstream.converters.basic.ShortConverter.fromString,1,3,4
com.thoughtworks.xstream.core.util.HierarchicalStreams.readClassAttribute,0,7,7
com.thoughtworks.xstream.io.json.AbstractJsonWriter.setValue,0,5,5
com.thoughtworks.xstream.converters.getPropertyType,0,1,1
com.thoughtworks.xstream.annotations.AnnotationProvider.getAnnotation,0,1,1
com.thoughtworks.xstream.mapper.ClassAliasingMapper.realClass,0,7,7
com.thoughtworks.xstream.persistence.AbstractFilePersistenceStrategy.hasNext,0,1,1
com.thoughtworks.xstream.io.xml.StaxWriter.flush,1,2,3
com.thoughtworks.xstream.io.binary.BinaryStreamReader.getAttributeNames,0,1,1
com.thoughtworks.xstream.io.binary.Token.Value,0,3,3
com.thoughtworks.xstream.io.xml.JDom2Writer.createNode,0,5,5
com.thoughtworks.xstream.mapper.MapperWrapper.isImmutableValueType,0,1,1
com.thoughtworks.xstream.io.path.PathTracker.peekElement,1,12,13
com.thoughtworks.xstream.converters.extended.StackTraceElementConverter.toString,0,2,2
com.thoughtworks.xstream.converters.reflection.FieldKey.getFieldName,0,1,1
com.thoughtworks.xstream.mapper.DefaultImplementationsMapper.serializedClass,0,2,2
com.thoughtworks.xstream.io.path.PathTrackingWriter.startNode,0,4,4
com.thoughtworks.xstream.core.util.CustomObjectInputStream.pushCallback,0,1,1
com.thoughtworks.xstream.core.Caching.null,0,0,0
com.thoughtworks.xstream.converters.reflection.CGLIBEnhancedConverter.createNullArguments,20,0,20
com.thoughtworks.xstream.security.TypePermission.null,0,0,0
com.thoughtworks.xstream.converters.extended.NamedCollectionConverter.<init>,0,4,4
com.thoughtworks.xstream.core.util.DependencyInjectionFactory.toString,1,0,1
com.thoughtworks.xstream.core.util.PresortedSet.equals,1,0,1
com.thoughtworks.xstream.converters.extended.NamedCollectionConverter.writeCompleteItem,0,1,1
com.thoughtworks.xstream.mapper.AttributeMapper.getConverterFromItemType,6,5,11
com.thoughtworks.xstream.core.JVM.getMajorJavaVersion,1,2,3
com.thoughtworks.xstream.converters.ErrorWritingException.<init>,0,6,6
com.thoughtworks.xstream.core.util.CustomObjectInputStream.readFields,0,1,1
com.thoughtworks.xstream.mapper.AnnotationConfiguration.null,0,0,0
com.thoughtworks.xstream.io.xml.XStream11XmlFriendlyReplacer.<init>,0,0,0
com.thoughtworks.xstream.converters.time.InstantConverter.fromString,5,0,5
com.thoughtworks.xstream.io.xml.DomReader.getAttribute,0,3,3
com.thoughtworks.xstream.io.binary.Token.<init>,0,1,1
com.thoughtworks.xstream.core.util.ArrayIterator.next,0,1,1
com.thoughtworks.xstream.core.util.Pool.<init>,0,3,3
com.thoughtworks.xstream.converters.ErrorWritingException.getMessage,0,13,13
com.thoughtworks.xstream.persistence.XmlMap.get,0,1,1
com.thoughtworks.xstream.io.json.JsonWriter.close,1,0,1
com.thoughtworks.xstream.XStreamException.<init>,1,3,4
com.thoughtworks.xstream.io.xml.xppdom.XppDom.setParent,0,1,1
com.thoughtworks.xstream.converters.extended.JavaMethodConverter.marshalMethod,0,13,13
com.thoughtworks.xstream.io.binary.BinaryStreamDriver.createWriter,2,0,2
com.thoughtworks.xstream.core.util.SelfStreamingInstanceChecker.unmarshal,0,1,1
com.thoughtworks.xstream.core.util.CustomObjectInputStream.peekCallback,0,1,1
com.thoughtworks.xstream.core.util.FastField.hashCode,0,1,1
com.thoughtworks.xstream.core.ReferenceByIdMarshallingStrategy.createMarshallingContext,0,1,1
com.thoughtworks.xstream.converters.collections.CollectionConverter.<init>,1,4,5
com.thoughtworks.xstream.converters.reflection.SunLimitedUnsafeReflectionProvider.<clinit>, line 40,4,8,12
com.thoughtworks.xstream.io.xml.DomReader.peekNextChild,6,0,6
com.thoughtworks.xstream.converters.extended.LocaleConverter.canConvert,0,1,1
com.thoughtworks.xstream.core.TreeUnmarshaller.convertAnother,4,6,10
com.thoughtworks.xstream.io.xml.XmlFriendlyNameCoder.encodeName,2,29,31
com.thoughtworks.xstream.core.util.OrderRetainingMap.entrySet,0,7,7
com.thoughtworks.xstream.core.util.PresortedSet.add,1,0,1
com.thoughtworks.xstream.core.util.Base64Encoder.encode,0,12,12
com.thoughtworks.xstream.io.xml.Dom4JXmlWriter.addAttribute,0,1,1
com.thoughtworks.xstream.core.util.XmlHeaderAwareReader.getVersion,0,1,1
com.thoughtworks.xstream.converters.basic.UUIDConverter.fromString,1,2,3
com.thoughtworks.xstream.core.JVM.is14,0,1,1
com.thoughtworks.xstream.io.xml.XomReader.getChild,0,1,1
com.thoughtworks.xstream.core.util.XmlHeaderAwareReader.markSupported,1,0,1
com.thoughtworks.xstream.converters.extended.PathConverter.fromString,8,0,8
com.thoughtworks.xstream.core.JVM.is18,1,0,1
com.thoughtworks.xstream.core.JVM.is17,0,1,1
com.thoughtworks.xstream.core.JVM.is16,0,1,1
com.thoughtworks.xstream.io.xml.XomReader.getAttributeName,0,1,1
com.thoughtworks.xstream.core.JVM.is15,0,1,1
com.thoughtworks.xstream.XStream.addImmutableTypeDynamically,0,3,3
com.thoughtworks.xstream.converters.time.JapaneseDateConverter.fromString,1,0,1
com.thoughtworks.xstream.converters.reflection.NativeFieldKeySorter.compare,8,0,8
com.thoughtworks.xstream.converters.collections.TreeMapConverter.unmarshalComparator,0,12,12
com.thoughtworks.xstream.converters.reflection.SunUnsafeReflectionProvider.init,0,2,2
com.thoughtworks.xstream.core.util.PresortedSet.first,1,0,1
com.thoughtworks.xstream.XStream.readFromStream,0,6,6
com.thoughtworks.xstream.core.util.CustomObjectOutputStream.<init>,0,1,1
com.thoughtworks.xstream.io.ReaderWrapper.getAttributeName,1,0,1
com.thoughtworks.xstream.converters.collections.TreeSetConverter.populateMap,0,1,1
com.thoughtworks.xstream.XStream.denyTypeHierarchy,1,0,1
com.thoughtworks.xstream.converters.time.OffsetDateTimeConverter.toString,4,0,4
com.thoughtworks.xstream.converters.extended.ThrowableConverter.unmarshal,0,1,1
com.thoughtworks.xstream.converters.basic.BigIntegerConverter.canConvert,0,1,1
com.thoughtworks.xstream.converters.reflection.AbstractReflectionConverter.hashCode,0,5,5
com.thoughtworks.xstream.io.naming.NoNameCoder.decodeAttribute,1,0,1
com.thoughtworks.xstream.mapper.ImplicitCollectionMapper.getImplicitCollectionDefByItemFieldName,1,6,7
com.thoughtworks.xstream.io.xml.Dom4JXmlWriter.close,2,3,5
com.thoughtworks.xstream.converters.enums.EnumToStringConverter.canConvert,0,1,1
com.thoughtworks.xstream.io.binary.ReaderDepthState.hasNext,0,1,1
com.thoughtworks.xstream.mapper.AnnotationMapper.add,4,46,50
com.thoughtworks.xstream.security.InterfaceTypePermission.hashCode,1,0,1
com.thoughtworks.xstream.core.util.ThreadSafeSimpleDateFormat.toString,1,0,1
com.thoughtworks.xstream.converters.extended.ToStringConverter.toString,0,1,1
com.thoughtworks.xstream.core.util.CustomObjectOutputStream.writeBytes,1,0,1
com.thoughtworks.xstream.converters.flushCache,1,0,1
com.thoughtworks.xstream.converters.extended.StackTraceElementFactory.setField,0,2,2
com.thoughtworks.xstream.io.xml.Xpp3Driver.createParser,0,1,1
com.thoughtworks.xstream.io.AbstractReader.encodeNode,1,0,1
com.thoughtworks.xstream.mapper.AbstractXmlFriendlyMapper.unescapeFieldName,0,12,12
com.thoughtworks.xstream.io.xml.JDom2Driver.createBuilder,0,3,3
com.thoughtworks.xstream.core.util.WeakCache.hashCode,1,0,1
com.thoughtworks.xstream.converters.reflection.ExternalizableConverter.registerValidation,1,0,1
com.thoughtworks.xstream.converters.reflection.AbstractReflectionConverter.instantiateNewInstance,0,8,8
com.thoughtworks.xstream.io.xml.PrettyPrintWriter.finishTag,0,7,7
com.thoughtworks.xstream.core.JVM.isSQLAvailable,0,1,1
com.thoughtworks.xstream.converters.basic.DateConverter.appendErrors,5,0,5
com.thoughtworks.xstream.converters.reflection.AbstractReflectionConverter.equals,7,8,15
com.thoughtworks.xstream.converters.reflection.AbstractReflectionConverter.shouldUnmarshalField,0,1,1
com.thoughtworks.xstream.io.xml.AbstractXppDriver.createReader,3,4,7
com.thoughtworks.xstream.converters.time.WeekFieldsConverter.canConvert,1,0,1
com.thoughtworks.xstream.XStream.useAttributeFor,3,6,9
com.thoughtworks.xstream.io.xml.AbstractXmlWriter.escapeXmlName,0,1,1
com.thoughtworks.xstream.converters.collections.AbstractCollectionConverter.writeBareItem,0,1,1
com.thoughtworks.xstream.converters.extended.GregorianCalendarConverter.unmarshal,0,13,13
com.thoughtworks.xstream.core.util.Base64Encoder.computeResultingStringSize,0,5,5
com.thoughtworks.xstream.core.util.PresortedSet.iterator,0,1,1
com.thoughtworks.xstream.XStream.readResolve,0,2,2
com.thoughtworks.xstream.converters.reflection.ExternalizableConverter.defaultReadObject,1,0,1
com.thoughtworks.xstream.io.xml.AbstractPullReader.peekNextChild,12,0,12
com.thoughtworks.xstream.converters.enums.EnumSingleValueConverter.canConvert,0,1,1
com.thoughtworks.xstream.io.xml.StaxDriver.getQnameMap,1,0,1
com.thoughtworks.xstream.io.xml.PrettyPrintWriter.endOfLine,0,3,3
com.thoughtworks.xstream.converters.basic.BooleanConverter.toString,0,2,2
com.thoughtworks.xstream.mapper.OuterClassMapper.<init>,0,5,5
com.thoughtworks.xstream.converters.reflection.ExternalizableConverter.defaultWriteObject,1,0,1
com.thoughtworks.xstream.converters.collections.TreeMapConverter.marshalComparator,0,5,5
com.thoughtworks.xstream.converters.collections.PropertiesConverter.canConvert,0,1,1
com.thoughtworks.xstream.io.xml.AbstractXmlDriver.<init>,2,1,3
com.thoughtworks.xstream.converters.time.OffsetTimeConverter.<clinit>, line 34,1,0,1
com.thoughtworks.xstream.core.util.QuickWriter.<init>,0,3,3
com.thoughtworks.xstream.converters.reflection.SerializableConverter.hierarchyFor,0,6,6
com.thoughtworks.xstream.core.util.FastStack.push,0,4,4
com.thoughtworks.xstream.converters.time.HijrahDateConverter.<init>,5,0,5
com.thoughtworks.xstream.converters.extended.ActivationDataFlavorConverter.marshal,0,16,16
com.thoughtworks.xstream.converters.extended.DynamicProxyConverter.<init>,2,2,4
com.thoughtworks.xstream.io.binary.BinaryStreamReader.readToken,1,12,13
com.thoughtworks.xstream.converters.reflection.MissingFieldException.getClassName,1,0,1
com.thoughtworks.xstream.converters.reflection.SerializableConverter.writeFieldsToStream,2,17,19
com.thoughtworks.xstream.io.xml.JDomReader.reassignCurrentElement,0,1,1
com.thoughtworks.xstream.converters.time.MonthDayConverter.fromString,5,0,5
com.thoughtworks.xstream.converters.reflection.PureJavaReflectionProvider.validateFieldAccess,2,3,5
com.thoughtworks.xstream.converters.extended.LookAndFeelConverter.canConvert,0,1,1
com.thoughtworks.xstream.io.binary.BinaryStreamWriter.addAttribute,0,1,1
com.thoughtworks.xstream.mapper.XmlFriendlyMapper.mapNameFromXML,1,0,1
com.thoughtworks.xstream.XStream.buildMapperDynamically,2,4,6
com.thoughtworks.xstream.mapper.ArrayMapper.boxedTypeName,0,1,1
com.thoughtworks.xstream.mapper.DefaultMapper.getItemTypeForItemFieldName,1,0,1
com.thoughtworks.xstream.converters.time.ThaiBuddhistDateConverter.eraOf,1,0,1
com.thoughtworks.xstream.io.xml.AbstractDocumentReader.close,0,0,0
com.thoughtworks.xstream.io.xml.KXml2DomDriver.createParser,1,0,1
com.thoughtworks.xstream.io.xml.AbstractXppDriver.<init>,0,1,1
com.thoughtworks.xstream.converters.enums.EnumToStringConverter.toString,0,2,2
com.thoughtworks.xstream.converters.extended.ISO8601DateConverter.fromString,0,1,1
com.thoughtworks.xstream.io.xml.JDomReader.getValue,0,1,1
com.thoughtworks.xstream.mapper.PackageAliasingMapper.addPackageAlias,0,6,6
com.thoughtworks.xstream.converters.extended.FileConverter.fromString,0,1,1
com.thoughtworks.xstream.XStream.setupDefaultSecurity,25,49,74
com.thoughtworks.xstream.converters.getDefaultConstrutor,6,0,6
com.thoughtworks.xstream.io.xml.TraxSource.<init>,10,1,11
com.thoughtworks.xstream.XStream.InitializationException,0,2,2
com.thoughtworks.xstream.io.xml.PrettyPrintWriter.writeAttributeValue,0,1,1
com.thoughtworks.xstream.mapper.LocalConversionMapper.getConverterFromAttribute,0,2,2
com.thoughtworks.xstream.io.xml.XppDomWriter.setValue,0,1,1
com.thoughtworks.xstream.io.xml.XppDomWriter.addAttribute,0,1,1
com.thoughtworks.xstream.converters.reflection.AbstractReflectionConverter.canAccess,1,3,4
com.thoughtworks.xstream.core.ReferenceByXPathMarshallingStrategy.createUnmarshallingContext,0,1,1
com.thoughtworks.xstream.io.naming.StaticNameCoder.decodeNode,2,0,2
com.thoughtworks.xstream.io.xml.XomReader.getAttribute,0,2,2
com.thoughtworks.xstream.converters.reflection.CGLIBEnhancedConverter.accept,5,0,5
com.thoughtworks.xstream.converters.SingleValueConverterWrapper.marshal,0,1,1
com.thoughtworks.xstream.mapper.ImmutableTypesMapper.isImmutableValueType,0,3,3
com.thoughtworks.xstream.core.DefaultConverterLookup.writeReplace,0,3,3
com.thoughtworks.xstream.converters.collections.TreeMapConverter.compare,3,0,3
com.thoughtworks.xstream.io.json.AbstractJsonWriter.isArray,0,1,1
com.thoughtworks.xstream.converters.reflection.AbstractReflectionConverter.add,9,116,125
com.thoughtworks.xstream.converters.reflection.PureJavaReflectionProvider.visitSerializableFields,0,7,7
com.thoughtworks.xstream.core.util.CustomObjectOutputStream.put,6,3,9
com.thoughtworks.xstream.core.JVM.canUseSunLimitedUnsafeReflectionProvider,1,0,1
com.thoughtworks.xstream.core.JVM.is19,1,0,1
com.thoughtworks.xstream.converters.extended.StackTraceElementFactory15.create,0,1,1
com.thoughtworks.xstream.io.xml.StaxWriter.getXMLStreamWriter,0,1,1
com.thoughtworks.xstream.security.NoTypePermission.equals,0,1,1
com.thoughtworks.xstream.XStream.registerLocalConverter,1,3,4
com.thoughtworks.xstream.io.xml.XppDomWriter.getConfiguration,0,1,1
com.thoughtworks.xstream.io.xml.DomReader.getChild,0,1,1
com.thoughtworks.xstream.converters.reflection.Sun14ReflectionProvider.readResolve,2,0,2
com.thoughtworks.xstream.io.xml.Dom4JDriver.<init>,2,6,8
com.thoughtworks.xstream.converters.collections.CollectionConverter.addCurrentElementToCollection,0,2,2
com.thoughtworks.xstream.converters.reflection.AbstractReflectionConverter.toPhysicalArray,0,7,7
com.thoughtworks.xstream.io.ReaderWrapper.close,0,1,1
com.thoughtworks.xstream.core.util.QuickWriter.flush,1,4,5
com.thoughtworks.xstream.converters.extended.DynamicProxyConverter.unmarshal,2,25,27
com.thoughtworks.xstream.io.xml.AbstractPullReader.moveDown,1,4,5
com.thoughtworks.xstream.mapper.ElementIgnoringMapper.omitField,0,1,1
com.thoughtworks.xstream.io.xml.xppdom.XppDom.getChild,0,2,2
com.thoughtworks.xstream.io.xml.xppdom.XppDom.getChildCount,1,2,3
com.thoughtworks.xstream.core.TreeUnmarshaller.<init>,0,4,4
com.thoughtworks.xstream.core.util.CustomObjectInputStream.<init>,1,3,4
com.thoughtworks.xstream.converters.extended.DurationConverter.getFactory,1,2,3
com.thoughtworks.xstream.core.util.Cloneables.clone,2,15,17
com.thoughtworks.xstream.io.xml.SaxWriter.getDTDHandler,1,0,1
com.thoughtworks.xstream.io.xml.XppDomWriter.createNode,0,5,5
com.thoughtworks.xstream.converters.ConverterMatcher.null,0,0,0
com.thoughtworks.xstream.core.util.ISO8601JavaTimeConverter.canConvert,1,0,1
com.thoughtworks.xstream.io.path.PathTracker.pushElement,0,12,12
com.thoughtworks.xstream.converters.collections.AbstractCollectionConverter.readItem,0,1,1
com.thoughtworks.xstream.converters.extended.JavaFieldConverter.marshal,0,8,8
com.thoughtworks.xstream.security.AnyTypePermission.equals,0,1,1
com.thoughtworks.xstream.io.xml.AbstractDocumentWriter.getCurrent,0,1,1
com.thoughtworks.xstream.converters.collections.AbstractCollectionConverter.mapper,0,1,1
com.thoughtworks.xstream.io.binary.Token.readFrom,0,6,6
com.thoughtworks.xstream.mapper.ImplicitCollectionMapper.getImplicitCollectionDefForFieldName,0,9,9
com.thoughtworks.xstream.io.xml.AbstractXmlReader.escapeXmlName,1,0,1
com.thoughtworks.xstream.core.util.PresortedMap.comparator,0,1,1
com.thoughtworks.xstream.mapper.AttributeMapper.shouldLookForSingleValueConverter,0,8,8
com.thoughtworks.xstream.mapper.AbstractXmlFriendlyMapper.escapeClassName,0,4,4
com.thoughtworks.xstream.converters.collections.SingletonCollectionConverter.<init>,0,1,1
com.thoughtworks.xstream.mapper.MapperWrapper.attributeForAlias,1,1,2
com.thoughtworks.xstream.core.util.ObjectIdDictionary.cleanup,0,3,3
com.thoughtworks.xstream.io.xml.JDomReader.getNodeName,0,1,1
com.thoughtworks.xstream.converters.extended.ToStringConverter.fromString,2,3,5
com.thoughtworks.xstream.converters.reflection.SerializableConverter.doUnmarshal,1,4,5
com.thoughtworks.xstream.converters.extended.ColorConverter.unmarshal,0,6,6
com.thoughtworks.xstream.XStream.addImmutableType,2,2,4
com.thoughtworks.xstream.mapper.ImplicitCollectionMapper.getItemFieldName,0,1,1
com.thoughtworks.xstream.core.util.CustomObjectInputStream.getObjectStreamClass,1,0,1
com.thoughtworks.xstream.io.ReaderWrapper.peekNextChild,3,0,3
com.thoughtworks.xstream.mapper.AnnotationMapper.autodetectAnnotations,0,1,1
com.thoughtworks.xstream.mapper.ArrayMapper.<init>,0,1,1
com.thoughtworks.xstream.converters.reflection.SunUnsafeReflectionProvider.writeField,0,1,1
com.thoughtworks.xstream.annotations.AnnotationReflectionConverter.<init>,0,3,3
com.thoughtworks.xstream.converters.enums.EnumSingleValueConverter.toString,0,1,1
com.thoughtworks.xstream.io.binary.ReaderDepthState.getAttribute,1,10,11
com.thoughtworks.xstream.mapper.ImplicitCollectionMapper.getFieldNameForItemTypeAndName,0,21,21
com.thoughtworks.xstream.core.util.FastField.<init>,0,3,3
com.thoughtworks.xstream.core.util.ObjectIdDictionary.toString,3,0,3
com.thoughtworks.xstream.mapper.MapperWrapper.<init>,0,65,65
com.thoughtworks.xstream.security.WildcardTypePermission.<init>,0,1,1
com.thoughtworks.xstream.core.util.CustomObjectOutputStream.popCallback,0,1,1
com.thoughtworks.xstream.io.xml.PrettyPrintWriter.close,0,1,1
com.thoughtworks.xstream.core.util.CompositeClassLoader.addInternal,3,7,10
com.thoughtworks.xstream.mapper.SecurityMapper.<init>,0,3,3
com.thoughtworks.xstream.io.xml.xppdom.XppDom.readResolve,5,0,5
com.thoughtworks.xstream.converters.reflection.FieldDictionary.buildDictionaryEntryForClass,5,17,22
com.thoughtworks.xstream.io.AbstractDriver.getNameCoder,0,1,1
com.thoughtworks.xstream.mapper.AttributeMapper.getConverterFromAttribute,7,5,12
com.thoughtworks.xstream.io.xml.JDomDriver.createReader,19,5,24
com.thoughtworks.xstream.core.AbstractReferenceMarshaller.getPath,0,1,1
com.thoughtworks.xstream.annotations.XStreamImplicit.null,0,0,0
com.thoughtworks.xstream.converters.extended.StackTraceElementFactory.element,0,2,2
com.thoughtworks.xstream.converters.reflection.SortableFieldKeySorter.registerFieldOrder,1,0,1
com.thoughtworks.xstream.converters.time.YearConverter.fromString,5,0,5
com.thoughtworks.xstream.core.util.OrderRetainingMap.values,0,1,1
com.thoughtworks.xstream.converters.extended.SubjectConverter.canConvert,0,1,1
com.thoughtworks.xstream.security.ForbiddenClassException.<init>,0,1,1
com.thoughtworks.xstream.converters.reflection.SerializationMethodInvoker.supportsReadObject,1,0,1
com.thoughtworks.xstream.converters.reflection.SerializableConverter.UnserializableParentsReflectionProvider,0,1,1
com.thoughtworks.xstream.core.util.WeakCache.values,0,3,3
com.thoughtworks.xstream.converters.reflection.ReflectionProviderWrapper.getFieldType,0,1,1
com.thoughtworks.xstream.io.binary.Token.writeString,0,7,7
com.thoughtworks.xstream.converters.reflection.AbstractAttributedCharacterIteratorAttributeConverter.canConvert,0,1,1
com.thoughtworks.xstream.io.xml.PrettyPrintWriter.addAttribute,0,6,6
com.thoughtworks.xstream.io.xml.xppdom.XppDom.<init>,0,3,3
com.thoughtworks.xstream.io.binary.BinaryStreamWriter.setValue,0,1,1
com.thoughtworks.xstream.converters.reflection.AbstractReflectionConverter.visit,4,18,22
com.thoughtworks.xstream.io.xml.JDomReader.getAttributeName,0,1,1
com.thoughtworks.xstream.io.xml.XomWriter.top,0,1,1
com.thoughtworks.xstream.io.xml.SaxWriter.setEntityResolver,4,0,4
com.thoughtworks.xstream.mapper.DefaultMapper.aliasForAttribute,1,1,2
com.thoughtworks.xstream.io.xml.SaxWriter.getEntityResolver,1,0,1
com.thoughtworks.xstream.io.xml.XppReader.getAttributeName,0,1,1
com.thoughtworks.xstream.converters.serializablePropertiesFor,0,7,7
com.thoughtworks.xstream.mapper.ClassAliasingMapper.addClassAttributeAlias,1,0,1
com.thoughtworks.xstream.core.util.CustomObjectInputStream.defaultReadObject,0,1,1
com.thoughtworks.xstream.mapper.AnnotationMapper.setupMappers,0,7,7
com.thoughtworks.xstream.io.xml.AbstractXmlDriver.xmlFriendlyReplacer,2,0,2
com.thoughtworks.xstream.core.util.CustomObjectInputStream.CustomGetField,0,1,1
com.thoughtworks.xstream.io.xml.AbstractDocumentReader.moveDown,0,5,5
com.thoughtworks.xstream.security.NoTypePermission.hashCode,1,0,1
com.thoughtworks.xstream.io.xml.JDomReader.getAttribute,0,2,2
com.thoughtworks.xstream.io.xml.XppReader.pullNextEvent,7,9,16
com.thoughtworks.xstream.converters.extended.StackTraceElementFactory.nativeMethodElement,0,1,1
com.thoughtworks.xstream.core.util.WeakCache.clear,0,1,1
com.thoughtworks.xstream.core.util.FastStack.size,0,1,1
com.thoughtworks.xstream.io.AbstractWriter.encodeAttribute,0,1,1
com.thoughtworks.xstream.converters.extended.ISO8601SqlTimestampConverter.toString,0,6,6
com.thoughtworks.xstream.mapper.EnumMapper.getLocalConverter,0,11,11
com.thoughtworks.xstream.core.util.PresortedMap.getKey,0,1,1
com.thoughtworks.xstream.io.xml.Dom4JWriter.top,0,1,1
com.thoughtworks.xstream.converters.basic.CharConverter.unmarshal,0,4,4
com.thoughtworks.xstream.XStream.setupMappers,0,13,13
com.thoughtworks.xstream.persistence.StreamStrategy.null,0,0,0
com.thoughtworks.xstream.core.util.ObjectIdDictionary.WeakIdWrapper,0,2,2
com.thoughtworks.xstream.core.util.Base64JavaUtilCodec.decode,1,0,1
com.thoughtworks.xstream.io.WriterWrapper.addAttribute,0,1,1
com.thoughtworks.xstream.persistence.XmlArrayList.get,0,2,2
com.thoughtworks.xstream.converters.collections.TreeSetConverter.<clinit>, line 133,4,14,18
com.thoughtworks.xstream.core.util.PresortedSet.addAll,0,1,1
com.thoughtworks.xstream.io.naming.NameCoder.null,0,0,0
com.thoughtworks.xstream.io.AbstractReader.encodeAttribute,0,1,1
com.thoughtworks.xstream.mapper.AbstractAttributeAliasingMapper.<init>,0,1,1
com.thoughtworks.xstream.io.xml.XmlFriendlyWriter.null,0,0,0
com.thoughtworks.xstream.core.JVM.<init>,0,0,0
com.thoughtworks.xstream.io.binary.BinaryStreamReader.<init>,0,2,2
com.thoughtworks.xstream.converters.propertyDescriptor,1,3,4
com.thoughtworks.xstream.io.path.Path.explicit,0,13,13
com.thoughtworks.xstream.io.xml.DomReader.getParent,0,1,1
com.thoughtworks.xstream.annotations.XStreamConverter.null,0,0,0
com.thoughtworks.xstream.mapper.LambdaMapper.<init>,1,0,1
com.thoughtworks.xstream.XStreamer.toXML,2,12,14
com.thoughtworks.xstream.mapper.AnnotationMapper.realMember,0,3,3
com.thoughtworks.xstream.converters.extended.JavaMethodConverter.unmarshal,1,23,24
com.thoughtworks.xstream.converters.reflection.ExternalizableConverter.<init>,2,3,5
com.thoughtworks.xstream.io.xml.JDom2Reader.getAttribute,0,2,2
com.thoughtworks.xstream.converters.basic.AbstractSingleValueConverter.toString,0,1,1
com.thoughtworks.xstream.io.xml.StaxWriter.<init>,3,8,11
com.thoughtworks.xstream.io.WriterWrapper.close,0,1,1
com.thoughtworks.xstream.io.xml.TraxSource.setXMLReader,1,0,1
com.thoughtworks.xstream.io.xml.Dom4JWriter.setValue,0,1,1
com.thoughtworks.xstream.io.json.JsonWriter.startObject,0,4,4
com.thoughtworks.xstream.core.util.CompositeClassLoader.loadClass,0,1,1
com.thoughtworks.xstream.io.xml.JDom2Reader.<init>,1,3,4
com.thoughtworks.xstream.converters.reflection.CGLIBEnhancedConverter.ReverseEngineeredCallbackFilter,1,0,1
com.thoughtworks.xstream.core.ReferenceByXPathMarshallingStrategy.<init>,0,1,1
com.thoughtworks.xstream.io.xml.JDomDriver.createWriter,2,0,2
com.thoughtworks.xstream.XStream.newDataHolder,0,1,1
com.thoughtworks.xstream.core.util.PresortedMap.clear,1,0,1
com.thoughtworks.xstream.io.xml.PrettyPrintWriter.startNode,0,11,11
com.thoughtworks.xstream.io.path.PathTracker.getPath,0,8,8
com.thoughtworks.xstream.converters.reflection.CGLIBEnhancedConverter.createReverseEngineeredCallbackOfProperType,14,0,14
com.thoughtworks.xstream.io.xml.QNameMap.getDefaultPrefix,1,0,1
com.thoughtworks.xstream.io.path.Path.toString,0,7,7
com.thoughtworks.xstream.io.xml.Dom4JWriter.addAttribute,0,1,1
com.thoughtworks.xstream.io.xml.xppdom.XppDomComparator.compareInternal,1,56,57
com.thoughtworks.xstream.io.AbstractReader.<init>,1,1,2
com.thoughtworks.xstream.io.path.Path.equals,4,7,11
com.thoughtworks.xstream.io.xml.DomWriter.createNode,0,8,8
com.thoughtworks.xstream.persistence.FilePersistenceStrategy.escape,0,8,8
com.thoughtworks.xstream.converters.reflection.ExternalizableConverter.marshal,0,11,11
com.thoughtworks.xstream.io.xml.AbstractDocumentWriter.startNode,0,2,2
com.thoughtworks.xstream.converters.reflection.AbstractReflectionConverter.readResolve,0,3,3
com.thoughtworks.xstream.mapper.ImplicitCollectionMapper.isEquals,1,2,3
com.thoughtworks.xstream.XStream.getConverterLookup,0,1,1
com.thoughtworks.xstream.XStream.readFieldsFromStream,1,0,1
com.thoughtworks.xstream.converters.basic.IntConverter.fromString,1,3,4
com.thoughtworks.xstream.converters.enums.EnumToStringConverter.checkType,0,2,2
com.thoughtworks.xstream.core.util.CustomObjectInputStream.skipBytes,1,0,1
com.thoughtworks.xstream.io.path.PathTracker.popElement,0,4,4
com.thoughtworks.xstream.converters.extended.SqlTimestampConverter.<init>,0,2,2
com.thoughtworks.xstream.core.ReferenceByIdMarshaller.<init>,0,3,3
com.thoughtworks.xstream.mapper.EnumMapper.isReferenceable,0,3,3
com.thoughtworks.xstream.io.xml.JDomWriter.setValue,0,1,1
com.thoughtworks.xstream.mapper.MapperWrapper.isIgnoredElement,0,1,1
com.thoughtworks.xstream.io.xml.AbstractDocumentReader.appendErrors,0,0,0
com.thoughtworks.xstream.io.xml.XmlFriendlyNameCoder.encodeNode,0,1,1
com.thoughtworks.xstream.io.xml.XmlFriendlyNameCoder.encodeAttribute,0,1,1
com.thoughtworks.xstream.core.util.Base64Encoder.<clinit>, line 65,0,2,2
com.thoughtworks.xstream.converters.reflection.SunLimitedUnsafeReflectionProvider.<init>,1,1,2
com.thoughtworks.xstream.io.xml.Dom4JWriter.createNode,0,5,5
com.thoughtworks.xstream.core.util.CustomObjectInputStream.readBoolean,1,0,1
com.thoughtworks.xstream.core.util.SerializationMembers.getSerializablePersistentFields,5,18,23
com.thoughtworks.xstream.core.util.XmlHeaderAwareReader.toString,1,0,1
com.thoughtworks.xstream.core.util.ThreadSafeSimpleDateFormat.format,0,4,4
com.thoughtworks.xstream.io.xml.BEAStaxDriver.createOutputFactory,0,1,1
com.thoughtworks.xstream.io.xml.AbstractXppDriver.createWriter,1,1,2
com.thoughtworks.xstream.mapper.PackageAliasingMapper.realClass,0,11,11
com.thoughtworks.xstream.io.path.PathTracker.<init>,0,4,4
com.thoughtworks.xstream.mapper.ClassAliasingMapper.itemTypeAsAttribute,1,0,1
com.thoughtworks.xstream.converters.reflection.NativeFieldKeySorter.sort,1,0,1
com.thoughtworks.xstream.converters.reflection.SerializableConverter.doMarshal,0,6,6
com.thoughtworks.xstream.mapper.DefaultMapper.defaultImplementationOf,0,1,1
com.thoughtworks.xstream.persistence.XmlMap.<init>,0,1,1
com.thoughtworks.xstream.io.xml.XppReader.appendErrors,0,1,1
com.thoughtworks.xstream.XStream.denyTypesByWildcard,1,0,1
com.thoughtworks.xstream.converters.reflection.FieldDictionary.flushCache,3,0,3
com.thoughtworks.xstream.core.util.FastStack.replaceSilently,1,0,1
com.thoughtworks.xstream.io.xml.DomReader.getNodeName,0,1,1
com.thoughtworks.xstream.io.json.AbstractJsonWriter.handleStateTransition,32,192,224
com.thoughtworks.xstream.converters.reflection.SerializableConverter.canConvert,0,1,1
com.thoughtworks.xstream.mapper.DynamicProxyMapper.realClass,0,3,3
com.thoughtworks.xstream.core.JVM.supportsAWT,1,0,1
com.thoughtworks.xstream.core.TreeMarshaller.start,0,7,7
com.thoughtworks.xstream.converters.DuplicatePropertyException,0,2,2
com.thoughtworks.xstream.core.util.SerializationMembers.callReadResolve,5,8,13
com.thoughtworks.xstream.io.xml.AbstractDocumentReader.<init>,1,5,6
com.thoughtworks.xstream.converters.extended.SqlTimestampConverter.canConvert,0,1,1
com.thoughtworks.xstream.core.util.PrioritizedList.next,0,1,1
com.thoughtworks.xstream.converters.extended.ISO8601GregorianCalendarConverter.fromString,0,1,1
com.thoughtworks.xstream.converters.enums.EnumMapConverter.unmarshal,1,6,7
com.thoughtworks.xstream.core.util.PresortedSet.headSet,1,0,1
com.thoughtworks.xstream.mapper.DefaultMapper.serializedClass,0,1,1
com.thoughtworks.xstream.converters.reflection.CGLIBEnhancedConverter.ReverseEngineeringInvocationHandler,2,0,2
com.thoughtworks.xstream.XStream.fromXML,3,10,13
com.thoughtworks.xstream.core.util.CustomObjectInputStream.available,1,0,1
com.thoughtworks.xstream.converters.basic.BigDecimalConverter.fromString,0,1,1
com.thoughtworks.xstream.io.xml.QNameMap.getDefaultNamespace,1,0,1
com.thoughtworks.xstream.converters.extended.EncodedByteArrayConverter.marshal,0,1,1
com.thoughtworks.xstream.annotations.AnnotationReflectionConverter.marshallField,0,6,6
com.thoughtworks.xstream.converters.extended.ActivationDataFlavorConverter.canConvert,0,1,1
com.thoughtworks.xstream.core.JVM.hasOptimizedTreeMapPutAll,0,1,1
com.thoughtworks.xstream.mapper.FieldAliasingMapper.<init>,0,2,2
com.thoughtworks.xstream.persistence.AbstractFilePersistenceStrategy.equals,7,0,7
com.thoughtworks.xstream.converters.enums.EnumToStringConverter.buildValueMap,0,4,4
com.thoughtworks.xstream.mapper.ImplicitCollectionMapper.ImplicitCollectionMapperForClass,0,1,1
com.thoughtworks.xstream.converters.enums.EnumMapConverter.marshal,0,5,5
com.thoughtworks.xstream.core.util.OrderRetainingMap.remove,5,0,5
com.thoughtworks.xstream.converters.extended.ToAttributedValueConverter.visit,11,34,45
com.thoughtworks.xstream.persistence.FileStreamStrategy.escape,0,10,10
com.thoughtworks.xstream.io.StatefulWriter.<init>,0,2,2
com.thoughtworks.xstream.mapper.DefaultMapper.attributeForAlias,1,1,2
com.thoughtworks.xstream.converters.time.HijrahDateConverter.eraOf,1,0,1
com.thoughtworks.xstream.io.xml.AbstractDocumentWriter.endNodeInternally,0,0,0
com.thoughtworks.xstream.mapper.XmlFriendlyMapper.serializedClass,0,1,1
com.thoughtworks.xstream.converters.<init>,2,13,15
com.thoughtworks.xstream.mapper.XmlFriendlyMapper.realMember,1,0,1
com.thoughtworks.xstream.io.xml.JDom2Driver.<init>,1,1,2
com.thoughtworks.xstream.io.xml.XStream11NameCoder.decodeAttribute,1,0,1
com.thoughtworks.xstream.XStream.unmarshal,0,11,11
com.thoughtworks.xstream.mapper.PackageAliasingMapper.serializedClass,0,11,11
com.thoughtworks.xstream.io.xml.XppDomReader.getValue,0,4,4
com.thoughtworks.xstream.core.util.WeakCache.get,0,2,2
com.thoughtworks.xstream.core.util.PresortedSet.contains,1,0,1
com.thoughtworks.xstream.io.AbstractWriter.underlyingWriter,0,1,1
com.thoughtworks.xstream.core.util.PresortedSet.retainAll,1,0,1
com.thoughtworks.xstream.core.MapBackedDataHolder.<init>,0,2,2
com.thoughtworks.xstream.XStream.aliasType,1,2,3
com.thoughtworks.xstream.converters.reflection.SerializableConverter.run,1,2,3
com.thoughtworks.xstream.converters.reflection.ExternalizableConverter.flush,1,0,1
com.thoughtworks.xstream.io.StatefulWriter.addAttribute,0,8,8
com.thoughtworks.xstream.core.util.CustomObjectInputStream.popCallback,0,1,1
com.thoughtworks.xstream.io.xml.XomReader.peekNextChild,4,0,4
com.thoughtworks.xstream.InitializationException.<init>,0,2,2
com.thoughtworks.xstream.mapper.AnnotationMapper.processImplicitCollectionAnnotation,18,2,20
com.thoughtworks.xstream.converters.writeNullField,0,4,4
com.thoughtworks.xstream.core.util.CustomObjectInputStream.getInstance,4,7,11
com.thoughtworks.xstream.io.xml.JDom2Reader.getValue,0,1,1
com.thoughtworks.xstream.io.binary.BinaryStreamReader.peekNextChild,3,0,3
com.thoughtworks.xstream.converters.collections.SingletonMapConverter.<init>,0,1,1
com.thoughtworks.xstream.converters.extended.StackTraceElementConverter.fromString,1,13,14
com.thoughtworks.xstream.io.xml.DomReader.getAttributeName,0,1,1
com.thoughtworks.xstream.core.util.Types.isLambdaType,1,0,1
com.thoughtworks.xstream.mapper.DefaultMapper.isImmutableValueType,0,1,1
com.thoughtworks.xstream.XStream.close,0,4,4
com.thoughtworks.xstream.converters.extended.ISO8601DateConverter.canConvert,0,1,1
com.thoughtworks.xstream.converters.collections.TreeSetConverter.size,1,0,1
com.thoughtworks.xstream.io.xml.StaxWriter.endNode,1,5,6
com.thoughtworks.xstream.io.xml.XppDomReader.<init>,1,2,3
com.thoughtworks.xstream.core.TreeMarshaller.lazilyCreateDataHolder,0,2,2
com.thoughtworks.xstream.io.xml.PrettyPrintWriter.writeText,0,48,48
com.thoughtworks.xstream.converters.collections.MapConverter.putCurrentEntryIntoMap,0,3,3
com.thoughtworks.xstream.io.ReaderWrapper.getAttribute,1,1,2
com.thoughtworks.xstream.converters.reflection.SortableFieldKeySorter.flushCache,1,0,1
com.thoughtworks.xstream.io.xml.QNameMap.registerMapping,0,7,7
com.thoughtworks.xstream.io.AbstractReader.underlyingReader,0,1,1
com.thoughtworks.xstream.XStream.addPermission,0,3,3
com.thoughtworks.xstream.io.json.JettisonMappedXmlDriver.createWriter,7,3,10
com.thoughtworks.xstream.core.util.Fields.locate,0,10,10
com.thoughtworks.xstream.annotations.XStreamAsAttribute.null,0,0,0
com.thoughtworks.xstream.converters.reflection.CGLIBEnhancedConverter.<init>,5,0,5
com.thoughtworks.xstream.converters.collections.ArrayConverter.<init>,0,1,1
com.thoughtworks.xstream.converters.extended.DynamicProxyConverter.marshal,0,8,8
com.thoughtworks.xstream.io.xml.TraxSource.setInputSource,1,0,1
com.thoughtworks.xstream.security.PrimitiveTypePermission.hashCode,1,0,1
com.thoughtworks.xstream.io.ExtendedHierarchicalStreamWriterHelper.startNode,1,2,3
com.thoughtworks.xstream.core.util.ObjectIdDictionary.equals,1,1,2
com.thoughtworks.xstream.io.path.Path.hashCode,0,4,4
com.thoughtworks.xstream.io.binary.Token.contructToken,2,11,13
com.thoughtworks.xstream.io.json.JsonWriter.endObject,0,2,2
com.thoughtworks.xstream.persistence.AbstractFilePersistenceStrategy.next,0,1,1
com.thoughtworks.xstream.converters.time.LocalDateTimeConverter.canConvert,1,0,1
com.thoughtworks.xstream.converters.extended.SubjectConverter.marshalPublicCredentials,0,0,0
com.thoughtworks.xstream.io.xml.StaxDriver.createReader,14,2,16
com.thoughtworks.xstream.converters.enums.EnumSingleValueConverter.<init>,1,2,3
com.thoughtworks.xstream.mapper.ClassAliasingMapper.aliasIsAttribute,1,0,1
com.thoughtworks.xstream.core.util.CustomObjectInputStream.readChar,1,0,1
com.thoughtworks.xstream.converters.reflection.AbstractReflectionConverter.handleUnknownField,0,5,5
com.thoughtworks.xstream.core.util.SelfStreamingInstanceChecker.getConverter,0,1,1
com.thoughtworks.xstream.converters.reflection.SerializableConverter.doMarshalConditionally,3,0,3
com.thoughtworks.xstream.core.util.CompositeClassLoader.add,5,15,20
com.thoughtworks.xstream.converters.set,5,0,5
com.thoughtworks.xstream.converters.reflection.SunUnsafeReflectionProvider.readResolve,0,2,2
com.thoughtworks.xstream.core.ReferenceByIdUnmarshaller.<init>,0,1,1
com.thoughtworks.xstream.converters.time.OffsetDateTimeConverter.canConvert,1,0,1
com.thoughtworks.xstream.converters.basic.DateConverter.toString,0,4,4
com.thoughtworks.xstream.XStream.toXML,4,7,11
com.thoughtworks.xstream.core.util.ObjectIdDictionary.associateId,0,2,2
com.thoughtworks.xstream.converters.ErrorWritingException.keys,0,1,1
com.thoughtworks.xstream.security.NoTypePermission.allows,0,1,1
com.thoughtworks.xstream.converters.reflection.PureJavaReflectionProvider.setFieldDictionary,1,0,1
com.thoughtworks.xstream.converters.reflection.AbstractReflectionConverter.writeField,0,18,18
com.thoughtworks.xstream.mapper.AttributeAliasingMapper.aliasForAttribute,0,2,2
com.thoughtworks.xstream.core.util.CustomObjectInputStream.registerValidation,0,1,1
com.thoughtworks.xstream.mapper.ImmutableTypesMapper.addImmutableType,1,4,5
com.thoughtworks.xstream.converters.basic.CharConverter.toString,0,2,2
com.thoughtworks.xstream.core.TreeUnmarshaller.start,0,8,8
com.thoughtworks.xstream.io.json.AbstractJsonWriter.IllegalWriterStateException,1,0,1
com.thoughtworks.xstream.converters.ErrorWritingException.set,7,0,7
com.thoughtworks.xstream.io.binary.BinaryStreamReader.get,1,3,4
com.thoughtworks.xstream.XStream.marshal,0,2,2
com.thoughtworks.xstream.converters.reflection.SunLimitedUnsafeReflectionProvider.readResolve,2,0,2
com.thoughtworks.xstream.converters.reflection.SerializationMethodInvoker.callWriteReplace,1,0,1
com.thoughtworks.xstream.core.JVM.isAWTAvailable,0,1,1
com.thoughtworks.xstream.core.util.WeakCache.iterate,3,16,19
com.thoughtworks.xstream.core.util.WeakCache.keySet,0,1,1
com.thoughtworks.xstream.mapper.AnnotationMapper.serializedClass,0,3,3
com.thoughtworks.xstream.converters.isReadable,1,0,1
com.thoughtworks.xstream.mapper.EnumMapper.isImmutableValueType,0,1,1
com.thoughtworks.xstream.converters.time.ValueRangeConverter.write,3,0,3
com.thoughtworks.xstream.converters.extended.SqlTimestampConverter.toString,0,10,10
com.thoughtworks.xstream.XStream.buildMapper,1,26,27
com.thoughtworks.xstream.XStreamer.getDefaultPermissions,0,1,1
com.thoughtworks.xstream.mapper.CachingMapper.flushCache,1,0,1
com.thoughtworks.xstream.io.xml.JDomWriter.top,0,1,1
com.thoughtworks.xstream.io.xml.StandardStaxDriver.createOutputFactory,10,0,10
com.thoughtworks.xstream.core.util.Primitives.box,0,1,1
com.thoughtworks.xstream.io.xml.Dom4JReader.getChildCount,0,1,1
com.thoughtworks.xstream.core.util.FastStack.hasStuff,0,1,1
com.thoughtworks.xstream.io.json.JsonWriter.underlyingWriter,0,1,1
com.thoughtworks.xstream.converters.reflection.LambdaConverter.marshal,2,0,2
com.thoughtworks.xstream.converters.extended.JavaFieldConverter.unmarshal,1,12,13
com.thoughtworks.xstream.security.RegExpTypePermission.allows,0,6,6
com.thoughtworks.xstream.converters.collections.CollectionConverter.canConvert,0,3,3
com.thoughtworks.xstream.mapper.XmlFriendlyMapper.<init>,0,1,1
com.thoughtworks.xstream.core.util.OrderRetainingMap.keySet,0,1,1
com.thoughtworks.xstream.mapper.ClassAliasingMapper.<init>,0,1,1
com.thoughtworks.xstream.io.xml.DomDriver.<init>,1,4,5
com.thoughtworks.xstream.converters.extended.ISO8601GregorianCalendarConverter.toString,0,1,1
com.thoughtworks.xstream.core.util.PresortedMap.<init>,1,3,4
com.thoughtworks.xstream.core.util.CustomObjectOutputStream.writeChars,1,0,1
com.thoughtworks.xstream.persistence.AbstractFilePersistenceStrategy.put,0,4,4
com.thoughtworks.xstream.converters.basic.ByteConverter.fromString,1,3,4
com.thoughtworks.xstream.io.xml.DomDriver.createDocumentBuilderFactory,4,7,11
com.thoughtworks.xstream.io.ReaderWrapper.hasMoreChildren,0,1,1
com.thoughtworks.xstream.annotations.Annotations.<init>,0,0,0
com.thoughtworks.xstream.persistence.FileStreamStrategy.getName,0,1,1
com.thoughtworks.xstream.io.xml.xppdom.XppDom.getChildren,10,2,12
com.thoughtworks.xstream.io.xml.Dom4JDriver.createWriter,4,2,6
com.thoughtworks.xstream.core.JVM.bestReflectionProvider,3,0,3
com.thoughtworks.xstream.core.util.ArrayIterator.remove,1,0,1
com.thoughtworks.xstream.io.path.PathTracker.depth,0,1,1
com.thoughtworks.xstream.converters.reflection.AbstractReflectionConverter.shouldUnmarshalTransientFields,0,1,1
com.thoughtworks.xstream.core.util.SerializationMembers.noMethod,0,0,0
com.thoughtworks.xstream.core.TreeMarshallingStrategy.createMarshallingContext,0,1,1
com.thoughtworks.xstream.converters.time.ValueRangeConverter.marshal,5,0,5
com.thoughtworks.xstream.io.xml.XmlFriendlyNameCoder.<init>,0,6,6
com.thoughtworks.xstream.io.xml.KXml2Driver.createParser,0,1,1
com.thoughtworks.xstream.persistence.AbstractFilePersistenceStrategy.readFile,1,7,8
com.thoughtworks.xstream.io.xml.StandardStaxDriver.createInputFactory,5,7,12
com.thoughtworks.xstream.core.MapBackedDataHolder.put,0,1,1
com.thoughtworks.xstream.core.AbstractReferenceMarshaller.registerImplicit,0,3,3
com.thoughtworks.xstream.core.util.QuickWriter.close,1,4,5
com.thoughtworks.xstream.converters.extended.CurrencyConverter.canConvert,0,1,1
com.thoughtworks.xstream.persistence.PersistenceStrategy.null,0,0,0
com.thoughtworks.xstream.io.binary.ReaderDepthState.getAttributeNames,0,4,4
com.thoughtworks.xstream.converters.collections.TreeSetConverter.unmarshal,11,16,27
com.thoughtworks.xstream.converters.extended.ColorConverter.marshal,0,5,5
com.thoughtworks.xstream.converters.extended.StackTraceElementConverter.canConvert,0,1,1
com.thoughtworks.xstream.converters.basic.BooleanConverter.<init>,0,4,4
com.thoughtworks.xstream.io.xml.JDom2Reader.reassignCurrentElement,0,1,1
com.thoughtworks.xstream.io.binary.Token.Attribute,0,4,4
com.thoughtworks.xstream.persistence.XmlArrayList.rangeCheck,1,2,3
com.thoughtworks.xstream.mapper.DefaultMapper.realMember,0,1,1
com.thoughtworks.xstream.persistence.AbstractFilePersistenceStrategy.<init>,0,4,4
com.thoughtworks.xstream.core.util.OrderRetainingMap.<init>,0,3,3
com.thoughtworks.xstream.core.util.PresortedMap.firstKey,1,0,1
com.thoughtworks.xstream.converters.reflection.AbstractReflectionConverter.unmarshallField,0,1,1
com.thoughtworks.xstream.mapper.LambdaMapper.serializedClass,14,0,14
com.thoughtworks.xstream.io.naming.StaticNameCoder.encodeAttribute,2,0,2
com.thoughtworks.xstream.converters.basic.DoubleConverter.fromString,0,1,1
com.thoughtworks.xstream.mapper.DefaultMapper.getConverterFromItemType,2,1,3
com.thoughtworks.xstream.converters.reflection.SortableFieldKeySorter.FieldComparator,2,0,2
com.thoughtworks.xstream.core.util.Fields.wrap,3,0,3
com.thoughtworks.xstream.converters.extended.ISO8601SqlTimestampConverter.fromString,0,12,12
com.thoughtworks.xstream.core.JVM.is9,1,0,1
com.thoughtworks.xstream.io.binary.ReaderDepthState.setHasMoreChildren,0,1,1
com.thoughtworks.xstream.converters.reflection.AbstractAttributedCharacterIteratorAttributeConverter.toString,0,1,1
com.thoughtworks.xstream.persistence.FilePersistenceStrategy.extractKey,6,10,16
com.thoughtworks.xstream.persistence.FilePersistenceStrategy.unescape,0,8,8
com.thoughtworks.xstream.converters.collections.CollectionConverter.populateCollection,0,5,5
com.thoughtworks.xstream.core.JVM.flushCache,0,0,0
com.thoughtworks.xstream.io.xml.XppReader.createParser,4,3,7
com.thoughtworks.xstream.mapper.LocalConversionMapper.readResolve,0,2,2
com.thoughtworks.xstream.mapper.XStream11XmlFriendlyMapper.mapNameFromXML,1,0,1
com.thoughtworks.xstream.converters.collections.CollectionConverter.createCollection,0,1,1
com.thoughtworks.xstream.core.util.PresortedMap.containsKey,1,0,1
com.thoughtworks.xstream.mapper.DefaultImplementationsMapper.<init>,0,2,2
com.thoughtworks.xstream.io.xml.SaxWriter.flush,0,0,0
com.thoughtworks.xstream.XStream.aliasPackage,1,2,3
com.thoughtworks.xstream.core.util.PresortedSet.remove,1,0,1
com.thoughtworks.xstream.converters.reflection.PureJavaReflectionProvider.newInstance,13,10,23
com.thoughtworks.xstream.converters.extended.DurationConverter.<init>,0,2,2
com.thoughtworks.xstream.converters.reflection.AbstractReflectionConverter.unmarshal,0,3,3
com.thoughtworks.xstream.io.xml.StaxDriver.createParser,2,1,3
com.thoughtworks.xstream.persistence.AbstractFilePersistenceStrategy.accept,0,1,1
com.thoughtworks.xstream.io.xml.SaxWriter.parse,6,10,16
com.thoughtworks.xstream.io.xml.SaxWriter.startDocument,0,4,4
com.thoughtworks.xstream.core.util.PrioritizedList.equals,1,0,1
com.thoughtworks.xstream.converters.extended.ISO8601GregorianCalendarConverter.canConvert,0,1,1
com.thoughtworks.xstream.security.ArrayTypePermission.hashCode,1,0,1
com.thoughtworks.xstream.converters.reflection.AbstractAttributedCharacterIteratorAttributeConverter.<clinit>, line 143,0,6,6
com.thoughtworks.xstream.converters.time.MonthDayConverter.canConvert,1,0,1
com.thoughtworks.xstream.io.naming.NameCoderWrapper.encodeAttribute,1,0,1
com.thoughtworks.xstream.io.xml.Xpp3DomDriver.<init>,1,1,2
com.thoughtworks.xstream.converters.extended.NamedArrayConverter.marshal,0,12,12
com.thoughtworks.xstream.persistence.AbstractFilePersistenceStrategy.isValid,0,1,1
com.thoughtworks.xstream.converters.collections.AbstractCollectionConverter.readBareItem,0,2,2
com.thoughtworks.xstream.converters.collections.TreeSetConverter.<init>,0,2,2
com.thoughtworks.xstream.converters.basic.DateConverter.<clinit>, line 57,2,24,26
com.thoughtworks.xstream.converters.extended.RegexPatternConverter.marshal,0,7,7
com.thoughtworks.xstream.core.util.Base64Encoder.mapCharToInt,0,8,8
com.thoughtworks.xstream.core.util.OrderRetainingMap.put,1,5,6
com.thoughtworks.xstream.converters.collections.AbstractCollectionConverter.readCompleteItem,0,4,4
com.thoughtworks.xstream.io.xml.SaxWriter.getErrorHandler,1,0,1
com.thoughtworks.xstream.io.path.Path.normalize,0,4,4
com.thoughtworks.xstream.converters.reflection.SunLimitedUnsafeReflectionProvider.newInstance,6,8,14
com.thoughtworks.xstream.converters.collections.MapConverter.unmarshal,0,3,3
com.thoughtworks.xstream.io.json.JsonWriter.endNewLine,0,4,4
com.thoughtworks.xstream.core.util.DependencyInjectionFactory.compare,9,89,98
com.thoughtworks.xstream.core.AbstractReferenceMarshaller.get,0,1,1
com.thoughtworks.xstream.converters.time.ChronologyConverter.canConvert,1,0,1
com.thoughtworks.xstream.converters.shouldVisit,0,1,1
com.thoughtworks.xstream.io.AbstractDriver.createReader,6,2,8
com.thoughtworks.xstream.mapper.MapperWrapper.lookupMapperOfType,0,1,1
com.thoughtworks.xstream.io.xml.WstxDriver.createOutputFactory,0,1,1
com.thoughtworks.xstream.core.util.WeakCache.toString,1,0,1
com.thoughtworks.xstream.converters.extended.SqlTimeConverter.canConvert,0,1,1
com.thoughtworks.xstream.converters.reflection.CGLIBEnhancedConverter.unmarshal,45,0,45
com.thoughtworks.xstream.mapper.AbstractXmlFriendlyMapper.escapeFieldName,10,0,10
com.thoughtworks.xstream.io.json.JsonWriter.flush,0,1,1
com.thoughtworks.xstream.io.binary.BinaryStreamReader.getAttributeCount,0,1,1
com.thoughtworks.xstream.core.util.PrioritizedList.PrioritizedItem,0,3,3
com.thoughtworks.xstream.io.xml.xppdom.XppDom.getValue,0,1,1
com.thoughtworks.xstream.mapper.SecurityMapper.realClass,0,6,6
com.thoughtworks.xstream.io.StatefulWriter.state,0,1,1
com.thoughtworks.xstream.converters.extended.CharsetConverter.fromString,0,1,1
com.thoughtworks.xstream.io.xml.AbstractXppDomDriver.createWriter,2,0,2
com.thoughtworks.xstream.io.xml.StaxWriter.isNamespaceRepairingMode,0,1,1
com.thoughtworks.xstream.io.xml.WstxDriver.<init>,5,1,6
com.thoughtworks.xstream.core.AbstractReferenceMarshaller.ReferencedImplicitElementException,0,3,3
com.thoughtworks.xstream.mapper.ImplicitCollectionMapper.equals,1,3,4
com.thoughtworks.xstream.mapper.MapperWrapper.getImplicitCollectionDefForFieldName,0,1,1
com.thoughtworks.xstream.core.util.ThreadSafeSimpleDateFormat.<init>,0,4,4
com.thoughtworks.xstream.security.ExplicitTypePermission.<init>,0,2,2
com.thoughtworks.xstream.io.xml.PrettyPrintWriter.getNewLine,0,1,1
com.thoughtworks.xstream.io.binary.BinaryStreamReader.moveDown,4,23,27
com.thoughtworks.xstream.core.util.WeakCache.remove,0,2,2
com.thoughtworks.xstream.io.binary.ReaderDepthState.setName,0,1,1
com.thoughtworks.xstream.converters.time.ValueRangeConverter.canConvert,1,0,1
com.thoughtworks.xstream.core.util.CustomObjectInputStream.defaulted,0,1,1
com.thoughtworks.xstream.mapper.AnnotationMapper.processTypes,1,30,31
com.thoughtworks.xstream.io.path.PathTrackingReader.moveUp,0,2,2
com.thoughtworks.xstream.io.xml.Dom4JXmlWriter.flush,3,0,3
com.thoughtworks.xstream.converters.collections.ArrayConverter.canConvert,0,1,1
com.thoughtworks.xstream.converters.time.OffsetTimeConverter.toString,4,0,4
com.thoughtworks.xstream.converters.extended.NamedMapConverter.writeItem,0,9,9
com.thoughtworks.xstream.converters.reflection.PureJavaReflectionProvider.readResolve,2,0,2
com.thoughtworks.xstream.core.util.PresortedMap.subMap,1,0,1
com.thoughtworks.xstream.mapper.DynamicProxyMapper.<init>,0,3,3
com.thoughtworks.xstream.io.StatefulWriter.startNode,0,4,4
com.thoughtworks.xstream.converters.extended.JavaMethodConverter.<init>,1,2,3
com.thoughtworks.xstream.mapper.DefaultImplementationsMapper.defaultImplementationOf,0,3,3
com.thoughtworks.xstream.mapper.XStream11XmlFriendlyMapper.<init>,0,1,1
com.thoughtworks.xstream.security.ArrayTypePermission.allows,0,1,1
com.thoughtworks.xstream.core.util.PresortedMap.keySet,0,5,5
com.thoughtworks.xstream.io.binary.BinaryStreamReader.hasMoreChildren,0,1,1
com.thoughtworks.xstream.core.util.CustomObjectInputStream.readUnshared,1,0,1
com.thoughtworks.xstream.converters.reflection.AbstractReflectionConverter.writeItem,4,49,53
com.thoughtworks.xstream.core.JVM.reverseFieldDefinition,0,1,1
com.thoughtworks.xstream.XStream.addImplicitCollection,0,3,3
com.thoughtworks.xstream.io.binary.BinaryStreamReader.getValue,0,1,1
com.thoughtworks.xstream.mapper.CachingMapper.<init>,0,2,2
com.thoughtworks.xstream.mapper.DefaultMapper.<init>,0,2,2
com.thoughtworks.xstream.converters.enums.EnumToStringConverter.fromString,5,4,9
com.thoughtworks.xstream.io.xml.SjsxpDriver.<init>,3,1,4
com.thoughtworks.xstream.mapper.DefaultImplementationsMapper.addDefaults,0,9,9
com.thoughtworks.xstream.converters.reflection.SelfStreamingInstanceChecker.<init>,1,0,1
com.thoughtworks.xstream.converters.reflection.SerializableConverter.readField,0,2,2
com.thoughtworks.xstream.mapper.LocalConversionMapper.getLocalSingleValueConverter,0,5,5
com.thoughtworks.xstream.io.xml.JDom2Writer.setValue,0,1,1
com.thoughtworks.xstream.io.xml.XomReader.getParent,0,1,1
com.thoughtworks.xstream.io.xml.XomWriter.addAttribute,0,1,1
com.thoughtworks.xstream.core.util.Fields.write,4,2,6
com.thoughtworks.xstream.converters.UnmarshallingContext.null,0,0,0
com.thoughtworks.xstream.core.util.PrioritizedList.PrioritizedItemIterator,0,1,1
com.thoughtworks.xstream.converters.reflection.MissingFieldException.getFieldName,1,0,1
com.thoughtworks.xstream.core.AbstractReferenceMarshaller.replace,0,1,1
com.thoughtworks.xstream.XStream.addImplicitMap,1,3,4
com.thoughtworks.xstream.core.util.PresortedMap.tailMap,1,0,1
com.thoughtworks.xstream.converters.basic.URIConverter.fromString,1,2,3
com.thoughtworks.xstream.XStream.<init>,5,21,26
com.thoughtworks.xstream.io.xml.TraxSource.getXMLReader,0,3,3
com.thoughtworks.xstream.converters.reflection.CGLIBEnhancedConverter.CGLIBFilteringReflectionProvider,1,0,1
com.thoughtworks.xstream.core.AbstractReferenceUnmarshaller.<init>,0,1,1
com.thoughtworks.xstream.core.DefaultConverterLookup.readResolve,0,3,3
com.thoughtworks.xstream.core.TreeMarshaller.put,0,2,2
com.thoughtworks.xstream.core.TreeMarshallingStrategy.createUnmarshallingContext,0,1,1
com.thoughtworks.xstream.core.ReferenceByIdMarshaller.createReference,0,1,1
com.thoughtworks.xstream.io.xml.AbstractXmlReader.<init>,2,1,3
com.thoughtworks.xstream.io.xml.DocumentWriter.null,0,0,0
com.thoughtworks.xstream.io.binary.BinaryStreamReader.getNodeName,0,1,1
com.thoughtworks.xstream.converters.ErrorWriter.null,0,0,0
com.thoughtworks.xstream.io.xml.StaxDriver.isRepairingNamespace,0,1,1
com.thoughtworks.xstream.core.util.Base64JavaUtilCodec.<init>,3,0,3
com.thoughtworks.xstream.converters.time.ValueRangeConverter.<init>,1,0,1
com.thoughtworks.xstream.io.xml.SaxWriter.setDTDHandler,1,3,4
com.thoughtworks.xstream.mapper.MapperWrapper.shouldSerializeMember,0,1,1
com.thoughtworks.xstream.converters.reflection.ExternalizableConverter.close,9,7,16
com.thoughtworks.xstream.core.TreeUnmarshaller.addInformationTo,1,7,8
com.thoughtworks.xstream.converters.reflection.FieldDictionary.getDictionaryEntry,0,1,1
com.thoughtworks.xstream.io.copy.HierarchicalStreamCopier.copy,0,12,12
com.thoughtworks.xstream.converters.time.JapaneseEraConverter.fromString,7,0,7
com.thoughtworks.xstream.converters.DuplicateFieldException,1,0,1
com.thoughtworks.xstream.io.xml.Dom4JWriter.<init>,6,4,10
com.thoughtworks.xstream.mapper.DefaultMapper.getLocalConverter,0,1,1
com.thoughtworks.xstream.converters.time.SystemClockConverter.<init>,2,0,2
com.thoughtworks.xstream.mapper.ImplicitCollectionMapper.add,3,32,35
com.thoughtworks.xstream.mapper.ImplicitCollectionMapper.ImplicitCollectionMappingImpl,0,4,4
com.thoughtworks.xstream.core.util.Base64JAXBCodec.encode,0,1,1
com.thoughtworks.xstream.persistence.XmlMap.remove,0,1,1
com.thoughtworks.xstream.core.util.CustomObjectOutputStream.writeShort,0,1,1
com.thoughtworks.xstream.io.xml.XomReader.getValue,0,8,8
com.thoughtworks.xstream.mapper.DefaultMapper.getImplicitCollectionDefForFieldName,0,1,1
com.thoughtworks.xstream.io.json.JsonWriter.getNameCoder,0,1,1
com.thoughtworks.xstream.converters.reflection.AbstractAttributedCharacterIteratorAttributeConverter.fromString,4,3,7
com.thoughtworks.xstream.converters.reflection.XStream12FieldKeySorter.compare,0,10,10
com.thoughtworks.xstream.io.xml.Dom4JReader.getAttributeName,0,1,1
com.thoughtworks.xstream.mapper.AnnotationMapper.processOmitFieldAnnotation,1,4,5
com.thoughtworks.xstream.persistence.XmlSet.findEmptyKey,0,4,4
com.thoughtworks.xstream.XStream.setMarshallingStrategy,0,1,1
com.thoughtworks.xstream.core.util.CustomObjectInputStream.readObjectOverride,0,1,1
com.thoughtworks.xstream.io.xml.SjsxpDriver.createOutputFactory,4,3,7
com.thoughtworks.xstream.mapper.MapperWrapper.serializedClass,0,1,1
com.thoughtworks.xstream.converters.collections.MapConverter.populateMap,0,5,5
com.thoughtworks.xstream.converters.collections.CollectionConverter.marshal,0,4,4
com.thoughtworks.xstream.mapper.ClassAliasingMapper.addTypeAlias,0,2,2
com.thoughtworks.xstream.converters.reflection.SunUnsafeReflectionProvider.getFieldOffset,0,5,5
com.thoughtworks.xstream.mapper.AnnotationMapper.writeObject,5,0,5
com.thoughtworks.xstream.core.util.CustomObjectInputStream.readUnsignedShort,0,1,1
com.thoughtworks.xstream.converters.reflection.AbstractReflectionConverter.marshal,0,9,9
com.thoughtworks.xstream.io.xml.DomReader.<init>,3,4,7
com.thoughtworks.xstream.mapper.CachingMapper.realClass,0,13,13
com.thoughtworks.xstream.converters.extended.StackTraceElementFactory.create,0,6,6
com.thoughtworks.xstream.converters.extended.SubjectConverter.marshalPrivateCredentials,0,0,0
com.thoughtworks.xstream.converters.SingleValueConverter.null,0,0,0
com.thoughtworks.xstream.mapper.PackageAliasingMapper.compare,0,1,1
com.thoughtworks.xstream.mapper.SystemAttributeAliasingMapper.aliasForSystemAttribute,0,6,6
com.thoughtworks.xstream.core.JVM.canUseSunUnsafeReflectionProvider,0,1,1
com.thoughtworks.xstream.io.binary.ReaderDepthState.next,0,2,2
com.thoughtworks.xstream.XStream.createObjectInputStream,1,3,4
com.thoughtworks.xstream.converters.reflection.AbstractAttributedCharacterIteratorAttributeConverter.<init>,1,3,4
com.thoughtworks.xstream.security.WildcardTypePermission.getRegExpPatterns,9,28,37
com.thoughtworks.xstream.converters.enums.EnumSetConverter.<init>,0,1,1
com.thoughtworks.xstream.io.binary.ReaderDepthState.getValue,0,1,1
com.thoughtworks.xstream.io.xml.StaxDriver.createOutputFactory,0,1,1
com.thoughtworks.xstream.converters.enums.EnumSetConverter.marshal,0,6,6
com.thoughtworks.xstream.converters.null,0,0,0
com.thoughtworks.xstream.io.xml.StaxReader.pullElementName,0,2,2
com.thoughtworks.xstream.io.xml.StaxReader.close,3,0,3
com.thoughtworks.xstream.mapper.DefaultMapper.getConverterFromAttribute,2,1,3
com.thoughtworks.xstream.mapper.FieldAliasingMapper.addFieldsToIgnore,2,0,2
com.thoughtworks.xstream.converters.collections.TreeSetConverter.add,0,1,1
com.thoughtworks.xstream.io.xml.XppDomDriver.<init>,3,0,3
com.thoughtworks.xstream.converters.reflection.AbstractReflectionConverter.<init>,0,4,4
com.thoughtworks.xstream.core.util.PresortedMap.setValue,1,1,2
com.thoughtworks.xstream.converters.basic.StringConverter.fromString,0,7,7
com.thoughtworks.xstream.converters.sort,0,4,4
com.thoughtworks.xstream.io.xml.XppDriver.createDefaultParser,0,3,3
com.thoughtworks.xstream.converters.reflection.AbstractAttributedCharacterIteratorAttributeConverter.getAttributeMap,0,5,5
com.thoughtworks.xstream.converters.time.HijrahDateConverter.canConvert,1,0,1
com.thoughtworks.xstream.core.util.SelfStreamingInstanceChecker.marshal,0,3,3
com.thoughtworks.xstream.converters.reflection.FieldDictionary.DictionaryEntry,0,3,3
com.thoughtworks.xstream.io.AttributeNameIterator.hasNext,0,1,1
com.thoughtworks.xstream.core.JVM.supportsSQL,1,0,1
com.thoughtworks.xstream.io.json.AbstractJsonWriter.<init>,3,4,7
com.thoughtworks.xstream.io.xml.StaxReader.pullNextEvent,3,13,16
com.thoughtworks.xstream.converters.collections.CharArrayConverter.canConvert,0,1,1
com.thoughtworks.xstream.core.util.ClassLoaderReference.writeReplace,1,0,1
com.thoughtworks.xstream.mapper.EnumMapper.flushCache,3,0,3
com.thoughtworks.xstream.io.path.PathTrackingReader.appendErrors,0,2,2
com.thoughtworks.xstream.converters.extended.SubjectConverter.unmarshalReadOnly,0,4,4
com.thoughtworks.xstream.annotations.XStreamInclude.null,0,0,0
com.thoughtworks.xstream.mapper.AnnotationMapper.processAsAttributeAnnotation,1,4,5
com.thoughtworks.xstream.core.util.PresortedMap.remove,1,0,1
com.thoughtworks.xstream.converters.time.YearConverter.canConvert,1,0,1
com.thoughtworks.xstream.converters.basic.NullConverter.canConvert,0,1,1
com.thoughtworks.xstream.converters.extended.PropertyEditorCapableConverter.fromString,0,1,1
com.thoughtworks.xstream.converters.time.JapaneseDateConverter.canConvert,1,0,1
com.thoughtworks.xstream.core.util.ArrayIterator.<init>,0,2,2
com.thoughtworks.xstream.io.xml.JDomWriter.addAttribute,0,1,1
com.thoughtworks.xstream.io.json.AbstractJsonWriter.StackElement,0,2,2
com.thoughtworks.xstream.converters.reflection.SerializableConverter.<init>,2,2,4
com.thoughtworks.xstream.io.binary.ReaderDepthState.addAttribute,0,6,6
