class,missed_branch, covered_branch, total_branch  
org.apache.commons.cli.PatternOptionBuilder,1,43,44
org.apache.commons.cli.Options,0,22,22
org.apache.commons.cli.Option$Builder,0,6,6
org.apache.commons.cli.Parser,20,56,76
org.apache.commons.cli.MissingOptionException,0,6,6
org.apache.commons.cli.HelpFormatter,9,113,122
org.apache.commons.cli.TypeHandler,1,19,20
org.apache.commons.cli.DefaultParser,98,66,164
org.apache.commons.cli.GnuParser,3,17,20
org.apache.commons.cli.AmbiguousOptionException,4,0,4
org.apache.commons.cli.OptionBuilder,0,4,4
org.apache.commons.cli.OptionValidator,0,16,16
org.apache.commons.cli.OptionGroup,2,12,14
org.apache.commons.cli.CommandLine,1,31,32
org.apache.commons.cli.PosixParser,18,34,52
org.apache.commons.cli.Option,22,60,82
org.apache.commons.cli.Util,0,14,14
