class,missed_stmt,covered_stmt,total_stmts
org.apache.commons.cli.PatternOptionBuilder,1,41,42
org.apache.commons.cli.UnrecognizedOptionException,4,0,4
org.apache.commons.cli.CommandLineParser,0,0,0
org.apache.commons.cli.Options,6,50,56
org.apache.commons.cli.Parser,9,80,89
org.apache.commons.cli.HelpFormatter,5,169,174
org.apache.commons.cli.MissingOptionException,0,13,13
org.apache.commons.cli.TypeHandler,1,40,41
org.apache.commons.cli.DefaultParser,89,86,175
org.apache.commons.cli.GnuParser,5,21,26
org.apache.commons.cli.AmbiguousOptionException,15,0,15
org.apache.commons.cli.AlreadySelectedException,0,6,6
org.apache.commons.cli.ParseException,0,1,1
org.apache.commons.cli.OptionBuilder,3,57,60
org.apache.commons.cli.OptionValidator,0,11,11
org.apache.commons.cli.BasicParser,1,0,1
org.apache.commons.cli.OptionGroup,0,30,30
org.apache.commons.cli.CommandLine,0,55,55
org.apache.commons.cli.PosixParser,18,41,59
org.apache.commons.cli.Option,16,120,136
org.apache.commons.cli.MissingArgumentException,0,4,4
org.apache.commons.cli.Util,0,11,11
