method,missed_stmt,covered_stmt,total_stmts
org.codehaus.plexus.util.cli.Commandline.getExecutable,4,0,4
org.codehaus.plexus.util.xml.pull.MXParser.getLineNumber,0,1,1
org.codehaus.plexus.util.cli.Commandline.getSystemEnvVars,1,0,1
org.codehaus.plexus.util.xml.Xpp3Dom.mergeIntoXpp3Dom,1,40,41
org.codehaus.plexus.util.MatchPattern.matchPatternStart,0,4,4
org.codehaus.plexus.util.dag.Vertex.addEdgeTo,0,1,1
org.codehaus.plexus.util.DirectoryWalker.getExcludes,1,0,1
org.codehaus.plexus.util.reflection.Reflector._getMethod,5,21,26
org.codehaus.plexus.util.cli.Commandline.setExecutable,0,2,2
org.codehaus.plexus.util.xml.PrettyPrintXMLWriter.setDepth,0,1,1
org.codehaus.plexus.util.CachedMap.getCacheMissed,15,0,15
org.codehaus.plexus.util.xml.XmlStreamWriter.<init>,0,2,2
org.codehaus.plexus.util.xml.pull.MXParser.setFeature,15,0,15
org.codehaus.plexus.util.FastMap.toString,2,0,2
org.codehaus.plexus.util.DirectoryWalker.addDirectoryWalkListener,0,1,1
org.codehaus.plexus.util.FileUtils.extension,0,10,10
org.codehaus.plexus.util.xml.PrettyPrintXMLWriter.getWriter,0,1,1
org.codehaus.plexus.util.xml.XmlStreamWriter.write,0,3,3
org.codehaus.plexus.util.StringUtils.isAlphanumeric,7,0,7
org.codehaus.plexus.util.xml.Xpp3DomWriter.write,1,15,16
org.codehaus.plexus.util.StringUtils.chop,4,7,11
org.codehaus.plexus.util.DirectoryScanner.isParentSymbolicLink,3,2,5
org.codehaus.plexus.util.xml.pull.MXSerializer.attribute,19,0,19
org.codehaus.plexus.util.xml.SerializerXMLWriter.endElement,3,0,3
org.codehaus.plexus.util.ExceptionUtils.isNestedThrowable,16,0,16
org.codehaus.plexus.util.xml.Xpp3DomBuilder.build,10,51,61
org.codehaus.plexus.util.xml.pull.MXSerializer.closeStartTag,13,0,13
org.codehaus.plexus.util.Os.setName,1,0,1
org.codehaus.plexus.util.StringUtils.getNestedString,9,0,9
org.codehaus.plexus.util.cli.Commandline.execute,3,11,14
org.codehaus.plexus.util.FileUtils.mkDirs,7,0,7
org.codehaus.plexus.util.StringUtils.capitalizeFirstLetter,0,3,3
org.codehaus.plexus.util.cli.StreamPumper.getException,0,1,1
org.codehaus.plexus.util.xml.PrettyPrintXMLWriter.writeDocumentHeaders,4,6,10
org.codehaus.plexus.util.CachedMap.<init>,17,0,17
org.codehaus.plexus.util.cli.Commandline.addArg,4,0,4
org.codehaus.plexus.util.introspection.ReflectionValueExtractor.skipChar,0,1,1
org.codehaus.plexus.util.xml.pull.MXSerializer.endTag,33,0,33
org.codehaus.plexus.util.Base64.discardNonBase64,8,0,8
org.codehaus.plexus.util.InterpolationFilterReader.<init>,0,7,7
org.codehaus.plexus.util.NioFiles.isSymbolicLink,0,1,1
org.codehaus.plexus.util.StringUtils.contains,6,0,6
org.codehaus.plexus.util.SelectorUtils.matchAntPathPattern,21,109,130
org.codehaus.plexus.util.cli.DefaultConsumer.consumeLine,1,2,3
org.codehaus.plexus.util.xml.Xpp3Dom.setValue,0,1,1
org.codehaus.plexus.util.xml.Xpp3Dom.writeToSerializer,4,0,4
org.codehaus.plexus.util.xml.XmlReader.setDefaultEncoding,1,0,1
org.codehaus.plexus.util.StringUtils.reverse,3,0,3
org.codehaus.plexus.util.ReaderFactory.newXmlReader,1,2,3
org.codehaus.plexus.util.xml.pull.MXParser.isEmptyElementTag,1,2,3
org.codehaus.plexus.util.cli.shell.Shell.setSingleQuotedExecutableEscaped,0,1,1
org.codehaus.plexus.util.LineOrientedInterpolatingReader.replaceWithInterpolatedValues,0,7,7
org.codehaus.plexus.util.xml.pull.MXParser.reset,0,30,30
org.codehaus.plexus.util.DirectoryWalker.fireDebugMessage,2,0,2
org.codehaus.plexus.util.cli.shell.Shell.setShellArgs,0,2,2
org.codehaus.plexus.util.FileUtils.copyDirectoryStructure,6,21,27
org.codehaus.plexus.util.cli.shell.Shell.isQuotedArgumentsEnabled,0,1,1
org.codehaus.plexus.util.cli.shell.Shell.setExecutableQuoteDelimiter,0,1,1
org.codehaus.plexus.util.xml.pull.MXParser.getName,1,8,9
org.codehaus.plexus.util.cli.Commandline.setValue,0,2,2
org.codehaus.plexus.util.xml.pull.MXParser.parseCDSect,33,43,76
org.codehaus.plexus.util.dag.TopologicalSorter.dfsVisit,0,6,6
org.codehaus.plexus.util.dag.Vertex.getParentLabels,0,4,4
org.codehaus.plexus.util.cli.shell.Shell.clone,5,0,5
org.codehaus.plexus.util.FileUtils.normalize,0,20,20
org.codehaus.plexus.util.MatchPatterns.<init>,0,1,1
org.codehaus.plexus.util.reflection.Reflector.getStaticField,7,0,7
org.codehaus.plexus.util.xml.XmlUtil.prettyFormat,8,32,40
org.codehaus.plexus.util.xml.XmlStreamWriter.close,0,5,5
org.codehaus.plexus.util.FileUtils.getDefaultExcludes,1,0,1
org.codehaus.plexus.util.ExceptionUtils.getRootCause,6,0,6
org.codehaus.plexus.util.TypeFormat.<clinit>, line 497,4,0,4
org.codehaus.plexus.util.StringUtils.interpolate,11,0,11
org.codehaus.plexus.util.xml.pull.MXParser.isAttributeDefault,5,0,5
org.codehaus.plexus.util.xml.XmlStreamReaderException.<init>,2,0,2
org.codehaus.plexus.util.introspection.ClassMap.getAccessibleMethods,32,3,35
org.codehaus.plexus.util.xml.pull.MXParser.requireInput,1,4,5
org.codehaus.plexus.util.cli.StreamFeeder.getException,1,0,1
org.codehaus.plexus.util.FileUtils.waitFor,1,10,11
org.codehaus.plexus.util.xml.XmlReader.getEncoding,1,0,1
org.codehaus.plexus.util.reflection.Reflector.getField,7,12,19
org.codehaus.plexus.util.Base64.encodeBase64Chunked,1,0,1
org.codehaus.plexus.util.SelectorUtils.isRegexPrefixedPattern,0,1,1
org.codehaus.plexus.util.xml.pull.MXSerializer.entityRef,7,0,7
org.codehaus.plexus.util.DirectoryWalker.fireStep,0,5,5
org.codehaus.plexus.util.reflection.Reflector.getSingleton,8,0,8
org.codehaus.plexus.util.DirectoryWalker.addSCMExcludes,0,3,3
org.codehaus.plexus.util.introspection.ClassMap.getPublicMethod,16,3,19
org.codehaus.plexus.util.cli.shell.Shell.getExecutionPreamble,0,1,1
org.codehaus.plexus.util.AbstractScanner.addDefaultExcludes,0,8,8
org.codehaus.plexus.util.cli.shell.Shell.clearArguments,1,0,1
org.codehaus.plexus.util.xml.PrettyPrintXMLWriter.setWriter,1,2,3
org.codehaus.plexus.util.StringUtils.join,2,16,18
org.codehaus.plexus.util.xml.pull.MXParser.parseEndTag,9,17,26
org.codehaus.plexus.util.xml.XmlReader.getContentTypeEncoding,9,0,9
org.codehaus.plexus.util.reflection.Reflector.getMethod,4,0,4
org.codehaus.plexus.util.StringUtils.replace,7,7,14
org.codehaus.plexus.util.cli.Commandline.<init>,10,10,20
org.codehaus.plexus.util.FileUtils.forceMkdir,4,6,10
org.codehaus.plexus.util.cli.ShutdownHookUtils.removeShutdownHook,0,2,2
org.codehaus.plexus.util.LineOrientedInterpolatingReader.readLine,6,12,18
org.codehaus.plexus.util.StringUtils.isNotEmpty,0,1,1
org.codehaus.plexus.util.reflection.Reflector.<init>,0,0,0
org.codehaus.plexus.util.FastMap.isEmpty,1,0,1
org.codehaus.plexus.util.xml.pull.MXParser.ensureNamespacesCapacity,17,0,17
org.codehaus.plexus.util.Base64.<clinit>, line 124,18,0,18
org.codehaus.plexus.util.NioFiles.createSymbolicLink,5,0,5
org.codehaus.plexus.util.FileUtils.blendFilesToVector,3,0,3
org.codehaus.plexus.util.FileUtils.getDefaultExcludesAsList,1,0,1
org.codehaus.plexus.util.xml.pull.MXParser.parseAttribute,81,58,139
org.codehaus.plexus.util.xml.pull.MXParser.isHighSurrogate,1,0,1
org.codehaus.plexus.util.xml.pull.MXParser.toCodePoint,3,0,3
org.codehaus.plexus.util.xml.XmlWriterUtil.writeCommentLineBreak,1,3,4
org.codehaus.plexus.util.xml.pull.MXParser.<init>,0,2,2
org.codehaus.plexus.util.Base64.encodeBase64,65,0,65
org.codehaus.plexus.util.DirectoryWalker.DirStackEntry,0,2,2
org.codehaus.plexus.util.xml.pull.MXSerializer.comment,7,0,7
org.codehaus.plexus.util.xml.pull.MXSerializer.getWriter,1,0,1
org.codehaus.plexus.util.MatchPatterns.matches,0,9,9
org.codehaus.plexus.util.xml.XmlReader.isAppXml,1,0,1
org.codehaus.plexus.util.LineOrientedInterpolatingReader.evaluateExpressions,6,11,17
org.codehaus.plexus.util.dag.Vertex.isLeaf,0,1,1
org.codehaus.plexus.util.xml.pull.XmlSerializer.null,0,0,0
org.codehaus.plexus.util.DirectoryWalkListener.null,0,0,0
org.codehaus.plexus.util.dag.DAG.addEdge,0,10,10
org.codehaus.plexus.util.CachedMap.getCacheSize,1,0,1
org.codehaus.plexus.util.DirectoryWalker.setBaseDir,0,2,2
org.codehaus.plexus.util.xml.pull.MXParser.parseEpilog,67,15,82
org.codehaus.plexus.util.MatchPattern.<init>,0,7,7
org.codehaus.plexus.util.SweeperPool.stop,0,2,2
org.codehaus.plexus.util.xml.pull.MXParser.getEventType,0,1,1
org.codehaus.plexus.util.xml.PrettyPrintXMLWriter.getElementStack,1,0,1
org.codehaus.plexus.util.CollectionUtils.getFreq,0,5,5
org.codehaus.plexus.util.StringUtils.equalsIgnoreCase,1,0,1
org.codehaus.plexus.util.SweeperPool.<init>,0,8,8
org.codehaus.plexus.util.cli.shell.Shell.getOriginalExecutable,0,1,1
org.codehaus.plexus.util.TypeFormat.parseFloat,4,0,4
org.codehaus.plexus.util.DirectoryScanner.setBasedir,1,1,2
org.codehaus.plexus.util.xml.XmlReader.<init>,25,5,30
org.codehaus.plexus.util.FileUtils.getFileAndDirectoryNames,6,16,22
org.codehaus.plexus.util.FastMap.entrySet,1,0,1
org.codehaus.plexus.util.dag.Vertex.removeEdgeFrom,0,1,1
org.codehaus.plexus.util.xml.XmlReader.doRawStream,0,6,6
org.codehaus.plexus.util.FastMap.hashCode,7,0,7
org.codehaus.plexus.util.ReflectionUtils.getValueIncludingSuperclasses,0,3,3
org.codehaus.plexus.util.LineOrientedInterpolatingReader.read,0,16,16
org.codehaus.plexus.util.StringUtils.replaceOnce,2,0,2
org.codehaus.plexus.util.cli.Commandline.quoteArgument,1,0,1
org.codehaus.plexus.util.Os.setVersion,1,0,1
org.codehaus.plexus.util.AbstractScanner.isIncluded,1,1,2
org.codehaus.plexus.util.SelectorUtils.matchPath,3,5,8
org.codehaus.plexus.util.SelectorUtils.isAntPrefixedPattern,0,1,1
org.codehaus.plexus.util.xml.pull.MXParser.ensureElementsCapacity,1,35,36
org.codehaus.plexus.util.SweeperPool.saneConvert,1,2,3
org.codehaus.plexus.util.cli.Commandline.translateCommandline,1,0,1
org.codehaus.plexus.util.FileUtils.rename,9,0,9
org.codehaus.plexus.util.cli.Commandline.toString,1,1,2
org.codehaus.plexus.util.xml.pull.MXParser.<clinit>, line 3849,0,19,19
org.codehaus.plexus.util.xml.pull.MXParser.parseComment,24,31,55
org.codehaus.plexus.util.introspection.ClassMap.tryUpcasting,4,0,4
org.codehaus.plexus.util.ReflectionUtils.getSetterType,3,0,3
org.codehaus.plexus.util.cli.shell.BourneShell.getShellArgsList,1,5,6
org.codehaus.plexus.util.xml.Xpp3Dom.getChildCount,1,2,3
org.codehaus.plexus.util.PathTool.determineSeparator,0,3,3
org.codehaus.plexus.util.xml.PrettyPrintXMLWriter.setLineIndenter,0,1,1
org.codehaus.plexus.util.cli.StreamFeeder.run,8,0,8
org.codehaus.plexus.util.cli.StreamFeeder.feed,10,0,10
org.codehaus.plexus.util.xml.pull.MXParser.getColumnNumber,0,1,1
org.codehaus.plexus.util.xml.pull.MXParser.ensureAttributesCapacity,6,23,29
org.codehaus.plexus.util.SweeperPool.get,0,5,5
org.codehaus.plexus.util.cli.shell.Shell.isSingleQuotedExecutableEscaped,0,1,1
org.codehaus.plexus.util.dag.DAG.hasEdge,0,4,4
org.codehaus.plexus.util.reflection.Reflector.invokeStatic,18,0,18
org.codehaus.plexus.util.DirectoryScanner.isEverythingIncluded,1,0,1
org.codehaus.plexus.util.ExceptionUtils.addCauseMethodName,4,0,4
org.codehaus.plexus.util.xml.pull.XmlPullParser.null,0,0,0
org.codehaus.plexus.util.xml.pull.MXSerializer.getFeature,7,0,7
org.codehaus.plexus.util.xml.PrettyPrintXMLWriter.addAttribute,0,5,5
org.codehaus.plexus.util.xml.PrettyPrintXMLWriter.getDocType,0,1,1
org.codehaus.plexus.util.NioFiles.deleteIfExists,0,1,1
org.codehaus.plexus.util.reflection.Reflector.getConstructorMap,1,0,1
org.codehaus.plexus.util.cli.shell.Shell.isDoubleQuotedExecutableEscaped,0,1,1
org.codehaus.plexus.util.xml.pull.MXSerializer.getName,1,0,1
org.codehaus.plexus.util.xml.Xpp3Dom.getChild,0,2,2
org.codehaus.plexus.util.cli.shell.Shell.isQuotedExecutableEnabled,0,1,1
org.codehaus.plexus.util.xml.XmlStreamWriter.detectEncoding,11,12,23
org.codehaus.plexus.util.cli.Commandline.setPid,1,0,1
org.codehaus.plexus.util.SweeperPool.dispose,2,10,12
org.codehaus.plexus.util.StringUtils.isWhitespace,7,0,7
org.codehaus.plexus.util.CachedMap.equals,1,0,1
org.codehaus.plexus.util.StringUtils.chompLast,2,5,7
org.codehaus.plexus.util.xml.XmlReader.prepareReader,0,2,2
org.codehaus.plexus.util.TypeFormat.parseDouble,43,0,43
org.codehaus.plexus.util.cli.Commandline.createArg,1,5,6
org.codehaus.plexus.util.StringUtils.isEmpty,0,1,1
org.codehaus.plexus.util.cli.Commandline.setWorkingDirectory,0,4,4
org.codehaus.plexus.util.xml.pull.MXSerializer.flush,3,0,3
org.codehaus.plexus.util.xml.XmlReaderException.getXmlGuessEncoding,1,0,1
org.codehaus.plexus.util.cli.shell.Shell.setSingleQuotedArgumentEscaped,0,1,1
org.codehaus.plexus.util.xml.pull.MXSerializer.setPrefix,25,0,25
org.codehaus.plexus.util.DirectoryScanner.getDeselectedFiles,4,0,4
org.codehaus.plexus.util.FileUtils.fileWrite,1,13,14
org.codehaus.plexus.util.xml.pull.MXParser.nextText,12,0,12
org.codehaus.plexus.util.xml.SerializerXMLWriter.<init>,2,0,2
org.codehaus.plexus.util.xml.pull.MXParser.isSupplementaryCodePoint,0,1,1
org.codehaus.plexus.util.CachedMap.hashCode,1,0,1
org.codehaus.plexus.util.StringUtils.defaultString,2,0,2
org.codehaus.plexus.util.cli.CommandLineUtils.getOutput,1,0,1
org.codehaus.plexus.util.xml.XmlReader.getContentTypeMime,5,0,5
org.codehaus.plexus.util.StringInputStream.mark,3,0,3
org.codehaus.plexus.util.ReaderFactory.newReader,3,0,3
org.codehaus.plexus.util.xml.pull.MXParser.parseProlog,30,44,74
org.codehaus.plexus.util.xml.XmlReader.close,0,1,1
org.codehaus.plexus.util.FastMap.setValue,3,0,3
org.codehaus.plexus.util.FastMap.values,1,0,1
org.codehaus.plexus.util.FileUtils.forceDelete,3,4,7
org.codehaus.plexus.util.introspection.ReflectionValueExtractor.getIndexedValue,1,14,15
org.codehaus.plexus.util.Os.getOsFamily,2,6,8
org.codehaus.plexus.util.MatchPattern.getTokenizedPathChars,0,1,1
org.codehaus.plexus.util.PathTool.calculateLink,8,11,19
org.codehaus.plexus.util.cli.shell.CommandShell.<init>,2,0,2
org.codehaus.plexus.util.DirectoryScanner.setFollowSymlinks,0,1,1
org.codehaus.plexus.util.xml.XmlStreamWriter.getEncoding,1,0,1
org.codehaus.plexus.util.StringUtils.getChomp,6,0,6
org.codehaus.plexus.util.introspection.ClassMap.populateMethodCache,0,7,7
org.codehaus.plexus.util.cli.WriterStreamConsumer.<init>,1,0,1
org.codehaus.plexus.util.cli.shell.Shell.getWorkingDirectory,0,1,1
org.codehaus.plexus.util.xml.Xpp3Dom.isEmpty,0,1,1
org.codehaus.plexus.util.Expand.expandFile,9,0,9
org.codehaus.plexus.util.cli.EnhancedStringTokenizer.isDelim,0,8,8
org.codehaus.plexus.util.dag.CycleDetectedException.getMessage,0,1,1
org.codehaus.plexus.util.introspection.ClassMap.getCachedClass,1,0,1
org.codehaus.plexus.util.NioFiles.getPermissions,20,0,20
org.codehaus.plexus.util.xml.pull.MXSerializer.getNamespace,1,0,1
org.codehaus.plexus.util.introspection.ReflectionValueExtractor.toString,1,0,1
org.codehaus.plexus.util.cli.EnhancedStringTokenizer.hasMoreTokens,0,1,1
org.codehaus.plexus.util.dag.CycleDetector.isNotVisited,0,2,2
org.codehaus.plexus.util.dag.Vertex.getLabel,0,1,1
org.codehaus.plexus.util.NioFiles.readSymbolicLink,2,0,2
org.codehaus.plexus.util.FileUtils.byteCountToDisplaySize,0,9,9
org.codehaus.plexus.util.FastMap.keyHash,6,0,6
org.codehaus.plexus.util.StringUtils.isNumericSpace,7,0,7
org.codehaus.plexus.util.SweeperPool.join,0,1,1
org.codehaus.plexus.util.AbstractScanner.setCaseSensitive,0,1,1
org.codehaus.plexus.util.Java7Detector.<clinit>, line 29,1,4,5
org.codehaus.plexus.util.ExceptionUtils.getThrowables,5,0,5
org.codehaus.plexus.util.FileUtils.fileRead,0,17,17
org.codehaus.plexus.util.FastMap.getKey,1,0,1
org.codehaus.plexus.util.xml.Xpp3Dom.getAttributeNames,0,3,3
org.codehaus.plexus.util.xml.pull.MXParser.getAttributeName,2,3,5
org.codehaus.plexus.util.io.RawInputStreamFacade.getInputStream,1,0,1
org.codehaus.plexus.util.FileUtils.copyFile,6,28,34
org.codehaus.plexus.util.DirectoryScanner.getIncludedDirectories,0,3,3
org.codehaus.plexus.util.xml.pull.MXParser.defineEntityReplacementText,0,14,14
org.codehaus.plexus.util.cli.shell.Shell.getExecutableQuoteDelimiter,0,1,1
org.codehaus.plexus.util.xml.pull.MXParser.ensureEntityCapacity,6,17,23
org.codehaus.plexus.util.AbstractScanner.match,2,0,2
org.codehaus.plexus.util.xml.XmlUtil.prettyFormatInternal,3,41,44
org.codehaus.plexus.util.FileUtils.copyFileToDirectoryIfModified,2,2,4
org.codehaus.plexus.util.FastMap.readObject,7,0,7
org.codehaus.plexus.util.cli.shell.Shell.setDoubleQuotedArgumentEscaped,1,0,1
org.codehaus.plexus.util.DirectoryWalker.toString,1,0,1
org.codehaus.plexus.util.introspection.MethodMap.moreSpecific,13,0,13
org.codehaus.plexus.util.cli.Commandline.verifyShellState,0,4,4
org.codehaus.plexus.util.reflection.Reflector.getObjectProperty,6,19,25
org.codehaus.plexus.util.xml.PrettyPrintXMLWriter.writeMarkup,0,1,1
org.codehaus.plexus.util.xml.pull.MXParser.nextTag,6,0,6
org.codehaus.plexus.util.AbstractScanner.setExcludes,1,6,7
org.codehaus.plexus.util.cli.shell.Shell.setShellCommand,0,1,1
org.codehaus.plexus.util.StringUtils.reverseArray,9,0,9
org.codehaus.plexus.util.InterpolationFilterReader.read,6,53,59
org.codehaus.plexus.util.SelectorUtils.removeWhitespace,6,0,6
org.codehaus.plexus.util.StringUtils.clean,1,0,1
org.codehaus.plexus.util.cli.StreamFeeder.<init>,3,0,3
org.codehaus.plexus.util.dag.DAG.isConnected,3,0,3
org.codehaus.plexus.util.TypeFormat.parseBoolean,1,0,1
org.codehaus.plexus.util.introspection.ReflectionValueExtractor.peekChar,0,1,1
org.codehaus.plexus.util.ReflectionUtils.setVariableValueInObject,0,3,3
org.codehaus.plexus.util.DirectoryWalker.setExcludes,4,0,4
org.codehaus.plexus.util.xml.CompactXMLWriter.endOfLine,0,0,0
org.codehaus.plexus.util.FastMap.containsKey,6,0,6
org.codehaus.plexus.util.DirectoryScanner.isSymbolicLink,3,2,5
org.codehaus.plexus.util.FileUtils.doCopyFileUsingNewIO,0,1,1
org.codehaus.plexus.util.cli.Commandline.getShell,0,1,1
org.codehaus.plexus.util.ReflectionUtils.getFieldsIncludingSuperclasses,5,0,5
org.codehaus.plexus.util.xml.XmlReader.doLenientDetection,15,0,15
org.codehaus.plexus.util.xml.pull.MXSerializer.processingInstruction,7,0,7
org.codehaus.plexus.util.xml.pull.MXParser.ensurePC,6,0,6
org.codehaus.plexus.util.SelectorUtils.tokenizePathToString,0,5,5
org.codehaus.plexus.util.xml.pull.MXSerializer.setFeature,7,0,7
org.codehaus.plexus.util.cli.CommandLineUtils.isAlive,1,5,6
org.codehaus.plexus.util.introspection.ReflectionValueExtractor.getMappedValue,0,9,9
org.codehaus.plexus.util.PathTool.determineRelativePath,2,7,9
org.codehaus.plexus.util.xml.pull.XmlPullParserException.getDetail,1,0,1
org.codehaus.plexus.util.xml.pull.MXParser.skipS,0,3,3
org.codehaus.plexus.util.FileUtils.deleteFile,8,3,11
org.codehaus.plexus.util.cli.shell.Shell.setArgumentQuoteDelimiter,0,1,1
org.codehaus.plexus.util.cli.CommandLineUtils.quote,7,12,19
org.codehaus.plexus.util.xml.Xpp3Dom.toUnescapedString,4,0,4
org.codehaus.plexus.util.LineOrientedInterpolatingReader.<init>,1,11,12
org.codehaus.plexus.util.DirectoryScanner.getExcludedFiles,4,0,4
org.codehaus.plexus.util.cli.shell.Shell.setDoubleQuotedExecutableEscaped,1,0,1
org.codehaus.plexus.util.dag.CycleDetectedException.cycleToString,0,6,6
org.codehaus.plexus.util.cli.Commandline.createArgument,0,6,6
org.codehaus.plexus.util.dag.Vertex.getChildren,0,1,1
org.codehaus.plexus.util.xml.Xpp3Dom.getName,0,1,1
org.codehaus.plexus.util.xml.Xpp3Dom.isNotEmpty,1,0,1
org.codehaus.plexus.util.ReflectionUtils.isSetter,1,0,1
org.codehaus.plexus.util.Java7Detector.isJava7,0,1,1
org.codehaus.plexus.util.cli.shell.Shell.setExecutable,0,3,3
org.codehaus.plexus.util.cli.CommandLineTimeOutException.<init>,2,0,2
org.codehaus.plexus.util.xml.pull.MXParser.parseEntityRef,12,69,81
org.codehaus.plexus.util.xml.Xpp3Dom.toString,0,4,4
org.codehaus.plexus.util.xml.Xpp3DomUtils.mergeIntoXpp3Dom,6,26,32
org.codehaus.plexus.util.xml.pull.MXSerializer.checkInterning,2,0,2
org.codehaus.plexus.util.StringUtils.concatenate,1,0,1
org.codehaus.plexus.util.cli.EnhancedStringTokenizer.internalNextToken,0,13,13
org.codehaus.plexus.util.xml.pull.MXParser.resetStringCache,0,0,0
org.codehaus.plexus.util.xml.pull.MXParser.require,4,0,4
org.codehaus.plexus.util.xml.Xpp3Dom.mergeXpp3Dom,2,6,8
org.codehaus.plexus.util.SelectorUtils.<init>,0,0,0
org.codehaus.plexus.util.dag.Vertex.removeEdgeTo,0,1,1
org.codehaus.plexus.util.xml.pull.MXParser.printable,5,14,19
org.codehaus.plexus.util.StringUtils.left,5,0,5
org.codehaus.plexus.util.xml.Xpp3DomUtils.isNotEmpty,0,1,1
org.codehaus.plexus.util.StringUtils.isNumeric,7,0,7
org.codehaus.plexus.util.FastMap.clone,6,0,6
org.codehaus.plexus.util.introspection.ReflectionValueExtractor.getPropertyValue,1,13,14
org.codehaus.plexus.util.xml.XmlReader.getBOMEncoding,9,11,20
org.codehaus.plexus.util.AbstractScanner.setIncludes,1,6,7
org.codehaus.plexus.util.xml.Xpp3DomUtils.isEmpty,0,1,1
org.codehaus.plexus.util.FileUtils.loadFile,13,0,13
org.codehaus.plexus.util.introspection.MethodMap.isApplicable,2,5,7
org.codehaus.plexus.util.SweeperPool.getSize,0,1,1
org.codehaus.plexus.util.FileUtils.copyDirectoryStructureIfModified,0,1,1
org.codehaus.plexus.util.FileUtils.fileDelete,2,4,6
org.codehaus.plexus.util.xml.Xpp3Dom.setAttribute,0,7,7
org.codehaus.plexus.util.cli.Commandline.setFile,0,1,1
org.codehaus.plexus.util.Os.isOs,1,37,38
org.codehaus.plexus.util.FastMap.equals,17,0,17
org.codehaus.plexus.util.cli.AbstractStreamHandler.setDone,0,1,1
org.codehaus.plexus.util.Expand.extractFile,21,0,21
org.codehaus.plexus.util.CachedMap.get,2,0,2
org.codehaus.plexus.util.SweeperPool.runSweep,0,2,2
org.codehaus.plexus.util.xml.pull.MXParser.getProperty,11,0,11
org.codehaus.plexus.util.xml.pull.MXParser.getNamespacePrefix,3,0,3
org.codehaus.plexus.util.cli.shell.Shell.getWorkingDirectoryAsString,0,1,1
org.codehaus.plexus.util.xml.PrettyPrintXMLWriter.startElement,0,9,9
org.codehaus.plexus.util.FastMap.get,6,0,6
org.codehaus.plexus.util.DirectoryScanner.getBasedir,1,0,1
org.codehaus.plexus.util.cli.shell.Shell.setWorkingDirectory,0,4,4
org.codehaus.plexus.util.xml.XmlReader.doHttpStream,8,0,8
org.codehaus.plexus.util.xml.XmlReader.isTextXml,1,0,1
org.codehaus.plexus.util.xml.pull.MXParser.nextToken,0,2,2
org.codehaus.plexus.util.StringInputStream.close,1,0,1
org.codehaus.plexus.util.StringUtils.mid,9,0,9
org.codehaus.plexus.util.xml.pull.MXSerializer.writeNamespaceDeclarations,12,0,12
org.codehaus.plexus.util.FileUtils.fileExists,0,2,2
org.codehaus.plexus.util.xml.PrettyPrintXMLWriter.escapeXml,0,11,11
org.codehaus.plexus.util.cli.CommandLineException.<init>,1,1,2
org.codehaus.plexus.util.cli.Commandline.setDefaultShell,3,2,5
org.codehaus.plexus.util.cli.Commandline.clearArgs,1,0,1
org.codehaus.plexus.util.CachedMap.flush,6,0,6
org.codehaus.plexus.util.DirectoryScanner.getIncludedFiles,0,3,3
org.codehaus.plexus.util.xml.pull.MXParser.setupFromTemplate,0,8,8
org.codehaus.plexus.util.introspection.ReflectionValueExtractor.<init>,0,0,0
org.codehaus.plexus.util.FileUtils.basename,8,0,8
org.codehaus.plexus.util.xml.pull.MXSerializer.getPrefix,18,0,18
org.codehaus.plexus.util.FileUtils.dirname,2,0,2
org.codehaus.plexus.util.IOUtil.contentEquals,1,11,12
org.codehaus.plexus.util.cli.shell.Shell.getArgumentQuoteDelimiter,0,1,1
org.codehaus.plexus.util.StringUtils.overlayString,1,0,1
org.codehaus.plexus.util.introspection.MethodMap.getApplicables,0,6,6
org.codehaus.plexus.util.StringUtils.isAlphanumericSpace,7,0,7
org.codehaus.plexus.util.cli.shell.CmdShell.getCommandLine,0,5,5
org.codehaus.plexus.util.CachedMap.values,1,0,1
org.codehaus.plexus.util.dag.CycleDetector.introducesCycle,0,11,11
org.codehaus.plexus.util.FileUtils.cleanDirectory,8,9,17
org.codehaus.plexus.util.FastMap.iterator,3,0,3
org.codehaus.plexus.util.xml.pull.EntityReplacementMap.<init>,0,8,8
org.codehaus.plexus.util.ExceptionUtils.getCauseUsingMethodName,7,0,7
org.codehaus.plexus.util.xml.PrettyPrintXMLWriter.writeText,0,7,7
org.codehaus.plexus.util.SelectorUtils.matchAntPathPatternStart,5,16,21
org.codehaus.plexus.util.IOUtil.bufferedCopy,4,0,4
org.codehaus.plexus.util.DirectoryScanner.scan,4,20,24
org.codehaus.plexus.util.dag.CycleDetector.hasCycle,9,0,9
org.codehaus.plexus.util.cli.shell.Shell.getQuotingTriggerChars,0,1,1
org.codehaus.plexus.util.StringUtils.reverseDelimitedString,3,0,3
org.codehaus.plexus.util.cli.CommandLineUtils.run,0,3,3
org.codehaus.plexus.util.xml.pull.MXSerializer.addPrintable,30,0,30
org.codehaus.plexus.util.PathTool.getRelativePath,8,9,17
org.codehaus.plexus.util.SweeperPool.objectAdded,0,0,0
org.codehaus.plexus.util.introspection.ClassMap.MethodInfo,4,0,4
org.codehaus.plexus.util.xml.pull.MXParser.findFragment,6,9,15
org.codehaus.plexus.util.cli.Commandline.setShell,0,1,1
org.codehaus.plexus.util.DirectoryWalker.getNextPercentageOffset,0,1,1
org.codehaus.plexus.util.StringUtils.isAlphaSpace,7,0,7
org.codehaus.plexus.util.xml.XmlReader.getDefaultEncoding,1,0,1
org.codehaus.plexus.util.io.URLInputStreamFacade.<init>,0,1,1
org.codehaus.plexus.util.xml.pull.MXParser.getTextCharacters,16,0,16
org.codehaus.plexus.util.AbstractScanner.matchPatternStart,2,0,2
org.codehaus.plexus.util.Scanner.null,0,0,0
org.codehaus.plexus.util.DirectoryWalker.isExcluded,0,1,1
org.codehaus.plexus.util.StringInputStream.reset,1,0,1
org.codehaus.plexus.util.StringUtils.capitaliseAllWords,15,0,15
org.codehaus.plexus.util.ReflectionUtils.gatherVariablesAndValuesIncludingSuperclasses,0,8,8
org.codehaus.plexus.util.cli.Commandline.getPosition,6,0,6
org.codehaus.plexus.util.xml.pull.MXParser.fillBuf,12,54,66
org.codehaus.plexus.util.xml.pull.MXParser.isS,0,1,1
org.codehaus.plexus.util.cli.StreamPumper.flush,3,3,6
org.codehaus.plexus.util.CachedMap.getBackingMap,1,0,1
org.codehaus.plexus.util.introspection.ReflectionValueExtractor.getPosition,0,1,1
org.codehaus.plexus.util.xml.XmlReaderException.getBomEncoding,1,0,1
org.codehaus.plexus.util.FileUtils.contentEquals,1,20,21
org.codehaus.plexus.util.DirectoryScanner.slowScan,13,0,13
org.codehaus.plexus.util.FileUtils.getFileNames,0,2,2
org.codehaus.plexus.util.FileUtils.copyDirectory,6,0,6
org.codehaus.plexus.util.xml.pull.MXParser.fastHash,3,6,9
org.codehaus.plexus.util.cli.AbstractStreamHandler.isDisabled,0,1,1
org.codehaus.plexus.util.xml.CompactXMLWriter.<init>,2,0,2
org.codehaus.plexus.util.FileUtils.getExtension,0,1,1
org.codehaus.plexus.util.xml.SerializerXMLWriter.storeException,3,0,3
org.codehaus.plexus.util.dag.DAG.getSuccessorLabels,2,5,7
org.codehaus.plexus.util.StringUtils.repeat,0,4,4
org.codehaus.plexus.util.DirectoryWalker.scan,18,10,28
org.codehaus.plexus.util.FileUtils.deleteDirectory,3,6,9
org.codehaus.plexus.util.ReflectionUtils.getFieldByNameIncludingSuperclasses,0,7,7
org.codehaus.plexus.util.cli.AbstractStreamHandler.isDone,0,1,1
org.codehaus.plexus.util.cli.shell.Shell.isSingleQuotedArgumentEscaped,1,0,1
org.codehaus.plexus.util.FileUtils.copyFileToDirectory,2,2,4
org.codehaus.plexus.util.StringUtils.stripEnd,9,0,9
org.codehaus.plexus.util.cli.shell.Shell.addShellArg,1,0,1
org.codehaus.plexus.util.PathTool.uppercaseDrive,1,4,5
org.codehaus.plexus.util.cli.Commandline.clone,5,0,5
org.codehaus.plexus.util.xml.pull.MXParser.parseXmlDecl,3,18,21
org.codehaus.plexus.util.FastMap.clear,17,0,17
org.codehaus.plexus.util.xml.pull.MXSerializer.startDocument,19,0,19
org.codehaus.plexus.util.TypeFormat.parseInt,18,0,18
org.codehaus.plexus.util.cli.CommandLineCallable.null,0,0,0
org.codehaus.plexus.util.ExceptionUtils.getFullStackTrace,8,0,8
org.codehaus.plexus.util.WriterFactory.newWriter,2,0,2
org.codehaus.plexus.util.DirectoryWalker.fireWalkFinished,0,2,2
org.codehaus.plexus.util.StringUtils.lowercaseFirstLetter,0,3,3
org.codehaus.plexus.util.introspection.MethodMap.get,0,1,1
org.codehaus.plexus.util.dag.TopologicalSorter.dfs,0,6,6
org.codehaus.plexus.util.xml.pull.MXSerializer.reset,22,0,22
org.codehaus.plexus.util.FastMap.capacity,1,0,1
org.codehaus.plexus.util.SelectorUtils.matchPatternStart,7,0,7
org.codehaus.plexus.util.FileUtils.getFilesFromExtension,5,14,19
org.codehaus.plexus.util.xml.pull.MXParser.joinPC,1,6,7
org.codehaus.plexus.util.xml.Xpp3Dom.setParent,0,1,1
org.codehaus.plexus.util.xml.PrettyPrintXMLWriter.getDepth,0,1,1
org.codehaus.plexus.util.Expand.execute,1,0,1
org.codehaus.plexus.util.AbstractScanner.matchPath,2,0,2
org.codehaus.plexus.util.StringUtils.uncapitalise,5,0,5
org.codehaus.plexus.util.xml.pull.MXSerializer.setProperty,14,0,14
org.codehaus.plexus.util.FileUtils.mkdir,1,4,5
org.codehaus.plexus.util.io.RawInputStreamFacade.<init>,1,0,1
org.codehaus.plexus.util.DirectoryWalker.relativeToBaseDir,0,1,1
org.codehaus.plexus.util.StringUtils.right,5,0,5
org.codehaus.plexus.util.xml.XmlReader.read,0,1,1
org.codehaus.plexus.util.FastMap.remove,19,0,19
org.codehaus.plexus.util.xml.PrettyPrintXMLWriter.getLineIndenter,0,1,1
org.codehaus.plexus.util.FastMap.next,9,0,9
org.codehaus.plexus.util.MatchPatterns.getMatchPatterns,4,0,4
org.codehaus.plexus.util.xml.pull.XmlPullParserException.getLineNumber,1,0,1
org.codehaus.plexus.util.StringUtils.center,8,0,8
org.codehaus.plexus.util.FileUtils.catPath,1,10,11
org.codehaus.plexus.util.xml.XMLWriter.null,0,0,0
org.codehaus.plexus.util.cli.shell.Shell.setQuotedExecutableEnabled,0,1,1
org.codehaus.plexus.util.xml.pull.MXParser.parsePI,24,44,68
org.codehaus.plexus.util.cli.shell.Shell.getArgumentEscapePattern,1,0,1
org.codehaus.plexus.util.xml.XmlStreamWriter.flush,2,0,2
org.codehaus.plexus.util.xml.SerializerXMLWriter.addAttribute,3,0,3
org.codehaus.plexus.util.xml.pull.MXParser.getAttributeCount,1,2,3
org.codehaus.plexus.util.xml.Xpp3Dom.equals,2,12,14
org.codehaus.plexus.util.FastMap.contains,7,0,7
org.codehaus.plexus.util.Os.isName,1,0,1
org.codehaus.plexus.util.io.InputStreamFacade.null,0,0,0
org.codehaus.plexus.util.cli.CommandLineUtils.executeCommandLineAsCallable,1,3,4
org.codehaus.plexus.util.cli.shell.Shell.getRawCommandLine,2,15,17
org.codehaus.plexus.util.cli.shell.Shell.isDoubleQuotedArgumentEscaped,1,0,1
org.codehaus.plexus.util.StringUtils.removeDuplicateWhitespace,0,10,10
org.codehaus.plexus.util.SelectorUtils.isDoubleStar,0,1,1
org.codehaus.plexus.util.xml.XmlReader.calculateRawEncoding,16,5,21
org.codehaus.plexus.util.cli.shell.BourneShell.quoteOneItem,1,6,7
org.codehaus.plexus.util.DirectoryWalker.getIncludes,1,0,1
org.codehaus.plexus.util.Os.getValidFamilies,0,1,1
org.codehaus.plexus.util.CachedMap.putAll,2,0,2
org.codehaus.plexus.util.StringUtils.prechomp,4,0,4
org.codehaus.plexus.util.cli.shell.CmdShell.<init>,0,3,3
org.codehaus.plexus.util.StringUtils.isNotBlank,0,1,1
org.codehaus.plexus.util.xml.pull.MXParser.getNamespace,17,0,17
org.codehaus.plexus.util.Base64.decodeBase64,33,0,33
org.codehaus.plexus.util.cli.Commandline.getShellCommandline,0,2,2
org.codehaus.plexus.util.xml.Xpp3Dom.<init>,0,14,14
org.codehaus.plexus.util.xml.pull.MXParser.newStringIntern,1,0,1
org.codehaus.plexus.util.StringUtils.abbreviate,16,0,16
org.codehaus.plexus.util.cli.StreamFeeder.close,14,0,14
org.codehaus.plexus.util.dag.Vertex.clone,2,0,2
org.codehaus.plexus.util.cli.CommandLineUtils.call,13,50,63
org.codehaus.plexus.util.xml.Xpp3DomUtils.writeToSerializer,4,0,4
org.codehaus.plexus.util.xml.pull.MXParser.requireNextS,4,0,4
org.codehaus.plexus.util.NioFiles.copy,0,2,2
org.codehaus.plexus.util.StringUtils.deleteWhitespace,6,0,6
org.codehaus.plexus.util.cli.shell.Shell.getShellCommand,0,1,1
org.codehaus.plexus.util.xml.SerializerXMLWriter.getExceptions,1,0,1
org.codehaus.plexus.util.SelectorUtils.getInstance,1,0,1
org.codehaus.plexus.util.Expand.setSrc,1,0,1
org.codehaus.plexus.util.xml.pull.MXParser.setName,0,1,1
org.codehaus.plexus.util.xml.pull.MXSerializer.ignorableWhitespace,7,0,7
org.codehaus.plexus.util.cli.Commandline.addSystemEnvironment,0,5,5
org.codehaus.plexus.util.xml.PrettyPrintXMLWriter.setEncoding,0,1,1
org.codehaus.plexus.util.Os.<init>,1,0,1
org.codehaus.plexus.util.ReflectionUtils.getVariablesAndValuesIncludingSuperclasses,0,3,3
org.codehaus.plexus.util.cli.CommandLineUtils.translateCommandline,1,39,40
org.codehaus.plexus.util.cli.AbstractStreamHandler.waitUntilDone,0,2,2
org.codehaus.plexus.util.Base64.decode,1,0,1
org.codehaus.plexus.util.PathTool.getDirectoryComponent,1,6,7
org.codehaus.plexus.util.xml.pull.MXParser.lookuEntityReplacement,9,9,18
org.codehaus.plexus.util.xml.pull.MXParser.more,0,10,10
org.codehaus.plexus.util.xml.pull.MXSerializer.<clinit>, line 104,3,0,3
org.codehaus.plexus.util.xml.pull.MXParser.getNamespaceCount,5,0,5
org.codehaus.plexus.util.StringUtils.escape,56,12,68
org.codehaus.plexus.util.FileUtils.copyURLToFile,0,1,1
org.codehaus.plexus.util.xml.pull.MXParser.getAttributeValue,20,3,23
org.codehaus.plexus.util.DirectoryWalker.isMatch,0,4,4
org.codehaus.plexus.util.SweeperPool.run,0,8,8
org.codehaus.plexus.util.ExceptionUtils.getCauseUsingFieldName,7,0,7
org.codehaus.plexus.util.Base64.isArrayByteBase64,8,0,8
org.codehaus.plexus.util.dag.DAG.getVertices,0,1,1
org.codehaus.plexus.util.CollectionUtils.subtract,0,4,4
org.codehaus.plexus.util.TypeFormat.<clinit>, line 597,4,0,4
org.codehaus.plexus.util.TypeFormat.format2,8,0,8
org.codehaus.plexus.util.DirectoryWalker.fireWalkStarting,0,2,2
org.codehaus.plexus.util.introspection.ReflectionValueExtractor.nextPropertyName,0,6,6
org.codehaus.plexus.util.DirectoryWalker.isIncluded,0,1,1
org.codehaus.plexus.util.FastMap.keySet,1,0,1
org.codehaus.plexus.util.xml.Xpp3Dom.getChildren,1,11,12
org.codehaus.plexus.util.introspection.MethodMap.add,0,6,6
org.codehaus.plexus.util.introspection.ReflectionValueExtractor.evaluate,2,26,28
org.codehaus.plexus.util.xml.Xpp3Dom.getAttribute,0,1,1
org.codehaus.plexus.util.FastMap.addEntry,21,0,21
org.codehaus.plexus.util.cli.Commandline.getWorkingDirectory,4,0,4
org.codehaus.plexus.util.cli.shell.BourneShell.<init>,1,10,11
org.codehaus.plexus.util.cli.shell.Shell.getEscapeChars,2,6,8
org.codehaus.plexus.util.FileUtils.sizeOfDirectory,4,10,14
org.codehaus.plexus.util.StringUtils.isAlpha,7,0,7
org.codehaus.plexus.util.LineOrientedInterpolatingReader.readAndInterpolateLine,0,10,10
org.codehaus.plexus.util.DirectoryWalker.getBaseDir,1,0,1
org.codehaus.plexus.util.xml.pull.MXParser.isNameStartChar,0,1,1
org.codehaus.plexus.util.xml.pull.XmlPullParserException.printStackTrace,5,0,5
org.codehaus.plexus.util.dag.DAG.removeEdge,3,2,5
org.codehaus.plexus.util.dag.TopologicalSorter.isNotVisited,0,2,2
org.codehaus.plexus.util.xml.pull.MXSerializer.printable,12,0,12
org.codehaus.plexus.util.cli.shell.Shell.getCommandLine,0,1,1
org.codehaus.plexus.util.cli.Commandline.clear,5,0,5
org.codehaus.plexus.util.cli.Commandline.getArguments,0,10,10
org.codehaus.plexus.util.xml.XmlReaderException.getContentTypeMime,1,0,1
org.codehaus.plexus.util.dag.DAG.clone,2,0,2
org.codehaus.plexus.util.xml.pull.MXSerializer.getLocation,1,0,1
org.codehaus.plexus.util.DirectoryWalker.setIncludes,4,0,4
org.codehaus.plexus.util.StringUtils.<init>,0,0,0
org.codehaus.plexus.util.DirectoryScanner.getNotIncludedFiles,4,0,4
org.codehaus.plexus.util.ExceptionUtils.getRootCauseStackTrace,15,0,15
org.codehaus.plexus.util.MatchPattern.fromString,0,1,1
org.codehaus.plexus.util.cli.Commandline.setLine,1,4,5
org.codehaus.plexus.util.ExceptionUtils.indexOfThrowable,10,0,10
org.codehaus.plexus.util.DirectoryScanner.scandir,12,42,54
org.codehaus.plexus.util.FastMap.setCapacity,28,0,28
org.codehaus.plexus.util.cli.CommandLineUtils.getSystemEnvVars,0,9,9
org.codehaus.plexus.util.PathTool.getRelativeWebPath,0,6,6
org.codehaus.plexus.util.StringUtils.swapCase,21,0,21
org.codehaus.plexus.util.cli.Arg.null,0,0,0
org.codehaus.plexus.util.xml.pull.XmlPullParserException.<init>,6,0,6
org.codehaus.plexus.util.TypeFormat.<init>,0,0,0
org.codehaus.plexus.util.LineOrientedInterpolatingReader.skip,7,0,7
org.codehaus.plexus.util.introspection.ReflectionValueExtractor.nextToken,0,6,6
org.codehaus.plexus.util.dag.DAG.getVertex,0,2,2
org.codehaus.plexus.util.xml.pull.MXParser.getInputEncoding,1,0,1
org.codehaus.plexus.util.CachedMap.keySet,1,0,1
org.codehaus.plexus.util.SweeperPool.trim,0,3,3
org.codehaus.plexus.util.reflection.Reflector.newInstance,21,0,21
org.codehaus.plexus.util.ReflectionUtils.getSetter,6,0,6
org.codehaus.plexus.util.CachedMap.containsValue,1,0,1
org.codehaus.plexus.util.cli.shell.Shell.quoteOneItem,0,2,2
org.codehaus.plexus.util.SweeperPool.put,0,7,7
org.codehaus.plexus.util.xml.pull.MXParser.next,0,2,2
org.codehaus.plexus.util.DirectoryScanner.getNotIncludedDirectories,4,0,4
org.codehaus.plexus.util.FileUtils.createTempFile,1,11,12
org.codehaus.plexus.util.AbstractScanner.setupMatchPatterns,0,2,2
org.codehaus.plexus.util.InterpolationFilterReader.skip,6,0,6
org.codehaus.plexus.util.FileUtils.resolveFile,7,18,25
org.codehaus.plexus.util.CachedMap.clear,2,0,2
org.codehaus.plexus.util.StringUtils.difference,4,0,4
org.codehaus.plexus.util.ExceptionUtils.removeCommonFrames,9,0,9
org.codehaus.plexus.util.xml.PrettyPrintXMLWriter.getEncoding,0,1,1
org.codehaus.plexus.util.Os.isValidFamily,0,1,1
org.codehaus.plexus.util.xml.Xpp3DomUtils.mergeXpp3Dom,5,3,8
org.codehaus.plexus.util.StringUtils.addAndDeHump,6,0,6
org.codehaus.plexus.util.reflection.Reflector.getConstructor,27,0,27
org.codehaus.plexus.util.reflection.ReflectorException.<init>,3,0,3
org.codehaus.plexus.util.ExceptionUtils.getStackFrames,7,0,7
org.codehaus.plexus.util.FastMap.hasNext,3,0,3
org.codehaus.plexus.util.LineOrientedInterpolatingReader.parseForExpressions,0,13,13
org.codehaus.plexus.util.introspection.MethodMap.isMethodInvocationConvertible,19,3,22
org.codehaus.plexus.util.xml.pull.MXParser.parseDocdecl,26,28,54
org.codehaus.plexus.util.xml.pull.MXSerializer.writeElementContent,60,0,60
org.codehaus.plexus.util.FileUtils.copyFileIfModified,0,4,4
org.codehaus.plexus.util.xml.XmlWriterUtil.writeLineBreak,2,8,10
org.codehaus.plexus.util.xml.pull.MXParser.isValidCodePoint,0,1,1
org.codehaus.plexus.util.introspection.ClassMap.makeMethodKey,7,22,29
org.codehaus.plexus.util.io.URLInputStreamFacade.getInputStream,0,1,1
org.codehaus.plexus.util.ExceptionUtils.getThrowableCount,5,0,5
org.codehaus.plexus.util.IOUtil.<init>,0,0,0
org.codehaus.plexus.util.Base64.discardWhitespace,14,0,14
org.codehaus.plexus.util.xml.pull.MXParser.getNamespaceUri,3,0,3
org.codehaus.plexus.util.dag.CycleDetectedException.getCycle,0,1,1
org.codehaus.plexus.util.Base64.isBase64,5,0,5
org.codehaus.plexus.util.FileUtils.copyDirectoryLayout,6,18,24
org.codehaus.plexus.util.xml.pull.MXParser.parseXmlDeclWithVersion,29,29,58
org.codehaus.plexus.util.MatchPattern.getTokenizedPathString,0,1,1
org.codehaus.plexus.util.cli.CommandLineUtils.executeCommandLine,1,4,5
org.codehaus.plexus.util.xml.pull.MXParser.getPrefix,5,0,5
org.codehaus.plexus.util.CachedMap.containsKey,4,0,4
org.codehaus.plexus.util.Os.isFamily,0,1,1
org.codehaus.plexus.util.xml.pull.MXSerializer.text,12,0,12
org.codehaus.plexus.util.StringUtils.substring,24,0,24
org.codehaus.plexus.util.CollectionUtils.getCardinalityMap,1,6,7
org.codehaus.plexus.util.dag.Vertex.toString,0,1,1
org.codehaus.plexus.util.FileUtils.isValidWindowsFileName,5,2,7
org.codehaus.plexus.util.xml.Xpp3Dom.getParent,1,0,1
org.codehaus.plexus.util.DirectoryWalker.addInclude,0,1,1
org.codehaus.plexus.util.xml.XmlReader.getXMLGuessEncoding,4,13,17
org.codehaus.plexus.util.IOUtil.copy,8,29,37
org.codehaus.plexus.util.StringUtils.isBlank,0,7,7
org.codehaus.plexus.util.xml.PrettyPrintXMLWriter.escapeXmlAttribute,0,10,10
org.codehaus.plexus.util.WriterFactory.newXmlWriter,0,2,2
org.codehaus.plexus.util.cli.shell.BourneShell.getExecutable,3,0,3
org.codehaus.plexus.util.AbstractScanner.normalizePattern,1,8,9
org.codehaus.plexus.util.FastMap.containsValue,6,0,6
org.codehaus.plexus.util.CachedMap.isEmpty,1,0,1
org.codehaus.plexus.util.cli.Commandline.getPid,3,0,3
org.codehaus.plexus.util.dag.Vertex.getChildLabels,0,4,4
org.codehaus.plexus.util.introspection.ClassMap.findMethod,3,10,13
org.codehaus.plexus.util.StringUtils.equals,0,1,1
org.codehaus.plexus.util.xml.pull.MXSerializer.getDepth,1,0,1
org.codehaus.plexus.util.dag.DAG.getParentLabels,2,0,2
org.codehaus.plexus.util.xml.pull.MXParser.getText,1,8,9
org.codehaus.plexus.util.cli.CommandLineUtils.<init>, line 141,0,2,2
org.codehaus.plexus.util.dag.CycleDetectedException.<init>,0,2,2
org.codehaus.plexus.util.FastMap.getValue,1,0,1
org.codehaus.plexus.util.xml.pull.EntityReplacementMap.defineEntityReplacementText,1,11,12
org.codehaus.plexus.util.CachedMap.size,1,0,1
org.codehaus.plexus.util.FastMap.<init>,5,0,5
org.codehaus.plexus.util.PathTool.buildRelativePath,2,26,28
org.codehaus.plexus.util.FileUtils.getDirectoryNames,2,0,2
org.codehaus.plexus.util.DirectoryWalker.addExclude,0,1,1
org.codehaus.plexus.util.SweeperPool.objectDisposed,0,0,0
org.codehaus.plexus.util.xml.PrettyPrintXMLWriter.endOfLine,0,3,3
org.codehaus.plexus.util.dag.Vertex.getParents,0,1,1
org.codehaus.plexus.util.StringUtils.lastIndexOfAny,9,0,9
org.codehaus.plexus.util.SelectorUtils.separatorPatternStartSlashMismatch,0,2,2
org.codehaus.plexus.util.cli.StreamPumper.<init>,1,6,7
org.codehaus.plexus.util.xml.pull.MXSerializer.writeAttributeValue,32,0,32
org.codehaus.plexus.util.DirectoryWalker.getNextPercentageSize,0,1,1
org.codehaus.plexus.util.xml.pull.MXParser.getFeature,11,0,11
org.codehaus.plexus.util.CachedMap.entrySet,1,0,1
org.codehaus.plexus.util.xml.XmlStreamReader.<init>,6,2,8
org.codehaus.plexus.util.DirectoryWalker.fixPattern,1,5,6
org.codehaus.plexus.util.xml.XmlReaderException.getXmlEncoding,1,0,1
org.codehaus.plexus.util.cli.shell.BourneShell.getExecutionPreamble,0,8,8
org.codehaus.plexus.util.StringUtils.uncapitaliseAllWords,15,0,15
org.codehaus.plexus.util.FileUtils.toFile,0,10,10
org.codehaus.plexus.util.dag.DAG.addVertex,0,7,7
org.codehaus.plexus.util.xml.pull.MXParser.skipSubTree,8,0,8
org.codehaus.plexus.util.xml.XmlReader.getXmlProlog,30,3,33
org.codehaus.plexus.util.FileUtils.copyStreamToFile,0,14,14
org.codehaus.plexus.util.xml.PrettyPrintXMLWriter.setLineSeparator,0,1,1
org.codehaus.plexus.util.ExceptionUtils.getStackFrameList,14,0,14
org.codehaus.plexus.util.DirectoryWalker.setDebugMode,1,0,1
org.codehaus.plexus.util.xml.pull.MXSerializer.setOutput,8,0,8
org.codehaus.plexus.util.dag.Vertex.addEdgeFrom,0,1,1
org.codehaus.plexus.util.FastMap.getEntry,6,0,6
org.codehaus.plexus.util.StringUtils.indexOfAny,12,0,12
org.codehaus.plexus.util.xml.pull.MXSerializer.docdecl,7,0,7
org.codehaus.plexus.util.xml.pull.MXSerializer.endDocument,6,0,6
org.codehaus.plexus.util.xml.PrettyPrintXMLWriter.setDocType,0,1,1
org.codehaus.plexus.util.ExceptionUtils.getCause,10,0,10
org.codehaus.plexus.util.FileUtils.doCopyFile,1,2,3
org.codehaus.plexus.util.TypeFormat.parseShort,18,0,18
org.codehaus.plexus.util.introspection.MethodMap.find,0,9,9
org.codehaus.plexus.util.xml.pull.MXSerializer.ensureElementsCapacity,19,0,19
org.codehaus.plexus.util.dag.Vertex.isConnected,1,0,1
org.codehaus.plexus.util.xml.pull.MXSerializer.lookupOrDeclarePrefix,1,0,1
org.codehaus.plexus.util.FileUtils.getFiles,1,5,6
org.codehaus.plexus.util.CollectionUtils.mergeMaps,3,20,23
org.codehaus.plexus.util.CollectionUtils.iteratorToList,1,5,6
org.codehaus.plexus.util.xml.SerializerXMLWriter.writeMarkup,3,0,3
org.codehaus.plexus.util.cli.Commandline.createMarker,1,0,1
org.codehaus.plexus.util.DirectoryWalker.getPercentage,0,2,2
org.codehaus.plexus.util.FastMap.putAll,2,0,2
org.codehaus.plexus.util.IOUtil.close,4,16,20
org.codehaus.plexus.util.xml.pull.XmlPullParserException.getColumnNumber,1,0,1
org.codehaus.plexus.util.FileUtils.forceDeleteOnExit,5,0,5
org.codehaus.plexus.util.cli.shell.Shell.getShellArgsList,0,1,1
org.codehaus.plexus.util.xml.pull.MXParser.setInput,11,2,13
org.codehaus.plexus.util.xml.pull.MXParser.parseStartTag,39,46,85
org.codehaus.plexus.util.SweeperPool.debug,1,1,2
org.codehaus.plexus.util.xml.PrettyPrintXMLWriter.getLineSeparator,0,1,1
org.codehaus.plexus.util.cli.EnhancedStringTokenizer.<init>,0,7,7
org.codehaus.plexus.util.xml.pull.MXParser.getAttributePrefix,7,0,7
org.codehaus.plexus.util.ExceptionUtils.getCauseUsingWellKnownTypes,5,0,5
org.codehaus.plexus.util.StringUtils.stripStart,10,0,10
org.codehaus.plexus.util.cli.Commandline.addArguments,0,2,2
org.codehaus.plexus.util.cli.StreamPumper.close,3,3,6
org.codehaus.plexus.util.Os.isVersion,1,0,1
org.codehaus.plexus.util.introspection.ReflectionValueExtractor.Tokenizer,0,1,1
org.codehaus.plexus.util.xml.pull.MXParser.toChars,1,7,8
org.codehaus.plexus.util.cli.AbstractStreamHandler.disable,0,1,1
org.codehaus.plexus.util.xml.Xpp3Dom.hashCode,6,0,6
org.codehaus.plexus.util.xml.pull.MXParser.setNameStart,0,2,2
org.codehaus.plexus.util.xml.XmlReader.calculateHttpEncoding,19,0,19
org.codehaus.plexus.util.Os.setArch,1,0,1
org.codehaus.plexus.util.FileUtils.getFile,1,0,1
org.codehaus.plexus.util.StringOutputStream.write,5,0,5
org.codehaus.plexus.util.cli.shell.Shell.setQuotedArgumentsEnabled,0,1,1
org.codehaus.plexus.util.FileUtils.isValidFile,2,5,7
org.codehaus.plexus.util.IOUtil.toByteArray,4,8,12
org.codehaus.plexus.util.xml.pull.MXSerializer.generatePrefix,12,0,12
org.codehaus.plexus.util.xml.PrettyPrintXMLWriter.endElement,0,9,9
org.codehaus.plexus.util.xml.pull.EntityReplacementMap.fastHash,3,6,9
org.codehaus.plexus.util.xml.pull.MXParser.getAttributeNamespace,7,0,7
org.codehaus.plexus.util.cli.Commandline.getLiteralExecutable,0,1,1
org.codehaus.plexus.util.introspection.ClassMap.<init>,0,2,2
org.codehaus.plexus.util.LineOrientedInterpolatingReader.findDelimiter,0,11,11
org.codehaus.plexus.util.cli.Commandline.getParts,0,1,1
org.codehaus.plexus.util.MatchPattern.matchPath,1,5,6
org.codehaus.plexus.util.StringInputStream.<init>,1,0,1
org.codehaus.plexus.util.StringUtils.capitalise,5,0,5
org.codehaus.plexus.util.cli.shell.BourneShell.getShellArgs,4,5,9
org.codehaus.plexus.util.LineOrientedInterpolatingReader.findAndReplaceUnlessEscaped,0,18,18
org.codehaus.plexus.util.cli.shell.Shell.getExecutable,1,0,1
org.codehaus.plexus.util.xml.pull.MXParser.getAttributeType,5,0,5
org.codehaus.plexus.util.TypeFormat.parseLong,18,0,18
org.codehaus.plexus.util.xml.XmlReaderException.getContentTypeEncoding,1,0,1
org.codehaus.plexus.util.cli.Commandline.size,1,0,1
org.codehaus.plexus.util.ExceptionUtils.getStackTrace,4,0,4
org.codehaus.plexus.util.xml.pull.MXSerializer.cdsect,7,0,7
org.codehaus.plexus.util.ReflectionUtils.getSetters,6,0,6
org.codehaus.plexus.util.cli.CommandLineUtils.toString,10,0,10
org.codehaus.plexus.util.FastMap.writeObject,11,0,11
org.codehaus.plexus.util.dag.DAG.getChildLabels,2,0,2
org.codehaus.plexus.util.TypeFormat.format,112,0,112
org.codehaus.plexus.util.Base64.encode,1,0,1
org.codehaus.plexus.util.IOUtil.toString,8,12,20
org.codehaus.plexus.util.cli.CommandLineUtils.handleException,3,1,4
org.codehaus.plexus.util.DirectoryWalker.removeDirectoryWalkListener,1,0,1
org.codehaus.plexus.util.StringUtils.countMatches,2,8,10
org.codehaus.plexus.util.MatchPatterns.matchesPatternStart,1,3,4
org.codehaus.plexus.util.StringUtils.lowerCase,3,0,3
org.codehaus.plexus.util.StringUtils.getPrechomp,4,0,4
org.codehaus.plexus.util.cli.ShutdownHookUtils.addShutDownHook,0,2,2
org.codehaus.plexus.util.xml.SerializerXMLWriter.startElement,4,0,4
org.codehaus.plexus.util.dag.CycleDetector.dfsVisit,0,13,13
org.codehaus.plexus.util.xml.pull.MXSerializer.startTag,50,0,50
org.codehaus.plexus.util.xml.PrettyPrintXMLWriter.finishTag,0,7,7
org.codehaus.plexus.util.StringUtils.chopNewline,7,0,7
org.codehaus.plexus.util.ExceptionUtils.printRootCauseStackTrace,9,0,9
org.codehaus.plexus.util.FileUtils.checkCanWrite,2,1,3
org.codehaus.plexus.util.StringInputStream.markSupported,1,0,1
org.codehaus.plexus.util.cli.shell.Shell.setArgumentEscapePattern,0,1,1
org.codehaus.plexus.util.introspection.MethodMap.getMostSpecific,19,4,23
org.codehaus.plexus.util.AbstractScanner.setupDefaultFilters,0,5,5
org.codehaus.plexus.util.FileUtils.doCopyFileUsingLegacyIO,27,0,27
org.codehaus.plexus.util.FileUtils.removeExtension,0,5,5
org.codehaus.plexus.util.DirectoryWalker.<init>,0,3,3
org.codehaus.plexus.util.StringUtils.trim,1,0,1
org.codehaus.plexus.util.SweeperPool.isDisposed,1,4,5
org.codehaus.plexus.util.FileUtils.deleteDirectoryOnExit,4,0,4
org.codehaus.plexus.util.MatchPattern.startsWith,0,1,1
org.codehaus.plexus.util.cli.shell.Shell.getOriginalCommandLine,1,0,1
org.codehaus.plexus.util.xml.pull.MXParser.nextImpl,32,117,149
org.codehaus.plexus.util.cli.StreamConsumer.null,0,0,0
org.codehaus.plexus.util.introspection.MethodMap.isStrictMethodInvocationConvertible,16,0,16
org.codehaus.plexus.util.xml.pull.MXParser.getDepth,1,0,1
org.codehaus.plexus.util.Os.setValidFamilies,0,13,13
org.codehaus.plexus.util.TypeFormat.indexOf,16,0,16
org.codehaus.plexus.util.AbstractScanner.couldHoldIncluded,0,1,1
org.codehaus.plexus.util.Os.setFamily,1,0,1
org.codehaus.plexus.util.xml.XmlReaderException.getInputStream,1,0,1
org.codehaus.plexus.util.StringUtils.stripAll,8,0,8
org.codehaus.plexus.util.dag.DAG.getLabels,0,1,1
org.codehaus.plexus.util.FastMap.initialize,17,0,17
org.codehaus.plexus.util.MatchPatterns.from,1,5,6
org.codehaus.plexus.util.xml.XmlReaderException.<init>,8,0,8
org.codehaus.plexus.util.SweeperPool.objectRetrieved,0,0,0
org.codehaus.plexus.util.StringUtils.chomp,2,3,5
org.codehaus.plexus.util.FileUtils.removePath,1,4,5
org.codehaus.plexus.util.DirectoryScanner.getExcludedDirectories,4,0,4
org.codehaus.plexus.util.xml.PrettyPrintXMLWriter.write,0,1,1
org.codehaus.plexus.util.TypeFormat.multE,11,0,11
org.codehaus.plexus.util.xml.XmlWriterUtil.writeComment,5,34,39
org.codehaus.plexus.util.FileUtils.getPath,1,4,5
org.codehaus.plexus.util.SweeperPool.start,0,5,5
org.codehaus.plexus.util.cli.Commandline.addEnvironment,0,1,1
org.codehaus.plexus.util.StringUtils.strip,3,0,3
org.codehaus.plexus.util.WriterFactory.newPlatformWriter,2,0,2
org.codehaus.plexus.util.StringUtils.leftPad,5,0,5
org.codehaus.plexus.util.Os.isArch,1,0,1
org.codehaus.plexus.util.FileUtils.filename,2,0,2
org.codehaus.plexus.util.xml.pull.MXParser.isWhitespace,13,0,13
org.codehaus.plexus.util.Os.eval,1,0,1
org.codehaus.plexus.util.FastMap.sizeChanged,2,0,2
org.codehaus.plexus.util.StringUtils.rightPad,5,0,5
org.codehaus.plexus.util.PathTool.getRelativeFilePath,6,14,20
org.codehaus.plexus.util.cli.StreamPumper.run,7,16,23
org.codehaus.plexus.util.CollectionUtils.intersection,0,9,9
org.codehaus.plexus.util.xml.XmlUtil.isXml,15,0,15
org.codehaus.plexus.util.DirectoryScanner.isSelected,0,1,1
org.codehaus.plexus.util.PropertyUtils.loadProperties,15,0,15
org.codehaus.plexus.util.CachedMap.put,6,0,6
org.codehaus.plexus.util.FastMap.size,4,0,4
org.codehaus.plexus.util.StringUtils.split,7,17,24
org.codehaus.plexus.util.cli.CommandLineUtils.consumeLine,0,1,1
org.codehaus.plexus.util.dag.TopologicalSorter.sort,0,4,4
org.codehaus.plexus.util.cli.Commandline.Marker,1,0,1
org.codehaus.plexus.util.xml.Xpp3Dom.getValue,0,1,1
org.codehaus.plexus.util.cli.shell.Shell.getShellCommandLine,0,7,7
org.codehaus.plexus.util.cli.EnhancedStringTokenizer.nextToken,0,6,6
org.codehaus.plexus.util.dag.DAG.getVerticies,1,0,1
org.codehaus.plexus.util.NioFiles.chmod,3,0,3
org.codehaus.plexus.util.cli.shell.Shell.setUnconditionalQuoting,0,1,1
org.codehaus.plexus.util.CachedMap.remove,6,0,6
org.codehaus.plexus.util.dag.CycleDetector.isVisiting,0,2,2
org.codehaus.plexus.util.cli.Commandline.getEnvironmentVariables,1,10,11
org.codehaus.plexus.util.xml.pull.MXSerializer.writeIndent,3,0,3
org.codehaus.plexus.util.ExceptionUtils.<init>,0,0,0
org.codehaus.plexus.util.xml.PrettyPrintXMLWriter.<init>,3,12,15
org.codehaus.plexus.util.MatchPattern.tokenizePathToString,0,5,5
org.codehaus.plexus.util.Expand.setOverwrite,1,0,1
org.codehaus.plexus.util.xml.pull.MXSerializer.getProperty,9,0,9
org.codehaus.plexus.util.DirectoryScanner.<init>,0,0,0
org.codehaus.plexus.util.StringUtils.removeAndHump,0,8,8
org.codehaus.plexus.util.xml.SerializerXMLWriter.writeText,3,0,3
org.codehaus.plexus.util.SweeperPool.hasStopped,0,1,1
org.codehaus.plexus.util.FileUtils.cleanDirectoryOnExit,14,0,14
org.codehaus.plexus.util.dag.Vertex.isRoot,1,0,1
org.codehaus.plexus.util.NioFiles.getLastModified,2,0,2
org.codehaus.plexus.util.ReaderFactory.newPlatformReader,3,0,3
org.codehaus.plexus.util.introspection.ReflectionValueExtractor.getClassMap,0,6,6
org.codehaus.plexus.util.Expand.setDest,1,0,1
org.codehaus.plexus.util.xml.Xpp3Dom.addChild,0,3,3
org.codehaus.plexus.util.xml.pull.MXSerializer.rebuildIndentationBuf,23,0,23
org.codehaus.plexus.util.cli.shell.Shell.getShellArgs,0,3,3
org.codehaus.plexus.util.xml.XmlWriterUtil.writeCommentText,4,12,16
org.codehaus.plexus.util.StringUtils.differenceAt,7,0,7
org.codehaus.plexus.util.DirectoryScanner.getDeselectedDirectories,4,0,4
org.codehaus.plexus.util.StringUtils.unifyLineSeparators,3,15,18
org.codehaus.plexus.util.FileUtils.toURLs,0,4,4
org.codehaus.plexus.util.FastMap.removeEntry,24,0,24
org.codehaus.plexus.util.xml.pull.MXParser.newString,0,1,1
org.codehaus.plexus.util.xml.pull.MXSerializer.ensureNamespacesCapacity,10,0,10
org.codehaus.plexus.util.xml.Xpp3Dom.removeChild,4,0,4
org.codehaus.plexus.util.cli.Commandline.getCommandline,2,8,10
org.codehaus.plexus.util.SweeperPool.Sweeper,0,3,3
org.codehaus.plexus.util.xml.pull.MXParser.isNameChar,0,1,1
org.codehaus.plexus.util.FileUtils.fileAppend,0,10,10
org.codehaus.plexus.util.dag.Vertex.<init>,0,1,1
org.codehaus.plexus.util.StringUtils.upperCase,3,0,3
org.codehaus.plexus.util.xml.pull.MXParser.getPositionDescription,0,8,8
org.codehaus.plexus.util.SelectorUtils.match,24,47,71
org.codehaus.plexus.util.reflection.Reflector.invoke,18,0,18
org.codehaus.plexus.util.AbstractScanner.isExcluded,1,1,2
org.codehaus.plexus.util.reflection.Reflector.getMethodMap,1,17,18
org.codehaus.plexus.util.cli.WriterStreamConsumer.consumeLine,2,0,2
org.codehaus.plexus.util.xml.pull.MXParser.setProperty,3,0,3
org.codehaus.plexus.util.FileUtils.mkdirsFor,0,3,3
org.codehaus.plexus.util.SelectorUtils.equals,2,4,6
org.codehaus.plexus.util.FileUtils.getDefaultExcludesAsString,1,0,1
org.codehaus.plexus.util.SelectorUtils.isOutOfDate,7,0,7
org.codehaus.plexus.util.DirectoryWalker.scanDir,3,19,22
org.codehaus.plexus.util.StringInputStream.read,1,0,1
org.codehaus.plexus.util.FastMap.put,9,0,9
org.codehaus.plexus.util.StringUtils.quoteAndEscape,2,19,21
org.codehaus.plexus.util.xml.pull.EntityReplacementMap.newString,0,1,1
org.codehaus.plexus.util.dag.DAG.<init>,0,1,1
org.codehaus.plexus.util.StringOutputStream.toString,1,0,1
