method,missed_stmt,covered_stmt,total_stmts
org.jaxen.saxpath.helpers.DefaultXPathHandler.endProcessingInstructionNodeStep,0,0,0
org.jaxen.expr.DefaultProcessingInstructionNodeStep.getText,0,11,11
org.jaxen.BaseXPath.<init>,0,11,11
org.jaxen.XPathFunctionContext.registerXPathFunctions,0,27,27
org.jaxen.dom.DocumentNavigator.getPrecedingSiblingAxisIterator,0,1,1
org.jaxen.expr.DefaultUnionExpr.getOperator,0,1,1
org.jaxen.function.SubstringBeforeFunction.<init>,0,0,0
org.jaxen.expr.DefaultEqualsExpr.evaluateObjectObject,0,5,5
org.jaxen.expr.DefaultAbsoluteLocationPath.isAbsolute,0,1,1
org.jaxen.expr.FunctionCallExpr.null,0,0,0
org.jaxen.saxpath.base.Verifier.isXMLDigit,28,3,31
org.jaxen.expr.iter.IterableFollowingAxis.iterator,0,1,1
org.jaxen.expr.DefaultUnionExpr.toString,1,0,1
org.jaxen.SimpleVariableContext.getVariableValue,0,4,4
org.jaxen.pattern.LocationPathPattern.simplify,0,11,11
org.jaxen.pattern.PatternHandler.startAllNodeStep,2,0,2
org.jaxen.saxpath.base.Token.setTokenType,0,1,1
org.jaxen.function.SumFunction.<init>,0,0,0
org.jaxen.saxpath.base.XPathLexer.nextToken,10,123,133
org.jaxen.saxpath.base.XPathLexer.dots,0,12,12
org.jaxen.jdom.DocumentNavigator.translateNamespacePrefixToUri,18,0,18
org.jaxen.util.SingletonList.<init>,0,1,1
org.jaxen.dom.NamespaceNode.lookupPrefix,10,0,10
org.jaxen.getElementNamespaceUri,1,0,1
org.jaxen.dom.NamespaceNode.getBaseURI,7,0,7
org.jaxen.SimpleFunctionContext.registerFunction,0,1,1
org.jaxen.dom.NamespaceNode.cloneNode,1,0,1
org.jaxen.saxpath.SAXPathException.<init>,0,5,5
org.jaxen.dom.NamespaceNode.setUserData,3,0,3
org.jaxen.saxpath.base.XPathReader.setXPathHandler,0,1,1
org.jaxen.expr.DefaultTruthExpr.bothAreSets,0,1,1
org.jaxen.pattern.NodeTest.null,0,0,0
org.jaxen.dom.DocumentNavigator.<init>,0,0,0
org.jaxen.saxpath.helpers.DefaultXPathHandler.endAndExpr,0,0,0
org.jaxen.function.ext.EvaluateFunction.call,1,2,3
org.jaxen.expr.NumberExpr.null,0,0,0
org.jaxen.pattern.LocationPathPattern.addFilter,0,3,3
org.jaxen.expr.DefaultFunctionCallExpr.getParameters,0,1,1
org.jaxen.dom.DocumentNavigator.AttributeIterator,0,7,7
org.jaxen.xom.DocumentNavigator.parseXPath,1,0,1
org.jaxen.expr.DefaultAdditiveExpr.toString,1,0,1
org.jaxen.expr.DefaultLessThanExpr.evaluateDoubleDouble,0,1,1
org.jaxen.expr.DefaultPathExpr.<init>,0,2,2
org.jaxen.expr.DefaultRelationalExpr.evaluateSetSet,1,8,9
org.jaxen.function.BooleanFunction.evaluate,0,15,15
org.jaxen.util.FollowingAxisIterator.remove,0,1,1
org.jaxen.expr.DefaultNotEqualsExpr.toString,1,0,1
org.jaxen.util.FollowingAxisIterator.goUp,1,8,9
org.jaxen.expr.DefaultLocationPath.isAbsolute,0,1,1
org.jaxen.expr.DefaultLessThanEqualExpr.<init>,0,1,1
org.jaxen.dom.NamespaceNode.<init>,2,9,11
org.jaxen.expr.AllNodeStep.null,0,0,0
org.jaxen.Function.null,0,0,0
org.jaxen.SimpleVariableContext.<init>,0,1,1
org.jaxen.function.LangFunction.isSublang,0,4,4
org.jaxen.XPathSyntaxException.getXPath,0,1,1
org.jaxen.saxpath.base.XPathLexer.dollar,0,3,3
org.jaxen.xom.DocumentNavigator.toString,1,0,1
org.jaxen.jdom.DocumentNavigator.getDocumentNode,2,2,4
org.jaxen.expr.IdentitySet.IdentityWrapper,0,1,1
org.jaxen.expr.DefaultBinaryExpr.getRHS,0,1,1
org.jaxen.expr.DefaultXPathFactory.createUnaryExpr,1,3,4
org.jaxen.util.DescendantAxisIterator.hasNext,0,5,5
org.jaxen.dom.DocumentNavigator.getParentNode,0,4,4
org.jaxen.saxpath.base.XPathReader.orExpr,0,10,10
org.jaxen.saxpath.Axis.lookup,0,55,55
org.jaxen.JaxenRuntimeException.printStackTrace,6,2,8
org.jaxen.function.SubstringFunction.unicodeSubstring,0,8,8
org.jaxen.function.NamespaceUriFunction.call,0,5,5
org.jaxen.dom4j.DocumentNavigator.getElementQName,0,2,2
org.jaxen.pattern.TextNodeTest.matches,1,0,1
org.jaxen.dom4j.DocumentNavigator.getChildAxisIterator,0,20,20
org.jaxen.expr.DefaultXPathFactory.createAndExpr,0,1,1
org.jaxen.saxpath.base.XPathReader.absoluteLocationPath,2,28,30
org.jaxen.util.PrecedingSiblingAxisIterator.<init>,0,5,5
org.jaxen.saxpath.XPathHandler.null,0,0,0
org.jaxen.saxpath.base.XPathLexer.or,0,6,6
org.jaxen.expr.iter.IterablePrecedingSiblingAxis.iterator,0,1,1
org.jaxen.dom.NamespaceNode.getParentNode,0,1,1
org.jaxen.BaseXPath.getContextSupport,0,3,3
org.jaxen.getProcessingInstructionData,1,0,1
org.jaxen.xom.DocumentNavigator.getElementName,1,0,1
org.jaxen.expr.DefaultMinusExpr.getOperator,0,1,1
org.jaxen.Context.setNodeSet,0,3,3
org.jaxen.ContextSupport.setVariableContext,0,1,1
org.jaxen.BaseXPath.valueOf,1,0,1
org.jaxen.Context.<init>,0,4,4
org.jaxen.saxpath.base.XPathReader.variableReference,0,9,9
org.jaxen.saxpath.base.Verifier.isXMLCombiningChar,161,1,162
org.jaxen.util.AncestorOrSelfAxisIterator.<init>,0,2,2
org.jaxen.JaxenHandler.peekFrame,0,1,1
org.jaxen.pattern.UnionPattern.getRHS,1,0,1
org.jaxen.expr.IdentitySet.hashCode,0,1,1
org.jaxen.expr.DefaultXPathFactory.createAllNodeStep,0,2,2
org.jaxen.dom.NamespaceNode.lookupNamespaceURI,10,0,10
org.jaxen.expr.iter.IterableNamespaceAxis.iterator,0,1,1
org.jaxen.function.ContainsFunction.call,0,3,3
org.jaxen.JaxenHandler.startRelationalExpr,0,0,0
org.jaxen.dom.NamespaceNode.equals,7,0,7
org.jaxen.BaseXPath.createVariableContext,0,1,1
org.jaxen.expr.DefaultTextNodeStep.getText,0,1,1
org.jaxen.pattern.TextNodeTest.getPriority,0,1,1
org.jaxen.xom.DocumentNavigator.IndexIterator,3,0,3
org.jaxen.saxpath.helpers.DefaultXPathHandler.startNameStep,0,0,0
org.jaxen.pattern.LocationPathPattern.toString,1,0,1
org.jaxen.saxpath.helpers.DefaultXPathHandler.endUnionExpr,0,0,0
org.jaxen.saxpath.XPathSyntaxException.getPositionMarker,6,0,6
org.jaxen.expr.DefaultXPathFactory.createXPath,0,1,1
org.jaxen.JaxenHandler.endEqualityExpr,0,4,4
org.jaxen.saxpath.base.XPathLexer.mod,0,7,7
org.jaxen.saxpath.base.XPathReader.expr,0,1,1
org.jaxen.function.IdFunction.evaluate,1,16,17
org.jaxen.expr.DefaultNotEqualsExpr.getOperator,0,1,1
org.jaxen.JaxenHandler.startUnaryExpr,0,0,0
org.jaxen.expr.DefaultXPathFactory.createAbsoluteLocationPath,0,1,1
org.jaxen.JaxenHandler.startOrExpr,0,0,0
org.jaxen.dom.DocumentNavigator.getElementQName,0,5,5
org.jaxen.expr.DefaultStep.getIterableAxis,0,1,1
org.jaxen.function.StringLengthFunction.call,0,5,5
org.jaxen.pattern.NoNodeTest.<init>,0,0,0
org.jaxen.BaseXPath.evaluate,0,6,6
org.jaxen.pattern.AnyChildNodeTest.getMatchType,1,0,1
org.jaxen.BaseXPath.getRootExpr,0,1,1
org.jaxen.expr.DefaultPlusExpr.getOperator,0,1,1
org.jaxen.BaseXPath.getVariableContext,0,1,1
org.jaxen.saxpath.helpers.DefaultXPathHandler.startUnaryExpr,0,0,0
org.jaxen.expr.DefaultAbsoluteLocationPath.toString,0,1,1
org.jaxen.pattern.PatternHandler.startTextNodeStep,2,0,2
org.jaxen.saxpath.XPathReader.null,0,0,0
org.jaxen.expr.DefaultXPathFactory.getIterableAxis,0,29,29
org.jaxen.dom4j.DocumentNavigator.setSAXReader,1,0,1
org.jaxen.dom.NamespaceNode.getFirstChild,1,0,1
org.jaxen.expr.iter.IterableAxis.supportsNamedAccess,0,1,1
org.jaxen.pattern.PatternHandler.startRelativeLocationPath,2,0,2
org.jaxen.saxpath.helpers.DefaultXPathHandler.startAllNodeStep,0,0,0
org.jaxen.xom.DocumentNavigator.isAttribute,1,0,1
org.jaxen.expr.MultiplicativeExpr.null,0,0,0
org.jaxen.DefaultNavigator.getDescendantOrSelfAxisIterator,0,1,1
org.jaxen.function.NormalizeSpaceFunction.evaluate,0,16,16
org.jaxen.function.IdFunction.<init>,0,0,0
org.jaxen.expr.DefaultTruthExpr.bothAreBoolean,1,0,1
org.jaxen.dom.DocumentNavigator.getAttributeNamespaceUri,0,5,5
org.jaxen.jdom.DocumentNavigator.getAttributeAxisIterator,11,0,11
org.jaxen.ContextSupport.getFunctionContext,0,1,1
org.jaxen.pattern.Pattern.getMatchesNodeName,0,1,1
org.jaxen.function.FloorFunction.evaluate,0,2,2
org.jaxen.pattern.UnionPattern.init,1,7,8
org.jaxen.DefaultNavigator.getAncestorOrSelfAxisIterator,0,1,1
org.jaxen.jdom.DocumentNavigator.getTextStringValue,5,0,5
org.jaxen.JaxenHandler.setXPathFactory,0,1,1
org.jaxen.expr.DefaultMultiplicativeExpr.toString,1,0,1
org.jaxen.function.NumberFunction.isNaN,0,2,2
org.jaxen.getAttributeAxisIterator,2,0,2
org.jaxen.SimpleNamespaceContext.addElementNamespaces,0,7,7
org.jaxen.expr.DefaultXPathFactory.createPredicateSet,0,1,1
org.jaxen.expr.DefaultFilterExpr.getExpr,0,1,1
org.jaxen.expr.iter.IterableNamespaceAxis.<init>,0,1,1
org.jaxen.pattern.TextNodeTest.getMatchType,0,1,1
org.jaxen.DefaultNavigator.getDescendantAxisIterator,0,1,1
org.jaxen.util.SingleObjectIterator.remove,0,1,1
org.jaxen.expr.DefaultEqualsExpr.getOperator,0,1,1
org.jaxen.Context.getPosition,0,1,1
org.jaxen.expr.DefaultAllNodeStep.getText,0,1,1
org.jaxen.expr.DefaultTruthExpr.setIsEmpty,0,1,1
org.jaxen.JaxenHandler.canPop,1,0,1
org.jaxen.saxpath.helpers.DefaultXPathHandler.startFunction,0,0,0
org.jaxen.pattern.PatternHandler.<init>,0,0,0
org.jaxen.pattern.LocationPathPattern.setAncestorPattern,0,1,1
org.jaxen.expr.VariableReferenceExpr.null,0,0,0
org.jaxen.saxpath.base.XPathReader.andExpr,0,10,10
org.jaxen.function.FloorFunction.<init>,0,0,0
org.jaxen.pattern.NameTest.getText,3,0,3
org.jaxen.dom.NamespaceNode.getNextSibling,1,0,1
org.jaxen.expr.DefaultLocationPath.getText,0,7,7
org.jaxen.expr.DefaultGreaterThanEqualExpr.<init>,0,1,1
org.jaxen.expr.DefaultRelationalExpr.evaluate,1,9,10
org.jaxen.jdom.DocumentNavigator.getProcessingInstructionTarget,2,0,2
org.jaxen.DefaultNavigator.translateNamespacePrefixToUri,1,0,1
org.jaxen.function.SumFunction.evaluate,0,8,8
org.jaxen.saxpath.base.XPathLexer.colon,0,3,3
org.jaxen.expr.NodeComparator.compareSiblings,0,9,9
org.jaxen.jdom.DocumentNavigator.getAttributeQName,5,0,5
org.jaxen.getContext,10,0,10
org.jaxen.saxpath.base.XPathReader.predicates,0,4,4
org.jaxen.dom.NamespaceNode.hasAttributes,1,0,1
org.jaxen.Context.duplicate,0,8,8
org.jaxen.expr.DefaultXPathFactory.createTextNodeStep,0,2,2
org.jaxen.function.ext.EndsWithFunction.evaluate,0,3,3
org.jaxen.util.FollowingSiblingAxisIterator.hasNext,0,1,1
org.jaxen.saxpath.helpers.DefaultXPathHandler.endPredicate,0,0,0
org.jaxen.JaxenHandler.startFilterExpr,0,1,1
org.jaxen.dom.DocumentNavigator.isProcessingInstruction,0,1,1
org.jaxen.BaseXPath.getFunctionContext,0,1,1
org.jaxen.function.StringFunction.<clinit>, line 188,0,6,6
org.jaxen.expr.iter.IterableAncestorAxis.iterator,0,1,1
org.jaxen.getAttributeName,1,0,1
org.jaxen.expr.DefaultOrExpr.evaluate,0,8,8
org.jaxen.xom.DocumentNavigator.next,1,0,1
org.jaxen.saxpath.base.XPathReader.nameTest,0,23,23
org.jaxen.expr.DefaultLiteralExpr.evaluate,0,1,1
org.jaxen.expr.LogicalExpr.null,0,0,0
org.jaxen.jdom.DocumentNavigator.getCommentStringValue,2,0,2
org.jaxen.function.FalseFunction.<init>,0,0,0
org.jaxen.function.TranslateFunction.call,0,3,3
org.jaxen.expr.DefaultLocationPath.<init>,0,1,1
org.jaxen.getAttributeStringValue,1,0,1
org.jaxen.pattern.TextNodeTest.<init>,0,0,0
org.jaxen.saxpath.helpers.DefaultXPathHandler.startCommentNodeStep,0,0,0
org.jaxen.expr.PredicateSet.anyMatchingNode,25,0,25
org.jaxen.expr.DefaultStep.toString,1,0,1
org.jaxen.expr.DefaultExpr.convertToList,0,3,3
org.jaxen.expr.TextNodeStep.null,0,0,0
org.jaxen.dom.DocumentNavigator.translateNamespacePrefixToUri,5,0,5
org.jaxen.expr.DefaultStep.getText,0,1,1
org.jaxen.expr.iter.IterableAttributeAxis.supportsNamedAccess,0,1,1
org.jaxen.expr.XPathFactory.null,0,0,0
org.jaxen.function.CountFunction.evaluate,0,3,3
org.jaxen.saxpath.base.XPathReader.equalityExpr,0,17,17
org.jaxen.JaxenHandler.stackSize,0,1,1
org.jaxen.expr.DefaultNameStep.matches,0,32,32
org.jaxen.dom4j.DocumentNavigator.isText,0,1,1
org.jaxen.dom.DocumentNavigator.getNamespaceAxisIterator,1,32,33
org.jaxen.function.ConcatFunction.evaluate,0,5,5
org.jaxen.saxpath.helpers.DefaultXPathHandler.endAllNodeStep,0,0,0
org.jaxen.pattern.UnionPattern.getText,1,0,1
org.jaxen.expr.DefaultFilterExpr.simplify,0,6,6
org.jaxen.expr.DefaultPredicate.<init>,0,1,1
org.jaxen.expr.PredicateSet.applyPredicate,0,21,21
org.jaxen.Context.setSize,0,1,1
org.jaxen.isElement,1,0,1
org.jaxen.expr.DefaultGreaterThanEqualExpr.evaluateDoubleDouble,0,1,1
org.jaxen.expr.DefaultXPathFactory.createAdditiveExpr,1,5,6
org.jaxen.pattern.NameTest.getPriority,0,1,1
org.jaxen.expr.iter.IterableAncestorOrSelfAxis.iterator,0,1,1
org.jaxen.expr.CommentNodeStep.null,0,0,0
org.jaxen.ContextSupport.setFunctionContext,0,1,1
org.jaxen.saxpath.helpers.DefaultXPathHandler.endFilterExpr,0,0,0
org.jaxen.saxpath.helpers.DefaultXPathHandler.endNameStep,0,0,0
org.jaxen.pattern.NamespaceTest.getURI,6,0,6
org.jaxen.saxpath.base.XPathReader.multiplicativeExpr,1,23,24
org.jaxen.expr.RelationalExpr.null,0,0,0
org.jaxen.pattern.AnyNodeTest.getMatchType,1,0,1
org.jaxen.jdom.DocumentNavigator.getAttributeNamespaceUri,5,0,5
org.jaxen.expr.DefaultXPathFactory.createVariableReferenceExpr,0,1,1
org.jaxen.pattern.AnyNodeTest.<init>,0,0,0
org.jaxen.saxpath.helpers.DefaultXPathHandler.startRelativeLocationPath,0,0,0
org.jaxen.saxpath.helpers.DefaultXPathHandler.startRelationalExpr,0,0,0
org.jaxen.function.ConcatFunction.call,0,3,3
org.jaxen.evaluate,12,0,12
org.jaxen.dom.DocumentNavigator.isText,0,8,8
org.jaxen.saxpath.SAXPathException.<clinit>, line 68,0,4,4
org.jaxen.ContextSupport.getVariableValue,1,3,4
org.jaxen.expr.DefaultVariableReferenceExpr.<init>,0,2,2
org.jaxen.JaxenHandler.startNameStep,0,2,2
org.jaxen.XPathFunctionContext.getInstance,0,1,1
org.jaxen.dom.NamespaceNode.getPreviousSibling,1,0,1
org.jaxen.expr.DefaultXPathFactory.createFunctionCallExpr,0,1,1
org.jaxen.util.StackedIterator.hasNext,4,0,4
org.jaxen.function.TrueFunction.evaluate,0,1,1
org.jaxen.function.ContainsFunction.<init>,0,0,0
org.jaxen.dom.NamespaceNode.getLastChild,1,0,1
org.jaxen.expr.DefaultAllNodeStep.toString,1,0,1
org.jaxen.expr.DefaultXPathFactory.createRelationalExpr,1,9,10
org.jaxen.dom.NamespaceNode.isEqualNode,6,8,14
org.jaxen.expr.DefaultFilterExpr.getPredicates,1,0,1
org.jaxen.function.BooleanFunction.<init>,0,0,0
org.jaxen.function.LocalNameFunction.call,0,5,5
org.jaxen.saxpath.base.XPathLexer.identifierOrOperatorName,0,5,5
org.jaxen.pattern.NoNodeTest.getPriority,1,0,1
org.jaxen.pattern.LocationPathPattern.getText,21,0,21
org.jaxen.pattern.NoNodeTest.getMatchType,1,0,1
org.jaxen.dom.DocumentNavigator.getNamespacePrefix,1,1,2
org.jaxen.dom4j.DocumentNavigator.getAttributeNamespaceUri,1,4,5
org.jaxen.dom4j.DocumentNavigator.getNamespacePrefix,0,2,2
org.jaxen.expr.DefaultFunctionCallExpr.getFunctionName,0,1,1
org.jaxen.saxpath.helpers.DefaultXPathHandler.number,0,0,0
org.jaxen.expr.DefaultFilterExpr.evaluate,0,5,5
org.jaxen.Context.getNodeSet,0,1,1
org.jaxen.dom.NamespaceNode.compareDocumentPosition,2,0,2
org.jaxen.expr.DefaultXPathFactory.createLiteralExpr,0,1,1
org.jaxen.expr.LiteralExpr.null,0,0,0
org.jaxen.xom.DocumentNavigator.getElementNamespaceUri,1,0,1
org.jaxen.expr.DefaultBinaryExpr.getLHS,0,1,1
org.jaxen.expr.DefaultXPathFactory.createNameStep,0,2,2
org.jaxen.jdom.DocumentNavigator.isAttribute,0,1,1
org.jaxen.expr.DefaultGreaterThanEqualExpr.getOperator,0,1,1
org.jaxen.pattern.NamespaceTest.matches,7,0,7
org.jaxen.jdom.XPathNamespace.setJDOMElement,1,0,1
org.jaxen.function.xslt.DocumentFunction.evaluate,0,1,1
org.jaxen.function.TrueFunction.call,0,3,3
org.jaxen.pattern.PatternHandler.endPathExpr,3,0,3
org.jaxen.QualifiedName.equals,0,2,2
org.jaxen.jdom.XPathNamespace.getJDOMNamespace,0,1,1
org.jaxen.dom.DocumentNavigator.remove,2,0,2
org.jaxen.saxpath.base.Token.<init>,0,4,4
org.jaxen.expr.DefaultXPathFactory.createProcessingInstructionNodeStep,0,2,2
org.jaxen.expr.PredicateSet.evaluateAsBoolean,1,0,1
org.jaxen.saxpath.helpers.DefaultXPathHandler.endRelativeLocationPath,0,0,0
org.jaxen.expr.DefaultEqualityExpr.evaluateObjectObject,0,5,5
org.jaxen.xom.DocumentNavigator.getAttributeQName,1,0,1
org.jaxen.saxpath.base.XPathReader.locationPath,3,14,17
org.jaxen.expr.LocationPath.null,0,0,0
org.jaxen.util.PrecedingSiblingAxisIterator.hasNext,0,1,1
org.jaxen.jdom.DocumentNavigator.getChildAxisIterator,18,4,22
org.jaxen.saxpath.base.XPathLexer.<init>,0,1,1
org.jaxen.expr.DefaultUnionExpr.<init>,0,1,1
org.jaxen.expr.DefaultRelativeLocationPath.toString,0,1,1
org.jaxen.pattern.AnyChildNodeTest.matches,2,0,2
org.jaxen.dom4j.DocumentNavigator.getNamespaceAxisIterator,0,20,20
org.jaxen.util.SingleObjectIterator.hasNext,0,1,1
org.jaxen.pattern.LocationPathPattern.setAbsolute,1,0,1
org.jaxen.expr.PredicateSet.simplify,0,5,5
org.jaxen.function.NamespaceUriFunction.evaluate,0,22,22
org.jaxen.dom.DocumentNavigator.getElementById,1,2,3
org.jaxen.getDocumentNode,1,0,1
org.jaxen.expr.DefaultNotEqualsExpr.evaluateObjectObject,0,5,5
org.jaxen.saxpath.helpers.DefaultXPathHandler.startOrExpr,0,0,0
org.jaxen.jdom.DocumentNavigator.getParentAxisIterator,13,8,21
org.jaxen.dom4j.DocumentNavigator.getProcessingInstructionData,0,2,2
org.jaxen.getNamespaceAxisIterator,1,0,1
org.jaxen.BaseXPath.addNamespace,0,5,5
org.jaxen.util.AncestorOrSelfAxisIterator.next,1,6,7
org.jaxen.dom.DocumentNavigator.getChildAxisIterator,0,3,3
org.jaxen.pattern.PatternHandler.getPattern,5,0,5
org.jaxen.JaxenHandler.getXPathFactory,0,1,1
org.jaxen.expr.DefaultAndExpr.toString,1,0,1
org.jaxen.saxpath.base.XPathLexer.operatorName,0,15,15
org.jaxen.saxpath.base.XPathReader.parse,0,9,9
org.jaxen.expr.DefaultEqualityExpr.evaluate,4,16,20
org.jaxen.expr.DefaultOrExpr.toString,1,0,1
org.jaxen.expr.DefaultStep.getPredicateSet,0,1,1
org.jaxen.BaseXPath.createFunctionContext,0,1,1
org.jaxen.BaseXPath.setVariableContext,0,1,1
org.jaxen.expr.NodeComparator.isNonChild,0,1,1
org.jaxen.util.SingletonList.get,0,3,3
org.jaxen.expr.DefaultFunctionCallExpr.addParameter,0,1,1
org.jaxen.JaxenHandler.endPredicate,0,3,3
org.jaxen.dom.NamespaceNode.hashCode,0,2,2
org.jaxen.expr.IdentitySet.<init>,0,1,1
org.jaxen.function.ext.UpperFunction.evaluate,0,3,3
org.jaxen.expr.DefaultXPathFactory.createRelativeLocationPath,0,1,1
org.jaxen.pattern.PatternParser.convertExpr,7,30,37
org.jaxen.saxpath.base.XPathReader.relationalExpr,0,29,29
org.jaxen.function.SubstringAfterFunction.evaluate,0,6,6
org.jaxen.dom4j.DocumentNavigator.getTextStringValue,0,1,1
org.jaxen.expr.DefaultUnaryExpr.getText,0,1,1
org.jaxen.dom.NamespaceNode.isSameNode,6,10,16
org.jaxen.dom.DocumentNavigator.parseXPath,0,1,1
org.jaxen.saxpath.base.XPathLexer.pipe,0,3,3
org.jaxen.expr.Step.null,0,0,0
org.jaxen.expr.DefaultAbsoluteLocationPath.evaluate,1,12,13
org.jaxen.saxpath.base.XPathReader.isNodeTypeName,0,4,4
org.jaxen.expr.Predicated.null,0,0,0
org.jaxen.xom.DocumentNavigator.getPrecedingSiblingAxisIterator,1,0,1
org.jaxen.BaseXPath.selectNodes,0,2,2
org.jaxen.function.LangFunction.<init>,0,0,0
org.jaxen.jdom.DocumentNavigator.getNamespaceStringValue,5,0,5
org.jaxen.function.ext.EvaluateFunction.evaluate,2,14,16
org.jaxen.JaxenHandler.endRelationalExpr,0,4,4
org.jaxen.expr.iter.IterableParentAxis.<init>,0,1,1
org.jaxen.expr.iter.IterableDescendantAxis.<init>,0,1,1
org.jaxen.expr.DefaultRelationalExpr.<init>,0,1,1
org.jaxen.function.LocalNameFunction.evaluate,0,20,20
org.jaxen.dom4j.DocumentNavigator.parseXPath,0,1,1
org.jaxen.JaxenHandler.endUnionExpr,0,4,4
org.jaxen.BaseXPath.toString,0,1,1
org.jaxen.NamespaceContext.null,0,0,0
org.jaxen.expr.DefaultXPathExpr.toString,0,1,1
org.jaxen.JaxenRuntimeException.<init>,0,3,3
org.jaxen.dom.DocumentNavigator.isNamespace,0,1,1
org.jaxen.saxpath.helpers.DefaultXPathHandler.startAndExpr,0,0,0
org.jaxen.JaxenHandler.literal,0,1,1
org.jaxen.pattern.PatternHandler.endAbsoluteLocationPath,1,0,1
org.jaxen.dom.NamespaceNode.item,1,0,1
org.jaxen.JaxenHandler.endMultiplicativeExpr,0,4,4
org.jaxen.expr.DefaultLessThanExpr.getOperator,0,1,1
org.jaxen.saxpath.helpers.DefaultXPathHandler.endTextNodeStep,0,0,0
org.jaxen.dom.DOMXPath.<init>,0,1,1
org.jaxen.pattern.AnyNodeTest.getPriority,1,0,1
org.jaxen.pattern.TextNodeTest.getText,1,0,1
org.jaxen.XPath.null,0,0,0
org.jaxen.expr.iter.IterableSelfAxis.<init>,0,1,1
org.jaxen.expr.DefaultTruthExpr.isSet,0,1,1
org.jaxen.JaxenHandler.startEqualityExpr,0,0,0
org.jaxen.XPathFunctionContext.<init>,0,5,5
org.jaxen.getNodeType,1,0,1
org.jaxen.XPathSyntaxException.getMultilineMessage,0,6,6
org.jaxen.expr.iter.IterableDescendantOrSelfAxis.iterator,0,1,1
org.jaxen.xom.DocumentNavigator.getDocument,3,0,3
org.jaxen.saxpath.base.XPathLexer.div,0,7,7
org.jaxen.JaxenHandler.endFilterExpr,0,5,5
org.jaxen.expr.DefaultDivExpr.evaluate,0,4,4
org.jaxen.function.ext.LowerFunction.call,2,7,9
org.jaxen.saxpath.base.XPathLexer.notEquals,0,4,4
org.jaxen.expr.DefaultTruthExpr.<init>,0,1,1
org.jaxen.expr.DefaultOrExpr.getOperator,0,1,1
org.jaxen.saxpath.SAXPathEventSource.null,0,0,0
org.jaxen.function.NumberFunction.evaluate,0,17,17
org.jaxen.function.FalseFunction.call,0,3,3
org.jaxen.dom.DocumentNavigator.isDocument,0,1,1
org.jaxen.util.LinkedIterator.remove,1,0,1
org.jaxen.expr.DefaultTruthExpr.eitherIsBoolean,0,1,1
org.jaxen.expr.iter.IterableAxis.value,0,1,1
org.jaxen.expr.NodeComparator.compare,4,40,44
org.jaxen.pattern.UnionPattern.getMatchType,0,1,1
org.jaxen.dom.DocumentNavigator.next,4,9,13
org.jaxen.getChildAxisIterator,23,0,23
org.jaxen.expr.FilterExpr.null,0,0,0
org.jaxen.util.DescendantAxisIterator.remove,0,1,1
org.jaxen.dom.NamespaceNode.setPrefix,1,0,1
org.jaxen.expr.NameStep.null,0,0,0
org.jaxen.xom.DocumentNavigator.isProcessingInstruction,1,0,1
org.jaxen.util.SingletonList.size,0,1,1
org.jaxen.function.StartsWithFunction.<init>,0,0,0
org.jaxen.saxpath.base.Token.getTokenText,0,1,1
org.jaxen.function.NormalizeSpaceFunction.isXMLSpace,0,1,1
org.jaxen.pattern.LocationPathPattern.getMatchType,0,1,1
org.jaxen.util.FollowingSiblingAxisIterator.init,0,7,7
org.jaxen.isText,1,0,1
org.jaxen.pattern.NamespaceTest.<init>,1,3,4
org.jaxen.util.SingleObjectIterator.<init>,0,2,2
org.jaxen.saxpath.base.XPathLexer.number,1,24,25
org.jaxen.expr.iter.IterablePrecedingSiblingAxis.<init>,0,1,1
org.jaxen.pattern.AnyChildNodeTest.getText,1,0,1
org.jaxen.util.PrecedingAxisIterator.<init>,0,5,5
org.jaxen.dom.NamespaceNode.setNodeValue,1,0,1
org.jaxen.dom.DocumentNavigator.isElement,0,1,1
org.jaxen.function.NameFunction.evaluate,0,20,20
org.jaxen.saxpath.helpers.DefaultXPathHandler.startMultiplicativeExpr,0,0,0
org.jaxen.util.FollowingAxisIterator.hasNext,0,4,4
org.jaxen.SimpleFunctionContext.getFunction,0,4,4
org.jaxen.function.ext.LocaleFunctionSupport.findLocale,1,10,11
org.jaxen.xom.DocumentNavigator.getElementStringValue,1,0,1
org.jaxen.expr.iter.IterableChildAxis.namedAccessIterator,0,2,2
org.jaxen.next,1,0,1
org.jaxen.function.SubstringAfterFunction.call,0,3,3
org.jaxen.saxpath.base.TokenTypes.getTokenText,68,5,73
org.jaxen.expr.DefaultPathExpr.simplify,1,10,11
org.jaxen.util.PrecedingSiblingAxisIterator.next,0,7,7
org.jaxen.JaxenHandler.endOrExpr,0,4,4
org.jaxen.pattern.PatternHandler.endStep,5,0,5
org.jaxen.pattern.UnionPattern.getLHS,1,0,1
org.jaxen.JaxenHandler.endCommentNodeStep,0,1,1
org.jaxen.dom.DocumentNavigator.getElementStringValue,1,2,3
org.jaxen.expr.DefaultAndExpr.getOperator,0,1,1
org.jaxen.saxpath.base.XPathReader.match,0,7,7
org.jaxen.pattern.UnionPattern.getUnionPatterns,1,0,1
org.jaxen.dom.DocumentNavigator.getElementName,0,5,5
org.jaxen.dom.NamespaceNode.getNamespaceURI,1,0,1
org.jaxen.expr.DefaultXPathExpr.asList,0,4,4
org.jaxen.VariableContext.null,0,0,0
org.jaxen.function.FalseFunction.evaluate,0,1,1
org.jaxen.saxpath.base.XPathLexer.LA,0,3,3
org.jaxen.jdom.DocumentNavigator.isDocument,1,0,1
org.jaxen.saxpath.base.XPathReader.predicateExpr,0,1,1
org.jaxen.expr.DefaultVariableReferenceExpr.getText,0,1,1
org.jaxen.expr.DefaultAdditiveExpr.<init>,0,1,1
org.jaxen.expr.DefaultBinaryExpr.toString,1,0,1
org.jaxen.xom.DocumentNavigator.getPrecedingAxisIterator,1,0,1
org.jaxen.expr.DefaultBinaryExpr.setRHS,0,1,1
org.jaxen.util.StackedIterator.next,6,0,6
org.jaxen.function.ext.LocaleFunctionSupport.findLocaleForLanguage,1,9,10
org.jaxen.JaxenHandler.startRelativeLocationPath,0,2,2
org.jaxen.pattern.NameTest.toString,1,0,1
org.jaxen.function.PositionFunction.call,0,3,3
org.jaxen.expr.DefaultPathExpr.getLocationPath,0,1,1
org.jaxen.dom4j.DocumentNavigator.getAttributeStringValue,0,1,1
org.jaxen.pattern.LocationPathPattern.<init>,0,1,1
org.jaxen.pattern.PatternHandler.startNameStep,13,0,13
org.jaxen.jdom.DocumentNavigator.getElementQName,5,0,5
org.jaxen.pattern.LocationPathPattern.hasAnyNodeTest,1,0,1
org.jaxen.JaxenHandler.endAllNodeStep,0,1,1
org.jaxen.function.StartsWithFunction.evaluate,0,3,3
org.jaxen.DefaultNavigator.getProcessingInstructionTarget,1,0,1
org.jaxen.expr.DefaultXPathFactory.createPredicate,0,1,1
org.jaxen.expr.DefaultCommentNodeStep.matches,0,2,2
org.jaxen.expr.DefaultFunctionCallExpr.simplify,0,8,8
org.jaxen.expr.DefaultTruthExpr.eitherIsSet,0,1,1
org.jaxen.dom4j.DocumentNavigator.isComment,0,1,1
org.jaxen.dom4j.DocumentNavigator.translateNamespacePrefixToUri,11,0,11
org.jaxen.function.StringLengthFunction.evaluate,1,13,14
org.jaxen.JaxenHandler.endFunction,0,3,3
org.jaxen.saxpath.base.XPathLexer.identifier,0,8,8
org.jaxen.function.LocalNameFunction.<init>,0,0,0
org.jaxen.dom4j.DocumentNavigator.getProcessingInstructionTarget,0,2,2
org.jaxen.JaxenHandler.push,0,1,1
org.jaxen.Context.getNavigator,0,1,1
org.jaxen.expr.DefaultStep.simplify,0,1,1
org.jaxen.FunctionCallException.getNestedException,1,0,1
org.jaxen.JaxenHandler.popFrame,0,1,1
org.jaxen.dom4j.DocumentNavigator.getNodeStringValue,0,1,1
org.jaxen.expr.DefaultVariableReferenceExpr.getVariableName,0,1,1
org.jaxen.dom.NamespaceNode.replaceChild,2,0,2
org.jaxen.expr.DefaultNameStep.toString,0,3,3
org.jaxen.jdom.DocumentNavigator.isElement,0,1,1
org.jaxen.dom.DocumentNavigator.getAttributeName,0,5,5
org.jaxen.expr.DefaultProcessingInstructionNodeStep.getName,0,1,1
org.jaxen.expr.DefaultArithExpr.<init>,0,1,1
org.jaxen.DefaultNavigator.getParentAxisIterator,1,0,1
org.jaxen.JaxenHandler.startProcessingInstructionNodeStep,0,2,2
org.jaxen.jdom.DocumentNavigator.getProcessingInstructionData,2,0,2
org.jaxen.saxpath.base.XPathLexer.leftBracket,0,3,3
org.jaxen.expr.AdditiveExpr.null,0,0,0
org.jaxen.saxpath.base.Token.setTokenEnd,0,1,1
org.jaxen.expr.DefaultStep.evaluate,0,18,18
org.jaxen.pattern.NoNodeTest.getText,1,0,1
org.jaxen.saxpath.XPathSyntaxException.getPosition,0,1,1
org.jaxen.expr.DefaultLessThanEqualExpr.getOperator,0,1,1
org.jaxen.dom.NamespaceNode.setTextContent,0,1,1
org.jaxen.function.LastFunction.call,0,3,3
org.jaxen.dom.NamespaceNode.getNodeName,0,1,1
org.jaxen.expr.DefaultFilterExpr.toString,1,0,1
org.jaxen.function.NamespaceUriFunction.<init>,0,0,0
org.jaxen.dom.NamespaceNode.getPrefix,1,0,1
org.jaxen.pattern.AnyNodeTest.getInstance,0,1,1
org.jaxen.BaseXPath.selectSingleNode,0,4,4
org.jaxen.DefaultNavigator.getFollowingSiblingAxisIterator,0,1,1
org.jaxen.expr.iter.IterableDescendantOrSelfAxis.<init>,0,1,1
org.jaxen.expr.DefaultXPathFactory.createOrExpr,0,1,1
org.jaxen.dom.DocumentNavigator.getNextNode,1,12,13
org.jaxen.xom.DocumentNavigator.getAttributeAxisIterator,2,0,2
org.jaxen.util.FollowingSiblingAxisIterator.remove,0,1,1
org.jaxen.Context.getSize,0,1,1
org.jaxen.expr.DefaultEqualityExpr.evaluateSetSet,0,9,9
org.jaxen.xom.DocumentNavigator.isDocument,1,0,1
org.jaxen.expr.DefaultRelationalExpr.toString,1,0,1
org.jaxen.pattern.UnionPattern.getMatchesNodeName,0,1,1
org.jaxen.pattern.PatternHandler.startCommentNodeStep,2,0,2
org.jaxen.dom.NamespaceNode.hasChildNodes,1,0,1
org.jaxen.saxpath.helpers.DefaultXPathHandler.literal,0,0,0
org.jaxen.getName,1,0,1
org.jaxen.expr.DefaultStep.getPredicates,0,1,1
org.jaxen.function.NameFunction.call,0,5,5
org.jaxen.expr.DefaultXPathFactory.createEqualityExpr,1,5,6
org.jaxen.expr.DefaultEqualsExpr.<init>,0,1,1
org.jaxen.expr.DefaultFunctionCallExpr.evaluate,0,7,7
org.jaxen.xom.DocumentNavigator.isElement,1,0,1
org.jaxen.XPathSyntaxException.getPositionMarker,0,6,6
org.jaxen.dom.DocumentNavigator.getElementNamespaceUri,0,5,5
org.jaxen.expr.DefaultLiteralExpr.toString,1,0,1
org.jaxen.function.ext.LocaleFunctionSupport.getLocale,5,5,10
org.jaxen.JaxenHandler.endProcessingInstructionNodeStep,0,1,1
org.jaxen.expr.DefaultXPathFactory.createFilterExpr,0,1,1
org.jaxen.saxpath.base.XPathReader.<init>,0,1,1
org.jaxen.expr.DefaultBinaryExpr.<init>,0,2,2
org.jaxen.DefaultNavigator.getNamespaceAxisIterator,1,0,1
org.jaxen.expr.DefaultFilterExpr.<init>,0,3,3
org.jaxen.saxpath.base.XPathLexer.rightParen,0,3,3
org.jaxen.JaxenHandler.returnExpr,3,0,3
org.jaxen.pattern.NodeTypeTest.toString,1,0,1
org.jaxen.JaxenHandler.startAllNodeStep,0,2,2
org.jaxen.XPathSyntaxException.getPosition,0,1,1
org.jaxen.JaxenHandler.endNameStep,0,1,1
org.jaxen.xom.DocumentNavigator.hasNext,1,0,1
org.jaxen.pattern.PatternHandler.endRelativeLocationPath,1,0,1
org.jaxen.saxpath.helpers.DefaultXPathHandler.endOrExpr,0,0,0
org.jaxen.function.StringLengthFunction.<init>,0,0,0
org.jaxen.xom.DocumentNavigator.getElementQName,1,0,1
org.jaxen.isAttribute,1,0,1
org.jaxen.jdom.DocumentNavigator.isText,1,0,1
org.jaxen.expr.DefaultPlusExpr.<init>,0,1,1
org.jaxen.JaxenHandler.startMultiplicativeExpr,0,0,0
org.jaxen.expr.DefaultMultiplyExpr.evaluate,0,4,4
org.jaxen.expr.IdentitySet.contains,0,2,2
org.jaxen.saxpath.base.Token.getTokenType,0,1,1
org.jaxen.dom.DocumentNavigator.getAttributeStringValue,1,1,2
org.jaxen.expr.DefaultPathExpr.setFilterExpr,0,1,1
org.jaxen.expr.DefaultFilterExpr.getText,5,0,5
org.jaxen.pattern.NameTest.matches,10,0,10
org.jaxen.pattern.UnionPattern.setLHS,2,0,2
org.jaxen.expr.DefaultNumberExpr.toString,1,0,1
org.jaxen.JaxenRuntimeException.initCause,2,5,7
org.jaxen.saxpath.helpers.XPathReaderFactory.createReader,2,16,18
org.jaxen.expr.DefaultUnaryExpr.simplify,0,2,2
org.jaxen.expr.DefaultTruthExpr.eitherIsNumber,0,1,1
org.jaxen.expr.DefaultXPathFactory.createUnionExpr,0,1,1
org.jaxen.UnsupportedAxisException.<init>,0,1,1
org.jaxen.dom.DocumentNavigator.getStringValue,0,7,7
org.jaxen.expr.DefaultAllNodeStep.matches,0,1,1
org.jaxen.util.AncestorAxisIterator.<init>,0,2,2
org.jaxen.getParentNode,3,0,3
org.jaxen.function.TranslateFunction.isLowSurrogate,0,1,1
org.jaxen.DefaultNavigator.getProcessingInstructionData,1,0,1
org.jaxen.saxpath.base.XPathReader.functionCall,0,12,12
org.jaxen.expr.PredicateSet.evaluatePredicates,0,7,7
org.jaxen.Navigator.null,0,0,0
org.jaxen.Context.getFunction,0,1,1
org.jaxen.pattern.PatternParser.navigationStep,1,4,5
org.jaxen.DefaultNavigator.getPrecedingAxisIterator,0,1,1
org.jaxen.isComment,1,0,1
org.jaxen.saxpath.SAXPathException.getCause,0,1,1
org.jaxen.getAttributeQName,1,0,1
org.jaxen.expr.iter.IterableChildAxis.<init>,0,1,1
org.jaxen.expr.DefaultLiteralExpr.getLiteral,0,1,1
org.jaxen.expr.DefaultOrExpr.<init>,0,1,1
org.jaxen.expr.DefaultDivExpr.<init>,0,1,1
org.jaxen.expr.iter.IterableAncestorAxis.<init>,0,1,1
org.jaxen.saxpath.helpers.DefaultXPathHandler.endAdditiveExpr,0,0,0
org.jaxen.expr.DefaultFilterExpr.addPredicate,0,1,1
org.jaxen.BaseXPath.getNamespaceContext,0,1,1
org.jaxen.pattern.LocationPathPattern.getPriority,1,2,3
org.jaxen.expr.DefaultLessThanEqualExpr.evaluateDoubleDouble,0,1,1
org.jaxen.expr.DefaultPathExpr.evaluate,1,8,9
org.jaxen.dom.NamespaceNode.getLength,1,0,1
org.jaxen.function.RoundFunction.call,0,3,3
org.jaxen.expr.DefaultAndExpr.evaluate,0,8,8
org.jaxen.expr.DefaultModExpr.getOperator,0,1,1
org.jaxen.saxpath.helpers.DefaultXPathHandler.endUnaryExpr,0,0,0
org.jaxen.JaxenRuntimeException.getCause,0,1,1
org.jaxen.util.SelfAxisIterator.<init>,0,1,1
org.jaxen.dom.NamespaceNode.insertBefore,2,0,2
org.jaxen.function.LastFunction.<init>,0,0,0
org.jaxen.expr.iter.IterableParentAxis.iterator,0,1,1
org.jaxen.expr.DefaultUnaryExpr.toString,1,0,1
org.jaxen.pattern.NodeTypeTest.<init>,0,1,1
org.jaxen.SimpleVariableContext.setVariableValue,0,2,2
org.jaxen.function.NameFunction.<init>,0,0,0
org.jaxen.hasNext,1,0,1
org.jaxen.expr.IdentitySet.add,0,2,2
org.jaxen.util.FollowingAxisIterator.goForward,0,6,6
org.jaxen.getTextStringValue,3,0,3
org.jaxen.saxpath.base.Token.setTokenBegin,0,1,1
org.jaxen.saxpath.base.XPathLexer.consume,0,1,1
org.jaxen.DefaultNavigator.getDocument,1,0,1
org.jaxen.function.SumFunction.call,0,3,3
org.jaxen.xom.DocumentNavigator.getCommentStringValue,1,0,1
org.jaxen.util.PrecedingAxisIterator.hasNext,1,12,13
org.jaxen.expr.iter.IterableDescendantAxis.iterator,0,1,1
org.jaxen.expr.DefaultPathExpr.getFilterExpr,0,1,1
org.jaxen.function.xslt.DocumentFunction.call,1,4,5
org.jaxen.expr.DefaultMultiplyExpr.getOperator,0,1,1
org.jaxen.expr.UnionExpr.null,0,0,0
org.jaxen.saxpath.helpers.XPathReaderFactory.<init>,0,0,0
org.jaxen.expr.DefaultGreaterThanExpr.evaluateDoubleDouble,0,1,1
org.jaxen.xom.DocumentNavigator.getProcessingInstructionData,1,0,1
org.jaxen.function.RoundFunction.evaluate,0,5,5
org.jaxen.dom4j.DocumentNavigator.isAttribute,0,1,1
org.jaxen.DefaultNavigator.getFollowingAxisIterator,0,1,1
org.jaxen.saxpath.helpers.DefaultXPathHandler.startFilterExpr,0,0,0
org.jaxen.expr.DefaultLessThanExpr.<init>,0,1,1
org.jaxen.xom.DocumentNavigator.getElement,1,0,1
org.jaxen.saxpath.helpers.DefaultXPathHandler.endAbsoluteLocationPath,0,0,0
org.jaxen.saxpath.helpers.DefaultXPathHandler.startPathExpr,0,0,0
org.jaxen.jdom.XPathNamespace.<init>,1,2,3
org.jaxen.expr.DefaultTextNodeStep.matches,0,2,2
org.jaxen.saxpath.base.XPathReader.unionExpr,0,10,10
org.jaxen.dom.DocumentNavigator.getFollowingAxisIterator,0,1,1
org.jaxen.saxpath.helpers.DefaultXPathHandler.startAdditiveExpr,0,0,0
org.jaxen.util.StackedIterator.currentIterator,6,0,6
org.jaxen.BaseXPath.setFunctionContext,0,1,1
org.jaxen.expr.DefaultNameStep.getPrefix,0,1,1
org.jaxen.expr.DefaultXPathFactory.createMultiplicativeExpr,1,7,8
org.jaxen.pattern.NodeTypeTest.matches,1,0,1
org.jaxen.DefaultNavigator.getAncestorAxisIterator,0,1,1
org.jaxen.dom4j.DocumentNavigator.isNamespace,0,1,1
org.jaxen.expr.iter.IterableAttributeAxis.iterator,0,1,1
org.jaxen.function.CeilingFunction.evaluate,0,2,2
org.jaxen.JaxenHandler.startAbsoluteLocationPath,0,2,2
org.jaxen.ContextSupport.getNamespaceContext,0,1,1
org.jaxen.xom.DocumentNavigator.getAttributeName,1,0,1
org.jaxen.dom.NamespaceNode.getChildNodes,1,0,1
org.jaxen.pattern.PatternHandler.createAbsoluteLocationPath,1,0,1
org.jaxen.expr.DefaultFunctionCallExpr.<init>,0,3,3
org.jaxen.function.LangFunction.evaluate,0,12,12
org.jaxen.saxpath.base.XPathLexer.rightBracket,0,3,3
org.jaxen.function.NotFunction.evaluate,0,1,1
org.jaxen.expr.DefaultNameStep.isMatchesAnyName,0,1,1
org.jaxen.BaseXPath.booleanValueOf,1,4,5
org.jaxen.expr.DefaultModExpr.<init>,0,1,1
org.jaxen.expr.IdentitySet.equals,0,2,2
org.jaxen.function.NormalizeSpaceFunction.<init>,0,0,0
org.jaxen.expr.DefaultBinaryExpr.getText,0,1,1
org.jaxen.expr.Predicate.null,0,0,0
org.jaxen.JaxenException.<clinit>, line 68,0,4,4
org.jaxen.pattern.PatternHandler.startProcessingInstructionNodeStep,2,0,2
org.jaxen.function.ext.LowerFunction.evaluate,0,3,3
org.jaxen.dom.DocumentNavigator.getProcessingInstructionData,0,4,4
org.jaxen.dom.NamespaceNode.isDefaultNamespace,1,0,1
org.jaxen.JaxenHandler.variableReference,0,1,1
org.jaxen.saxpath.XPathSyntaxException.<init>,0,3,3
org.jaxen.function.StringFunction.<init>,0,0,0
org.jaxen.expr.DefaultXPathExpr.setRootExpr,0,1,1
org.jaxen.function.TranslateFunction.toUnicodeCharacters,1,17,18
org.jaxen.dom4j.DocumentNavigator.getParentAxisIterator,0,7,7
org.jaxen.saxpath.base.XPathReader.predicate,0,5,5
org.jaxen.JaxenHandler.startAdditiveExpr,0,0,0
org.jaxen.expr.DefaultMultiplyExpr.<init>,0,1,1
org.jaxen.pattern.PatternParser.convertDefaultStep,0,7,7
org.jaxen.xom.DocumentNavigator.isComment,1,0,1
org.jaxen.util.LinkedIterator.<init>,2,0,2
org.jaxen.getNamespacePrefix,1,0,1
org.jaxen.Context.getContextSupport,0,1,1
org.jaxen.util.DescendantAxisIterator.<init>,0,3,3
org.jaxen.Context.setContextSupport,1,0,1
org.jaxen.<init>,7,0,7
org.jaxen.function.CountFunction.call,0,3,3
org.jaxen.expr.DefaultProcessingInstructionNodeStep.matches,0,7,7
org.jaxen.saxpath.base.XPathReader.createSyntaxException,0,3,3
org.jaxen.expr.DefaultNameStep.getLocalName,0,1,1
org.jaxen.saxpath.base.XPathReader.getXPathHandler,0,1,1
org.jaxen.function.PositionFunction.evaluate,0,1,1
org.jaxen.saxpath.helpers.DefaultXPathHandler.variableReference,0,0,0
org.jaxen.dom4j.DocumentNavigator.getDocumentNode,1,5,6
org.jaxen.XPathSyntaxException.<init>,0,6,6
org.jaxen.dom4j.DocumentNavigator.getInstance,0,1,1
org.jaxen.expr.DefaultVariableReferenceExpr.evaluate,1,4,5
org.jaxen.expr.iter.IterablePrecedingAxis.<init>,0,1,1
org.jaxen.JaxenHandler.startUnionExpr,0,0,0
org.jaxen.expr.iter.IterableAxis.<init>,0,1,1
org.jaxen.pattern.PatternHandler.startUnionExpr,0,0,0
org.jaxen.pattern.NameTest.<init>,0,2,2
org.jaxen.jdom.DocumentNavigator.isNamespace,0,1,1
org.jaxen.BaseXPath.numberValueOf,0,3,3
org.jaxen.expr.DefaultPathExpr.toString,1,2,3
org.jaxen.util.StackedIterator.init,1,0,1
org.jaxen.util.FollowingSiblingAxisIterator.next,0,1,1
org.jaxen.function.LangFunction.call,1,5,6
org.jaxen.pattern.Pattern.getMatchType,1,0,1
org.jaxen.expr.iter.IterableFollowingAxis.<init>,0,1,1
org.jaxen.function.SubstringBeforeFunction.call,0,3,3
org.jaxen.util.PrecedingAxisIterator.remove,0,1,1
org.jaxen.getDocument,1,0,1
org.jaxen.expr.PathExpr.null,0,0,0
org.jaxen.expr.DefaultPredicate.toString,1,0,1
org.jaxen.BaseXPath.setNamespaceContext,0,1,1
org.jaxen.XPathFunctionContext.registerExtensionFunctions,0,4,4
org.jaxen.JaxenHandler.addSteps,0,2,2
org.jaxen.expr.iter.IterableChildAxis.supportsNamedAccess,0,1,1
org.jaxen.dom4j.DocumentNavigator.getAttributeAxisIterator,1,10,11
org.jaxen.util.StackedIterator.internalCreateIterator,4,0,4
org.jaxen.xom.DocumentNavigator.getProcessingInstructionTarget,1,0,1
org.jaxen.jdom.DocumentNavigator.getElementName,0,2,2
org.jaxen.dom.DocumentNavigator.getInstance,0,1,1
org.jaxen.saxpath.base.XPathReader.arguments,0,5,5
org.jaxen.saxpath.base.XPathReader.literal,0,2,2
org.jaxen.getAttributeNamespaceUri,1,0,1
org.jaxen.expr.DefaultXPathFactory.createPathExpr,0,1,1
org.jaxen.util.PrecedingSiblingAxisIterator.init,0,11,11
org.jaxen.expr.DefaultLocationPath.toString,0,7,7
org.jaxen.jdom.DocumentNavigator.getAttributeName,2,0,2
org.jaxen.expr.DefaultXPathExpr.getText,1,0,1
org.jaxen.saxpath.SAXPathException.printStackTrace,6,2,8
org.jaxen.pattern.AnyChildNodeTest.getInstance,1,0,1
org.jaxen.JaxenHandler.endRelativeLocationPath,0,1,1
org.jaxen.dom.NamespaceNode.getAttributes,1,0,1
org.jaxen.Context.setPosition,0,1,1
org.jaxen.jdom.XPathNamespace.getJDOMElement,0,1,1
org.jaxen.ContextSupport.getNavigator,0,1,1
org.jaxen.JaxenHandler.endUnaryExpr,0,2,2
org.jaxen.getElementStringValue,3,0,3
org.jaxen.saxpath.XPathSyntaxException.getMultilineMessage,7,0,7
org.jaxen.pattern.UnionPattern.simplify,0,4,4
org.jaxen.saxpath.base.XPathLexer.relationalOperator,0,17,17
org.jaxen.expr.DefaultGreaterThanExpr.<init>,0,1,1
org.jaxen.expr.iter.IterablePrecedingAxis.iterator,0,1,1
org.jaxen.QualifiedName.getClarkForm,1,1,2
org.jaxen.expr.DefaultLocationPath.isReverseAxis,0,2,2
org.jaxen.xom.DocumentNavigator.isText,1,0,1
org.jaxen.expr.DefaultBinaryExpr.simplify,0,3,3
org.jaxen.DefaultNavigator.getElementById,1,0,1
org.jaxen.xom.DocumentNavigator.getTextStringValue,1,0,1
org.jaxen.pattern.AnyNodeTest.getText,1,0,1
org.jaxen.saxpath.base.XPathLexer.whitespace,3,9,12
org.jaxen.dom.NamespaceNode.getOwnerDocument,2,0,2
org.jaxen.function.StringFunction.stringValue,0,6,6
org.jaxen.expr.DefaultNumberExpr.evaluate,0,1,1
org.jaxen.dom.DocumentNavigator.getTextStringValue,1,1,2
org.jaxen.dom4j.DocumentNavigator.getSAXReader,0,4,4
org.jaxen.pattern.PatternParser.parse,6,8,14
org.jaxen.dom4j.DocumentNavigator.getElementName,0,2,2
org.jaxen.DefaultNavigator.getSelfAxisIterator,0,1,1
org.jaxen.expr.DefaultLogicalExpr.<init>,0,1,1
org.jaxen.expr.DefaultFunctionCallExpr.toString,4,0,4
org.jaxen.dom.NamespaceNode.getTextContent,0,1,1
org.jaxen.expr.iter.IterableAttributeAxis.<init>,0,1,1
org.jaxen.dom.DocumentNavigator.NodeIterator,0,3,3
org.jaxen.expr.EqualityExpr.null,0,0,0
org.jaxen.pattern.PatternHandler.endLocationPath,21,0,21
org.jaxen.saxpath.base.XPathLexer.comma,0,3,3
org.jaxen.saxpath.XPathSyntaxException.getXPath,0,1,1
org.jaxen.xom.DocumentNavigator.getNamespacePrefix,8,0,8
org.jaxen.jdom.DocumentNavigator.parseXPath,1,0,1
org.jaxen.JaxenHandler.startTextNodeStep,0,2,2
org.jaxen.function.StringFunction.call,0,6,6
org.jaxen.pattern.UnionPattern.<init>,0,3,3
org.jaxen.expr.DefaultVariableReferenceExpr.getPrefix,0,1,1
org.jaxen.javacase,5,0,5
org.jaxen.JaxenHandler.startPredicate,0,1,1
org.jaxen.JaxenHandler.endAndExpr,0,4,4
org.jaxen.expr.DefaultFunctionCallExpr.evaluateParams,0,8,8
org.jaxen.saxpath.Axis.<init>,0,0,0
org.jaxen.dom4j.DocumentNavigator.getParentNode,1,8,9
org.jaxen.expr.DefaultFunctionCallExpr.getPrefix,0,1,1
org.jaxen.function.SubstringFunction.call,1,32,33
org.jaxen.saxpath.base.Token.getTokenBegin,0,1,1
org.jaxen.function.StartsWithFunction.call,0,3,3
org.jaxen.JaxenHandler.startCommentNodeStep,0,2,2
org.jaxen.dom.DocumentNavigator.getFirstNode,0,11,11
org.jaxen.expr.DefaultBinaryExpr.setLHS,0,1,1
org.jaxen.dom.DocumentNavigator.isAttribute,0,1,1
org.jaxen.xom.XOMXPath.<init>,0,1,1
org.jaxen.dom.DocumentNavigator.getFollowingSiblingAxisIterator,0,1,1
org.jaxen.util.StackedIterator.remove,1,0,1
org.jaxen.saxpath.helpers.DefaultXPathHandler.endPathExpr,0,0,0
org.jaxen.JaxenHandler.<init>,0,2,2
org.jaxen.getParentAxisIterator,3,0,3
org.jaxen.expr.DefaultMultiplicativeExpr.<init>,0,1,1
org.jaxen.expr.DefaultExpr.convertToIterator,5,0,5
org.jaxen.expr.DefaultXPathFactory.createCommentNodeStep,0,2,2
org.jaxen.saxpath.base.XPathLexer.hasMoreChars,0,1,1
org.jaxen.expr.DefaultFilterExpr.asBoolean,13,0,13
org.jaxen.util.PrecedingAxisIterator.childrenOrSelf,1,8,9
org.jaxen.JaxenHandler.addPredicates,0,2,2
org.jaxen.dom4j.DocumentNavigator.getElementStringValue,0,1,1
org.jaxen.DefaultNavigator.getChildAxisIterator,1,0,1
org.jaxen.expr.DefaultMinusExpr.<init>,0,1,1
org.jaxen.xom.DocumentNavigator.get,4,0,4
org.jaxen.xom.DocumentNavigator.getChildAxisIterator,2,0,2
org.jaxen.pattern.NodeTypeTest.getPriority,0,1,1
org.jaxen.saxpath.XPathSyntaxException.toString,1,0,1
org.jaxen.dom.DocumentNavigator.getAttributeAxisIterator,0,3,3
org.jaxen.saxpath.base.XPathReader.step,0,18,18
org.jaxen.jdom.DocumentNavigator.isProcessingInstruction,1,0,1
org.jaxen.expr.iter.IterableFollowingSiblingAxis.<init>,0,1,1
org.jaxen.util.AncestorOrSelfAxisIterator.hasNext,0,1,1
org.jaxen.isDocument,1,0,1
org.jaxen.expr.DefaultLiteralExpr.getText,0,3,3
org.jaxen.expr.DefaultTextNodeStep.<init>,0,1,1
org.jaxen.expr.DefaultStep.<init>,0,2,2
org.jaxen.BaseXPath.getContext,0,8,8
org.jaxen.util.FollowingSiblingAxisIterator.<init>,0,3,3
org.jaxen.function.ext.UpperFunction.call,1,8,9
org.jaxen.expr.DefaultStep.axisIterator,0,1,1
org.jaxen.translateNamespacePrefixToUri,1,0,1
org.jaxen.BaseXPath.debug,0,1,1
org.jaxen.expr.DefaultPredicate.getText,0,1,1
org.jaxen.pattern.NoNodeTest.matches,1,0,1
org.jaxen.xom.DocumentNavigator.getNamespaceStringValue,7,0,7
org.jaxen.pattern.PatternHandler.createRelativeLocationPath,1,0,1
org.jaxen.FunctionCallException.<init>,0,3,3
org.jaxen.getNamespaceStringValue,1,0,1
org.jaxen.pattern.AnyChildNodeTest.<init>,0,0,0
org.jaxen.expr.DefaultGreaterThanExpr.getOperator,0,1,1
org.jaxen.jdom.DocumentNavigator.getNamespaceAxisIterator,3,24,27
org.jaxen.jdom.XPathNamespace.toString,1,0,1
org.jaxen.saxpath.base.XPathReader.steps,3,33,36
org.jaxen.expr.DefaultVariableReferenceExpr.getQName,1,2,3
org.jaxen.saxpath.base.Verifier.isXMLNCNameCharacter,0,1,1
org.jaxen.dom.NamespaceNode.getLocalName,0,1,1
org.jaxen.expr.DefaultPathExpr.getText,0,7,7
org.jaxen.expr.DefaultProcessingInstructionNodeStep.<init>,0,2,2
org.jaxen.function.RoundFunction.<init>,0,0,0
org.jaxen.xom.DocumentNavigator.getAttributeNamespaceUri,1,0,1
org.jaxen.JaxenHandler.addParameters,0,2,2
org.jaxen.expr.DefaultNameStep.evaluate,4,70,74
org.jaxen.dom.NamespaceNode.getUserData,1,0,1
org.jaxen.isProcessingInstruction,1,0,1
org.jaxen.saxpath.base.XPathReader.relativeLocationPath,5,7,12
org.jaxen.dom4j.DocumentNavigator.getNamespaceStringValue,2,0,2
org.jaxen.JaxenConstants.<init>,0,0,0
org.jaxen.JaxenHandler.endStep,0,3,3
org.jaxen.function.TranslateFunction.<init>,0,0,0
org.jaxen.saxpath.base.XPathReader.axisSpecifier,0,15,15
org.jaxen.function.PositionFunction.<init>,0,0,0
org.jaxen.function.NotFunction.<init>,0,0,0
org.jaxen.ContextSupport.getVariableContext,0,1,1
org.jaxen.JaxenHandler.startPathExpr,0,1,1
org.jaxen.expr.DefaultArithExpr.toString,1,0,1
org.jaxen.pattern.PatternHandler.endXPath,3,0,3
org.jaxen.getParent,1,0,1
org.jaxen.Context.getVariableValue,0,1,1
org.jaxen.saxpath.helpers.DefaultXPathHandler.endXPath,0,0,0
org.jaxen.expr.DefaultEqualsExpr.toString,1,0,1
org.jaxen.pattern.LocationPathPattern.isAbsolute,1,0,1
org.jaxen.expr.DefaultPredicate.getExpr,0,1,1
org.jaxen.BaseXPath.selectSingleNodeForContext,0,4,4
org.jaxen.function.CeilingFunction.<init>,0,0,0
org.jaxen.dom.DocumentNavigator.getCommentStringValue,1,1,2
org.jaxen.dom4j.DocumentNavigator.getAttributeQName,2,0,2
org.jaxen.UnresolvableException.<init>,0,1,1
org.jaxen.SimpleNamespaceContext.<init>,0,7,7
org.jaxen.expr.iter.IterableAncestorOrSelfAxis.<init>,0,1,1
org.jaxen.JaxenHandler.endTextNodeStep,0,1,1
org.jaxen.expr.BinaryExpr.null,0,0,0
org.jaxen.jdom.DocumentNavigator.getAttributeStringValue,2,0,2
org.jaxen.pattern.PatternHandler.startAbsoluteLocationPath,2,0,2
org.jaxen.expr.DefaultMinusExpr.evaluate,0,4,4
org.jaxen.isNamespace,1,0,1
org.jaxen.expr.DefaultFunctionCallExpr.getText,2,13,15
org.jaxen.saxpath.base.Verifier.isXMLNCNameStartCharacter,0,1,1
org.jaxen.saxpath.base.Verifier.isXMLLetter,352,358,710
org.jaxen.expr.DefaultEqualityExpr.<init>,0,1,1
org.jaxen.expr.DefaultNumberExpr.getText,0,1,1
org.jaxen.expr.DefaultCommentNodeStep.<init>,0,1,1
org.jaxen.jdom.JDOMXPath.<init>,0,1,1
org.jaxen.saxpath.base.Token.toString,1,0,1
org.jaxen.xom.DocumentNavigator.isNamespace,1,0,1
org.jaxen.function.ext.EndsWithFunction.call,1,2,3
org.jaxen.QualifiedName.hashCode,0,1,1
org.jaxen.function.NormalizeSpaceFunction.call,0,5,5
org.jaxen.function.BooleanFunction.call,0,3,3
org.jaxen.xom.DocumentNavigator.getParentNode,1,0,1
org.jaxen.jdom.DocumentNavigator.getElementStringValue,14,0,14
org.jaxen.pattern.NameTest.getMatchType,0,1,1
org.jaxen.xom.DocumentNavigator.getAttributeStringValue,1,0,1
org.jaxen.expr.DefaultLiteralExpr.<init>,0,1,1
org.jaxen.util.FollowingAxisIterator.<init>,0,4,4
org.jaxen.util.PrecedingAxisIterator.next,0,9,9
org.jaxen.ContextSupport.<init>,0,4,4
org.jaxen.pattern.NamespaceTest.getPriority,0,1,1
org.jaxen.util.LinkedIterator.addIterator,1,0,1
org.jaxen.expr.PredicateSet.<init>,0,1,1
org.jaxen.BaseXPath.stringValueOf,0,5,5
org.jaxen.BaseXPath.createNamespaceContext,0,1,1
org.jaxen.expr.DefaultDivExpr.getOperator,0,1,1
org.jaxen.JaxenHandler.endLocationPath,0,3,3
org.jaxen.saxpath.base.XPathLexer.at,0,3,3
org.jaxen.dom.NamespaceNode.appendChild,2,0,2
org.jaxen.dom4j.DocumentNavigator.getAttributeName,0,2,2
org.jaxen.expr.DefaultPredicate.setExpr,0,1,1
org.jaxen.expr.DefaultXPathFactory.createNumberExpr,1,1,2
org.jaxen.xom.DocumentNavigator.getNamespaceURI,1,0,1
org.jaxen.saxpath.base.XPathReader.LT,0,4,4
org.jaxen.JaxenHandler.startFunction,0,2,2
org.jaxen.saxpath.base.XPathLexer.plus,0,3,3
org.jaxen.dom4j.DocumentNavigator.isElement,0,1,1
org.jaxen.jdom.DocumentNavigator.getInstance,0,1,1
org.jaxen.function.NumberFunction.call,0,5,5
org.jaxen.expr.DefaultCommentNodeStep.getText,0,1,1
org.jaxen.pattern.UnionPattern.setRHS,2,0,2
org.jaxen.JaxenHandler.pop,0,1,1
org.jaxen.expr.iter.IterableSelfAxis.iterator,0,1,1
org.jaxen.JaxenHandler.endAbsoluteLocationPath,0,1,1
org.jaxen.getObject,1,0,1
org.jaxen.saxpath.helpers.DefaultXPathHandler.endEqualityExpr,0,0,0
org.jaxen.getCommentStringValue,1,0,1
org.jaxen.expr.DefaultXPathExpr.simplify,0,1,1
org.jaxen.saxpath.helpers.DefaultXPathHandler.endFunction,0,0,0
org.jaxen.expr.DefaultAbsoluteLocationPath.<init>,0,0,0
org.jaxen.util.DescendantAxisIterator.next,1,7,8
org.jaxen.expr.DefaultLocationPath.getSteps,0,1,1
org.jaxen.pattern.NodeTypeTest.getText,16,0,16
org.jaxen.saxpath.helpers.DefaultXPathHandler.endMultiplicativeExpr,0,0,0
org.jaxen.saxpath.base.XPathLexer.getXPath,0,1,1
org.jaxen.dom.NamespaceNode.normalize,0,0,0
org.jaxen.dom.DocumentNavigator.getDocumentNode,0,2,2
org.jaxen.expr.NodeComparator.getDepth,0,5,5
org.jaxen.saxpath.base.XPathReader.LA,0,1,1
org.jaxen.util.StackedIterator.getNavigator,1,0,1
org.jaxen.expr.DefaultNumberExpr.getNumber,0,1,1
org.jaxen.util.AncestorOrSelfAxisIterator.remove,0,1,1
org.jaxen.jdom.DocumentNavigator.getNamespacePrefix,2,3,5
org.jaxen.dom4j.Dom4jXPath.<init>,0,1,1
org.jaxen.Context.translateNamespacePrefixToUri,0,1,1
org.jaxen.getProcessingInstructionTarget,1,0,1
org.jaxen.pattern.LocationPathPattern.setNodeTest,1,2,3
org.jaxen.pattern.PatternHandler.endUnionExpr,4,0,4
org.jaxen.expr.DefaultUnionExpr.evaluate,0,16,16
org.jaxen.saxpath.helpers.DefaultXPathHandler.endRelationalExpr,0,0,0
org.jaxen.dom4j.DocumentNavigator.getDocument,1,2,3
org.jaxen.function.CountFunction.<init>,0,0,0
org.jaxen.function.SubstringAfterFunction.<init>,0,0,0
org.jaxen.pattern.NodeTypeTest.getMatchType,0,1,1
org.jaxen.BaseXPath.getNavigator,0,1,1
org.jaxen.expr.DefaultNameStep.hasNamespace,0,1,1
org.jaxen.expr.iter.IterableAttributeAxis.namedAccessIterator,0,2,2
org.jaxen.ContextSupport.translateNamespacePrefixToUri,1,5,6
org.jaxen.expr.DefaultNameStep.<init>,0,5,5
org.jaxen.pattern.NamespaceTest.getMatchType,0,1,1
org.jaxen.saxpath.helpers.DefaultXPathHandler.startEqualityExpr,0,0,0
org.jaxen.ContextSupport.getFunction,1,3,4
org.jaxen.expr.DefaultStep.getAxis,0,1,1
org.jaxen.expr.DefaultExpr.simplify,0,1,1
org.jaxen.util.PrecedingSiblingAxisIterator.remove,0,1,1
org.jaxen.saxpath.base.XPathLexer.doubleColon,0,4,4
org.jaxen.FunctionContext.null,0,0,0
org.jaxen.saxpath.base.XPathLexer.slashes,0,11,11
org.jaxen.function.NotFunction.call,0,3,3
org.jaxen.BaseXPath.selectNodesForContext,0,2,2
org.jaxen.dom.NamespaceNode.getNodeType,0,1,1
org.jaxen.JaxenHandler.number,1,1,2
org.jaxen.function.CeilingFunction.call,0,3,3
org.jaxen.SimpleNamespaceContext.addNamespace,0,1,1
org.jaxen.expr.DefaultFilterExpr.getPredicateSet,0,1,1
org.jaxen.dom.DocumentNavigator.getProcessingInstructionTarget,0,4,4
org.jaxen.remove,1,0,1
org.jaxen.jdom.DocumentNavigator.isComment,1,0,1
org.jaxen.pattern.AnyChildNodeTest.getPriority,1,0,1
org.jaxen.saxpath.base.XPathLexer.equals,0,3,3
org.jaxen.saxpath.helpers.DefaultXPathHandler.startXPath,0,0,0
org.jaxen.dom4j.DocumentNavigator.getNodeType,1,2,3
org.jaxen.getElementName,1,0,1
org.jaxen.saxpath.base.Verifier.isXMLExtender,15,1,16
org.jaxen.xom.DocumentNavigator.remove,1,0,1
org.jaxen.expr.PredicateSet.addPredicate,0,3,3
org.jaxen.function.StringFunction.evaluate,1,34,35
org.jaxen.dom4j.DocumentNavigator.isDocument,0,1,1
org.jaxen.util.LinkedIterator.next,3,0,3
org.jaxen.pattern.Pattern.simplify,1,0,1
org.jaxen.expr.DefaultXPathExpr.getRootExpr,0,1,1
org.jaxen.saxpath.base.Token.getTokenEnd,0,1,1
org.jaxen.saxpath.base.XPathReader.filterExpr,0,22,22
org.jaxen.function.LastFunction.evaluate,0,1,1
org.jaxen.expr.DefaultXPathExpr.<init>,0,1,1
org.jaxen.expr.DefaultRelationalExpr.evaluateObjectObject,2,5,7
org.jaxen.pattern.NamespaceTest.toString,1,0,1
org.jaxen.saxpath.helpers.DefaultXPathHandler.startAbsoluteLocationPath,0,0,0
org.jaxen.saxpath.base.XPathReader.additiveExpr,0,17,17
org.jaxen.expr.DefaultTruthExpr.toString,1,0,1
org.jaxen.pattern.NamespaceTest.getText,1,0,1
org.jaxen.saxpath.base.XPathReader.abbrStep,0,13,13
org.jaxen.function.NumberFunction.<init>,0,0,0
org.jaxen.xom.DocumentNavigator.getParentAxisIterator,6,0,6
org.jaxen.pattern.LocationPathPattern.matches,31,0,31
org.jaxen.pattern.LocationPathPattern.setParentPattern,0,1,1
org.jaxen.saxpath.helpers.DefaultXPathHandler.startProcessingInstructionNodeStep,0,0,0
org.jaxen.JaxenHandler.startXPath,0,2,2
org.jaxen.expr.DefaultStep.addPredicate,0,1,1
org.jaxen.expr.DefaultPredicate.simplify,0,1,1
org.jaxen.JaxenHandler.getXPathExpr,0,5,5
org.jaxen.JaxenHandler.endAdditiveExpr,0,4,4
org.jaxen.util.FollowingAxisIterator.next,0,3,3
org.jaxen.dom.NamespaceNode.getFeature,0,1,1
org.jaxen.dom.DocumentNavigator.getAttributeQName,0,5,5
org.jaxen.pattern.Pattern.getPriority,1,0,1
org.jaxen.expr.DefaultPlusExpr.evaluate,0,4,4
org.jaxen.saxpath.Operator.null,0,0,0
org.jaxen.DefaultNavigator.getNodeType,7,8,15
org.jaxen.SimpleNamespaceContext.translateNamespacePrefixToUri,0,3,3
org.jaxen.dom.NamespaceNode.disallowModification,0,1,1
org.jaxen.pattern.NoNodeTest.getInstance,1,0,1
org.jaxen.function.FloorFunction.call,0,3,3
org.jaxen.saxpath.base.XPathReader.pathExpr,0,36,36
org.jaxen.JaxenException.<init>,0,3,3
org.jaxen.dom.DocumentNavigator.getNamespaceStringValue,1,1,2
org.jaxen.getElementQName,1,0,1
org.jaxen.function.ContainsFunction.evaluate,0,3,3
org.jaxen.expr.DefaultLocationPath.evaluate,0,14,14
org.jaxen.expr.UnaryExpr.null,0,0,0
org.jaxen.pattern.PatternParser.convertStep,7,26,33
org.jaxen.getInstance,1,0,1
org.jaxen.util.DescendantOrSelfAxisIterator.<init>,0,1,1
org.jaxen.dom.NamespaceNode.getNodeValue,0,1,1
org.jaxen.saxpath.base.XPathLexer.literal,0,9,9
org.jaxen.JaxenHandler.endPathExpr,0,14,14
org.jaxen.expr.DefaultStep.getAxisName,0,1,1
org.jaxen.dom.DocumentNavigator.getParentAxisIterator,0,3,3
org.jaxen.dom4j.DocumentNavigator.getElementNamespaceUri,1,4,5
org.jaxen.pattern.UnionPattern.matches,1,0,1
org.jaxen.dom.DocumentNavigator.isXPathNode,4,6,10
org.jaxen.xom.DocumentNavigator.getNamespaceAxisIterator,18,0,18
org.jaxen.QualifiedName.<init>,0,3,3
org.jaxen.expr.DefaultTruthExpr.isBoolean,0,1,1
org.jaxen.saxpath.helpers.DefaultXPathHandler.startTextNodeStep,0,0,0
org.jaxen.JaxenHandler.startAndExpr,0,0,0
org.jaxen.expr.Expr.null,0,0,0
org.jaxen.expr.ProcessingInstructionNodeStep.null,0,0,0
org.jaxen.xom.DocumentNavigator.XPathNamespace,3,0,3
org.jaxen.xom.DocumentNavigator.translateNamespacePrefixToUri,11,0,11
org.jaxen.parseXPath,1,0,1
org.jaxen.saxpath.base.XPathLexer.and,0,7,7
org.jaxen.expr.DefaultUnaryExpr.<init>,0,1,1
org.jaxen.saxpath.helpers.DefaultXPathHandler.startPredicate,0,0,0
org.jaxen.function.SubstringBeforeFunction.evaluate,0,6,6
org.jaxen.function.ConcatFunction.<init>,0,0,0
org.jaxen.expr.PredicateSet.getText,0,7,7
org.jaxen.saxpath.base.Token.setParseText,0,1,1
org.jaxen.JaxenHandler.pushFrame,0,1,1
org.jaxen.expr.DefaultEqualityExpr.toString,1,0,1
org.jaxen.saxpath.base.XPathLexer.leftParen,0,3,3
org.jaxen.expr.DefaultCommentNodeStep.toString,1,0,1
org.jaxen.expr.DefaultLocationPath.simplify,0,6,6
org.jaxen.saxpath.base.XPathReader.nodeTypeTest,0,28,28
org.jaxen.DefaultNavigator.getAttributeAxisIterator,1,0,1
org.jaxen.saxpath.base.XPathLexer.minus,0,3,3
org.jaxen.expr.iter.IterableAxis.namedAccessIterator,0,1,1
org.jaxen.saxpath.base.XPathReader.throwInvalidAxis,0,4,4
org.jaxen.expr.DefaultNameStep.matchesNamespaceURIs,1,6,7
org.jaxen.DefaultNavigator.getDocumentNode,1,0,1
org.jaxen.function.IdFunction.call,0,3,3
org.jaxen.NamedAccessNavigator.null,0,0,0
org.jaxen.pattern.Pattern.getUnionPatterns,1,0,1
org.jaxen.saxpath.base.XPathReader.nodeTest,0,16,16
org.jaxen.util.StackedIterator.pushIterator,2,0,2
org.jaxen.expr.DefaultVariableReferenceExpr.toString,0,1,1
org.jaxen.expr.DefaultLocationPath.addStep,0,1,1
org.jaxen.SimpleFunctionContext.<init>,0,1,1
org.jaxen.dom.DocumentNavigator.hasNext,0,2,2
org.jaxen.expr.DefaultModExpr.evaluate,0,4,4
org.jaxen.function.TrueFunction.<init>,0,0,0
org.jaxen.util.LinkedIterator.hasNext,8,0,8
org.jaxen.ContextSupport.setNamespaceContext,0,1,1
org.jaxen.expr.DefaultUnaryExpr.getExpr,0,1,1
org.jaxen.dom.NamespaceNode.removeChild,2,0,2
org.jaxen.util.StackedIterator.<init>,5,0,5
org.jaxen.function.TranslateFunction.isHighSurrogate,0,1,1
org.jaxen.util.SingleObjectIterator.next,0,4,4
org.jaxen.expr.DefaultNameStep.getText,0,5,5
org.jaxen.saxpath.base.XPathLexer.setXPath,0,3,3
org.jaxen.pattern.AnyNodeTest.matches,1,0,1
org.jaxen.XPathFunctionContext.registerXSLTFunctions,0,1,1
org.jaxen.dom.DocumentNavigator.getDocument,3,5,8
org.jaxen.dom.DocumentNavigator.isComment,0,1,1
org.jaxen.dom4j.DocumentNavigator.isProcessingInstruction,0,1,1
org.jaxen.saxpath.base.XPathReader.unaryExpr,0,10,10
org.jaxen.saxpath.base.XPathReader.setUpParse,0,2,2
org.jaxen.saxpath.helpers.DefaultXPathHandler.startUnionExpr,0,0,0
org.jaxen.function.SubstringFunction.<init>,0,0,0
org.jaxen.saxpath.helpers.DefaultXPathHandler.endCommentNodeStep,0,0,0
org.jaxen.expr.DefaultNotEqualsExpr.<init>,0,1,1
org.jaxen.xom.DocumentNavigator.getDocumentNode,6,0,6
org.jaxen.JaxenHandler.endXPath,0,2,2
org.jaxen.expr.DefaultAllNodeStep.<init>,0,1,1
org.jaxen.jdom.DocumentNavigator.getElementNamespaceUri,1,4,5
org.jaxen.saxpath.base.XPathLexer.star,0,4,4
org.jaxen.expr.DefaultAndExpr.<init>,0,1,1
org.jaxen.expr.DefaultUnaryExpr.evaluate,0,2,2
org.jaxen.jdom.DocumentNavigator.getDocument,4,0,4
org.jaxen.DefaultNavigator.getParentNode,1,3,4
org.jaxen.expr.XPathExpr.null,0,0,0
org.jaxen.expr.DefaultAbsoluteLocationPath.getText,0,1,1
org.jaxen.expr.NodeComparator.<init>,0,1,1
org.jaxen.saxpath.SAXPathException.initCause,2,5,7
org.jaxen.xom.DocumentNavigator.addNamespaceForElement,4,0,4
org.jaxen.DefaultNavigator.getPrecedingSiblingAxisIterator,0,1,1
org.jaxen.dom.NamespaceNode.isSupported,1,0,1
org.jaxen.expr.PredicateSet.getPredicates,0,1,1
org.jaxen.expr.DefaultNumberExpr.<init>,0,1,1
org.jaxen.expr.iter.IterableFollowingSiblingAxis.iterator,0,1,1
org.jaxen.pattern.UnionPattern.toString,1,0,1
org.jaxen.expr.iter.IterableChildAxis.iterator,0,1,1
org.jaxen.function.TranslateFunction.evaluate,0,26,26
org.jaxen.dom4j.DocumentNavigator.getCommentStringValue,2,0,2
org.jaxen.expr.DefaultPredicate.evaluate,0,1,1
